test/HelianthusTinyTest/asciifiles/alt.asc
ncols  170
nrows  166
xllcorner  -106.083333333333
yllcorner  39.5916666666667
cellsize 0.00833333333332943
NODATA_value  -9999
[rows 76 to 113 of 166, columns 0 to 83 of 170]
2816 2814 2875 2833 2819 2865 2852 2858 2976 2895 2884 2942 3095 3294 3589 3616 3404 3202 3125 3099 3032 2961 2982 2995 2901 2778 2683 2684 2847 2960 2943 2916 2971 3064 3168 3408 3560 3552 3609 3287 3273 3604 3572 3402 3371 3377 3226 3145 2953 3054 3041 3047 2965 2867 2742 2750 2628 2590 2621 2607 2490 2445 2469 2621 2772 2615 2468 2447 2428 2385 2427 2714 2636 2568 2545 2522 2469 2413 2390 2580 2653 2708 2624 2557
2784 2839 2878 2849 2815 2876 2819 2785 2776 2783 2826 2882 3031 3175 3330 3451 3446 3442 3304 3225 3138 3045 2966 2835 2824 2702 2680 2681 2772 2800 2956 2944 3009 3024 3064 3174 3233 3344 3384 3229 3206 3375 3525 3595 3633 3624 3446 3157 3176 3165 3149 3107 3001 2950 2893 2881 2759 2677 2635 2659 2524 2490 2493 2530 2746 2736 2560 2463 2432 2453 2455 2571 2728 2716 2619 2560 2551 2413 2330 2462 2579 2603 2534 2493
2809 2796 2791 2923 2820 2730 2807 2903 2955 2935 2823 2827 2945 3034 3163 3178 3284 3459 3386 3232 3230 3225 3103 3007 2854 2792 2673 2678 2713 2816 2905 2991 2948 2879 2946 2902 2949 3092 3057 3460 3369 3449 3522 3628 3682 3705 3734 3230 3244 3281 3139 3019 2995 2939 2830 2712 2690 2653 2670 2692 2627 2621 2718 2603 2701 2799 2551 2483 2550 2586 2537 2581 2625 2792 2686 2620 2598 2557 2555 2380 2374 2420 2546 2473
2811 2751 2743 2700 2767 2796 2878 2910 3114 3124 2913 2933 2881 2907 2969 3045 3151 3406 3435 3380 3344 3259 3153 3042 2961 2821 2668 2667 2667 2791 2851 2924 2864 2971 3176 3208 3219 3246 3289 3452 3587 3547 3366 3628 3487 3704 3594 3616 3565 3365 3133 3050 2918 2817 2773 2790 2787 2752 2744 2700 2771 2878 2866 2775 2709 2781 2621 2719 2840 2856 2794 2717 2700 2852 2838 2658 2650 2654 2603 2483 2367 2249 2288 2449
2824 2748 2726 2764 2793 2858 2871 2961 3065 3071 2995 2977 2905 2923 2921 2995 3112 3342 3286 3319 3265 3193 3062 2995 2918 2850 2723 2669 2661 2782 2937 3070 2857 3007 3231 3390 3302 3344 3388 3367 3462 3506 3328 3309 3443 3664 3697 3750 3699 3315 3166 3049 2936 2798 2888 2996 2955 2970 2976 2982 2915 3087 2990 2855 2741 2762 2881 3086 2998 2966 2800 2726 2859 2818 2786 2680 2619 2615 2583 2662 2587 2558 2346 2208
2874 2760 2752 2781 2803 2854 2896 3008 3117 3159 3117 3117 3063 2997 2990 3060 3189 3310 3313 3192 3096 3042 2959 2966 2941 2769 2663 2662 2676 2787 2951 3059 2860 3020 3159 3370 3339 3202 3161 3227 3266 3341 3272 3248 3457 3565 3623 3666 3398 3475 3360 3123 3044 3012 3175 3060 3187 3292 3284 3244 3133 3170 3119 2938 2788 2823 3086 3248 3144 2997 2802 2801 2770 2736 2620 2570 2623 2651 2662 2731 2689 2670 2548 2267
2734 2893 2857 2782 2833 2915 2953 2986 3068 3254 3230 3221 3184 3135 3049 3101 3279 3352 3339 3278 3149 3026 2968 2856 2875 2794 2743 2662 2666 2714 2834 2978 2859 3072 3233 3177 3148 3071 2888 2853 2893 2843 2858 3240 3512 3335 3499 3654 3573 3318 3210 3407 3484 3059 3360 3206 3256 3464 3563 3458 3204 3051 2973 2831 2770 2826 3026 3311 3292 3108 2741 2672 2650 2558 2537 2508 2530 2540 2562 2690 2730 2649 2528 2404
2751 2753 2902 2883 2918 2919 3010 3047 3177 3341 3414 3371 3316 3255 3188 3193 3253 3310 3331 3229 3113 3009 2961 2878 2785 2746 2651 2654 2660 2665 2754 2797 2806 3048 3080 3137 3154 2889 2755 2954 3110 3243 2962 2948 3211 3399 3624 3746 3756 3451 3466 3826 3464 3156 3486 3502 3480 3554 3624 3447 3283 3093 2931 2799 2749 2731 2908 3132 3308 3072 2801 2687 2547 2519 2482 2467 2467 2429 2516 2590 2637 2553 2298 2179
2793 2713 2747 2814 2845 2929 3097 3199 3259 3410 3485 3409 3319 3192 3126 3096 3060 3137 3205 3082 2965 2909 2938 2843 2779 2702 2643 2648 2658 2649 2680 2752 2809 2877 2955 2921 2821 2751 2861 3168 3307 3280 3417 3110 2970 3449 3577 3851 3830 3650 3770 3634 3491 3231 3506 3792 3839 3707 3513 3399 3319 3139 2996 2800 2750 2719 2764 2967 3121 3078 2885 2811 2696 2522 2460 2459 2419 2450 2331 2442 2372 2339 2176 2287
2678 2774 2810 2855 2917 2934 3074 3240 3364 3435 3310 3345 3281 3192 3090 3041 3015 3061 3135 3163 3075 2894 2799 2795 2728 2638 2640 2646 2654 2655 2665 2681 2677 2811 2705 2611 2623 2949 3066 3313 3511 3501 3290 3322 3134 3003 3246 3504 3815 3862 3956 3807 3541 3416 3550 3931 3892 3707 3522 3409 3233 3170 3026 2859 2735 2701 2666 2729 2869 3062 2896 2915 2644 2467 2468 2514 2421 2409 2299 2292 2323 2262 2381 2437
2661 2723 2771 2762 2879 2997 3077 3233 3376 3368 3301 3238 3149 3102 3053 3021 3006 2975 3011 3126 3137 3020 2798 2760 2682 2653 2648 2647 2636 2624 2602 2565 2585 2601 2603 2831 3019 3159 3226 3336 3450 3593 3633 3283 3312 3338 3176 3162 3306 3378 3521 3665 3730 3631 3644 4000 4064 3634 3808 3634 3439 3181 2909 2821 2759 2668 2664 2624 2694 2745 2772 2683 2621 2493 2411 2386 2398 2384 2471 2415 2371 2328 2317 2567
2675 2610 2848 2879 2851 2946 3065 3154 3253 3253 3193 3155 3065 3046 3017 2977 3061 3045 2955 2941 3048 3006 2900 2805 2694 2632 2649 2649 2629 2554 2562 2554 2555 2554 2777 2897 3022 3034 3131 3311 3451 3429 3582 3620 3572 3471 3377 3188 3702 3568 3696 3698 3581 3937 3852 3686 3845 4014 3857 3577 3286 3072 2838 2818 2713 2660 2625 2580 2546 2652 2654 2716 2593 2483 2433 2462 2450 2552 2564 2484 2324 2370 2275 2520
2770 2657 2690 2846 2876 2908 3004 3082 3185 3129 3057 3001 2989 2915 2997 2876 2959 2912 2861 2793 2891 2916 2868 2876 2609 2616 2621 2639 2554 2554 2555 2705 2556 2568 2606 2643 2617 2747 3032 3208 3307 3257 3356 3382 3554 3625 3397 3527 3833 3978 4029 3507 3518 3490 3586 3412 3549 3529 3610 3603 3450 3184 2954 2830 2736 2657 2604 2579 2579 2510 2558 2651 2641 2510 2472 2508 2540 2545 2511 2460 2297 2236 2153 2175
2839 2683 2643 2703 2875 2852 2992 3053 3025 3027 2928 2882 2903 2833 2818 2822 2845 2837 2731 2729 2672 2731 2766 2752 2678 2596 2604 2588 2555 2554 2784 2821 2897 2866 2645 2645 2851 2645 2654 2886 2920 3025 3025 3193 3209 3292 3387 3419 3625 3773 3604 3416 3378 3388 3481 3475 3346 3247 3300 3418 3315 3147 2991 2899 2749 2665 2587 2640 2670 2579 2540 2533 2615 2545 2570 2606 2521 2502 2514 2371 2146 2121 2046 2069
2798 2745 2734 2627 2765 2830 2978 2932 2942 2974 2858 2768 2859 2852 2740 2716 2809 2748 2700 2650 2633 2619 2722 2660 2651 2593 2590 2555 2554 2556 2639 2747 2799 2999 3071 3056 2994 3081 3154 3026 2931 3176 3538 3407 3414 3271 3269 3167 3314 3622 3598 3452 3223 3228 3261 3399 3392 3219 3118 3085 3048 3025 3004 2803 2694 2542 2540 2515 2601 2573 2596 2544 2506 2481 2402 2488 2503 2346 2488 2336 2147 2197 2025 1956
2803 2849 2763 2612 2726 2705 2810 2745 2908 2917 2736 2711 2927 2769 2659 2653 2844 2726 2608 2603 2655 2627 2611 2645 2610 2603 2614 2564 2556 2573 2589 2687 2820 2953 3112 3291 3141 3134 3249 3223 2946 3072 3445 3425 3513 3576 3558 3481 3397 3697 3442 3394 3293 3154 3060 3098 3001 3137 3087 3003 2954 2899 2586 2584 2574 2541 2582 2545 2525 2554 2472 2380 2374 2345 2381 2241 2326 2204 2266 2259 2135 2267 2073 1968
2880 2822 2723 2820 2595 2635 2667 2801 2885 2756 2665 2796 2750 2681 2614 2650 2776 2693 2605 2583 2570 2603 2582 2585 2576 2586 2583 2588 2558 2547 2588 2689 2728 2804 2989 3182 3229 3190 3278 3372 3153 3134 3169 3233 3444 3559 3614 3777 3773 3825 3806 3610 3439 3268 3131 3020 2952 2905 2916 2876 2693 2708 2741 2725 2665 2651 2577 2542 2524 2482 2510 2612 2655 2600 2517 2546 2426 2333 2451 2225 2117 2036 2139 2188
2897 2801 2852 2910 2911 2711 2636 2758 2804 2647 2749 2807 2639 2612 2619 2647 2756 2729 2596 2578 2554 2550 2557 2580 2542 2572 2559 2649 2671 2627 2547 2637 2711 2777 2833 2828 2996 3231 3297 3372 3370 3384 3359 3087 3195 3337 3457 3600 3712 3619 3643 3529 3343 3195 3057 3138 3075 3075 2801 2787 2698 2990 3058 2885 2749 2661 2616 2586 2550 2484 2627 2625 2612 2781 2679 2696 2459 2369 2346 2264 2223 2275 2345 2441
2807 2822 2962 2952 2962 2767 2662 2535 2597 2566 2770 2714 2560 2690 2755 2687 2687 2655 2661 2580 2571 2551 2540 2569 2527 2531 2525 2570 2662 2732 2674 2532 2642 2697 2786 2806 2901 3044 3180 3278 3345 3518 3682 3362 3256 3247 3385 3374 3661 3694 3553 3369 3553 3580 3417 3298 3187 3126 3022 3048 3123 3255 3186 3025 2856 2817 2597 2561 2530 2500 2588 2558 2526 2479 2467 2438 2422 2347 2270 2307 2310 2363 2430 2453
3012 3051 3025 3065 2965 2868 2872 2708 2523 2519 2551 2560 2553 2644 2689 2710 2699 2618 2558 2578 2543 2539 2532 2524 2523 2524 2524 2547 2585 2650 2687 2526 2528 2780 2843 3006 2920 3066 3086 3123 3380 3397 3585 3460 3489 3230 3390 3541 3800 3811 3696 3701 3790 3763 3533 3278 3211 3099 3089 3115 3259 3419 3325 3126 3065 2908 2676 2634 2734 2650 2674 2675 2556 2478 2475 2512 2495 2387 2347 2308 2367 2471 2500 2477
3071 3095 3082 3093 3084 3022 2903 2726 2614 2561 2508 2501 2579 2593 2655 2673 2704 2578 2538 2521 2556 2550 2525 2524 2524 2524 2524 2524 2525 2585 2646 2547 2636 2713 2839 3005 3163 3355 3327 3464 3459 3311 3464 3705 3581 3410 3278 3535 3825 3906 3704 3508 3537 3394 3320 3276 3159 3151 3328 3220 3308 3403 3299 3139 2973 2826 2705 2789 2922 2912 2816 2764 2617 2509 2505 2478 2400 2364 2317 2298 2211 2271 2290 2275
2996 2930 3013 2947 3047 3025 2825 2768 2754 2583 2537 2494 2490 2560 2619 2640 2620 2589 2523 2509 2624 2631 2524 2524 2524 2524 2524 2524 2524 2582 2524 2524 2667 2708 2803 2934 3148 3286 3426 3520 3617 3241 3313 3408 3518 3580 3584 3372 3506 3800 3643 3406 3410 3247 3218 3441 3471 3360 3515 3686 3517 3435 3333 3151 2974 2839 2849 2979 3071 2867 2718 2630 2565 2533 2481 2412 2394 2458 2413 2392 2320 2241 2299 2274
3042 3084 2790 2783 2877 3061 3019 2881 2857 2680 2555 2490 2505 2480 2587 2547 2544 2528 2500 2485 2511 2680 2644 2525 2524 2524 2524 2524 2524 2524 2524 2644 2657 2689 2739 2796 3011 3169 3257 3329 3282 3099 3148 3269 3432 3520 3541 3392 3340 3608 3774 3615 3518 3382 3248 3186 3135 3320 3508 3421 3340 3372 3260 3166 3119 2974 3069 3170 2982 2784 2700 2626 2533 2466 2472 2488 2568 2568 2501 2398 2382 2402 2403 2386
2901 3000 2930 2829 2786 2911 2972 2873 2810 2616 2591 2701 2594 2543 2526 2480 2478 2469 2448 2473 2508 2529 2646 2524 2524 2516 2524 2524 2524 2523 2523 2525 2524 2725 2729 2774 2854 3005 3155 3071 2994 3069 3316 3383 3430 3341 3184 3274 3417 3483 3618 3758 3629 3632 3564 3402 3206 3062 3170 3259 3128 3045 3049 3115 2971 3099 3057 2972 2924 2789 2723 2628 2528 2487 2556 2614 2586 2499 2523 2546 2455 2448 2433 2384
2891 2869 2848 2690 2672 2891 2985 2819 2707 2683 2582 2701 2746 2699 2595 2630 2554 2546 2444 2461 2508 2499 2509 2519 2518 2494 2505 2524 2524 2523 2523 2524 2524 2525 2525 2525 2673 2799 2833 2958 3215 3263 3338 3458 3097 3104 3316 3409 3283 3378 3648 3406 3381 3430 3610 3483 3297 3137 2997 2965 2988 2907 2880 2856 2967 2859 2869 2825 2725 2703 2686 2704 2663 2690 2659 2627 2580 2537 2590 2546 2504 2520 2478 2441
2835 2654 2881 2717 2615 2848 2976 2786 2645 2636 2524 2582 2663 2668 2579 2547 2500 2556 2533 2435 2457 2486 2476 2496 2554 2510 2518 2602 2600 2524 2526 2624 2701 2532 2524 2524 2524 2524 2595 3018 3088 3231 3376 3466 3049 3246 3358 3235 3265 2936 3184 3283 3268 3346 3583 3447 3327 3233 3104 3064 3001 3004 2967 2924 2854 2892 2757 2648 2631 2618 2655 2672 2674 2648 2677 2658 2611 2569 2608 2605 2448 2328 2303 2486
2694 2616 2613 2595 2561 2755 2691 2714 2560 2547 2477 2479 2533 2526 2537 2497 2475 2466 2470 2419 2432 2435 2439 2514 2621 2634 2539 2551 2624 2688 2628 2680 2818 2741 2687 2746 2666 2743 2534 2545 2893 3126 3220 3142 2954 3042 3256 2987 2877 2916 2929 3015 3206 3473 3617 3449 3371 3243 3126 3331 3184 3078 2994 2954 2893 2877 2861 2794 2775 2758 2724 2678 2639 2597 2583 2592 2595 2603 2589 2594 2552 2363 2220 2301
2678 2651 2633 2614 2523 2644 2670 2532 2470 2450 2388 2429 2460 2490 2449 2426 2426 2414 2420 2426 2430 2497 2503 2527 2576 2644 2625 2558 2609 2659 2737 2793 2896 2982 2896 2861 2838 2815 2756 2552 2549 2873 3002 2876 2761 2817 2832 2792 3117 3359 3364 3228 3184 3647 3523 3347 3368 3515 3479 3349 3203 3130 2988 2939 2911 2888 2847 2791 2799 2716 2669 2694 2657 2683 2727 2658 2660 2599 2517 2456 2392 2270 2228 2165
2508 2466 2478 2642 2432 2413 2374 2375 2378 2383 2437 2389 2391 2395 2400 2403 2408 2415 2419 2493 2495 2494 2515 2528 2574 2601 2667 2638 2602 2676 2730 2785 2815 2788 2854 2856 2818 2819 2798 2731 2546 2547 2621 2622 2778 2771 3022 2775 3234 3371 3513 3436 3274 3607 3496 3565 3844 3757 3634 3468 3361 3223 3159 3052 3013 2979 2943 2907 2814 2768 2704 2698 2700 2742 2707 2654 2621 2583 2498 2584 2567 2426 2337 2270
2486 2463 2359 2361 2366 2371 2372 2514 2550 2529 2570 2430 2394 2397 2403 2406 2452 2458 2461 2492 2496 2513 2521 2529 2536 2596 2694 2744 2621 2635 2765 2808 2736 2846 2922 2874 3028 3022 2847 2827 2799 2610 2637 2832 3098 3299 3125 3198 2980 3059 3370 3465 3416 3656 3623 3772 3811 3626 3554 3509 3344 3282 3211 3117 3081 3002 2964 2926 2857 2830 2789 2746 2709 2715 2651 2659 2579 2571 2559 2617 2690 2602 2467 2329
2407 2361 2357 2432 2406 2570 2583 2648 2637 2642 2688 2548 2470 2438 2404 2410 2417 2460 2464 2470 2499 2517 2525 2533 2544 2551 2651 2784 2697 2674 2675 2687 2697 2759 2801 2942 3054 3067 3095 3049 2936 2821 2650 2676 3037 3235 3470 3400 3287 3243 3070 3314 3341 3645 3673 3529 3446 3387 3272 3289 3213 3186 3124 3090 3064 3011 2985 2991 2872 2835 2797 2747 2736 2685 2667 2657 2634 2606 2619 2638 2699 2653 2533 2511
2385 2493 2507 2470 2525 2584 2675 2758 2723 2782 2803 2630 2535 2478 2444 2411 2419 2423 2429 2434 2439 2445 2448 2560 2534 2495 2597 2714 2739 2653 2746 2764 2781 2909 2954 2943 2943 3027 3120 3185 3160 3028 2985 2833 2729 3074 3348 3579 3435 3396 3211 3351 3445 3711 3754 3557 3533 3388 3381 3216 3196 3160 3138 3117 3106 3106 3044 2963 2922 2866 2787 2788 2756 2745 2668 2630 2625 2485 2461 2439 2449 2462 2354 2279
2394 2430 2535 2612 2642 2625 2661 2762 2845 2800 2755 2670 2548 2480 2462 2459 2448 2435 2438 2445 2456 2604 2470 2456 2617 2660 2795 2645 2641 2768 2884 2882 2798 2816 2915 2933 2990 2957 3032 3125 3107 3086 3017 3116 3062 2813 3238 3463 3710 3461 3279 3197 3761 3821 3616 3330 3341 3289 3256 3274 3264 3250 3250 3234 3211 3192 3107 2931 2842 2826 2795 2709 2667 2694 2599 2511 2460 2444 2426 2360 2381 2272 2438 2606
2512 2431 2469 2542 2598 2815 2831 2836 2878 2868 2860 2728 2664 2554 2480 2469 2443 2440 2450 2449 2530 2516 2478 2583 2537 2644 2810 2812 2794 2898 2967 2988 2830 2794 2926 3057 3099 3123 3123 3089 3097 3108 3074 3177 3181 3050 2856 3504 3695 3532 3668 3563 3781 3619 3524 3637 3382 3438 3447 3442 3402 3302 3249 3387 3330 3182 2974 2799 2792 2801 2722 2629 2589 2488 2540 2539 2561 2655 2668 2579 2538 2574 2401 2468
2617 2596 2588 2628 2648 2663 2774 2959 2983 2880 2811 2798 2764 2661 2514 2468 2467 2469 2453 2446 2584 2524 2591 2641 2571 2674 2748 2756 2803 2876 2897 2985 2870 2851 2932 3030 3094 3111 3115 3053 3052 3084 3118 3309 3384 3204 2984 3124 3444 3447 3490 3795 3892 3793 3624 3568 3578 3569 3608 3515 3483 3456 3459 3476 3214 3125 2924 2880 2752 2677 2685 2698 2656 2647 2647 2615 2644 2640 2656 2543 2515 2462 2343 2310
2855 2776 2759 2828 2858 2853 2722 2686 2659 2624 2674 2707 2706 2595 2525 2465 2477 2463 2536 2594 2634 2545 2617 2606 2689 2697 2761 2791 2836 2865 2934 2936 2843 2823 2860 2927 2992 3060 3095 3144 3110 3076 3085 3157 3257 3381 3265 3044 3022 3200 3300 3354 3590 3829 3812 3776 3571 3358 3335 3401 3345 3339 3399 3244 3097 3036 2949 2882 2837 2777 2755 2719 2671 2656 2593 2626 2480 2529 2444 2403 2456 2387 2296 2181
2753 2846 2888 2959 2993 2976 2825 2658 2604 2591 2540 2594 2559 2494 2492 2478 2487 2463 2537 2684 2712 2607 2734 2680 2572 2783 2733 2740 2766 2827 2857 2847 2790 2777 2804 2860 2954 3060 3121 3213 3112 3117 3104 3149 3266 3481 3385 3309 3196 3191 3552 3599 3474 3606 3429 3728 3663 3524 3291 3221 3220 3205 3162 3129 3033 2947 2866 2793 2798 2794 2757 2585 2495 2469 2397 2406 2374 2383 2370 2228 2272 2232 2200 2184
2780 2778 2830 2881 2965 2974 2924 2752 2628 2561 2526 2525 2517 2516 2517 2510 2499 2489 2497 2645 2666 2737 2779 2790 2719 2605 2672 2644 2761 2823 2857 2725 2829 2804 2799 2886 2979 3099 3186 3209 3166 3143 3193 3226 3187 3299 3437 3512 3345 3257 3369 3834 3826 3695 3494 3292 3254 3208 3143 3127 3127 3132 3137 3133 3064 2936 2848 2776 2805 2808 2754 2749 2595 2484 2534 2606 2592 2447 2434 2597 2452 2420 2335 2310
