test/HelianthusTinyTest/asciifiles/alt.asc
ncols  170
nrows  166
xllcorner  -106.083333333333
yllcorner  39.5916666666667
cellsize 0.00833333333332943
NODATA_value  -9999
[rows 0 to 37 of 166, columns 84 to 167 of 170]
2177 2188 2119 2189 2255 2261 2263 2190 2159 2210 2224 2246 2247 2243 2231 2220 2230 2210 2187 2164 2171 2134 2077 2004 1965 1969 1995 2013 2164 2073 2017 2023 1973 1974 1969 1967 1962 1951 1919 1932 1919 1930 1920 1907 1901 1895 1892 1886 1885 1871 1857 1859 1849 1832 1821 1825 1839 1830 1821 1823 1851 1857 1837 1842 1839 1857 1866 1865 1854 1836 1830 1827 1828 1845 1876 1882 1876 1889 1882 1878 1854 1831 1816 1815
2157 2132 2127 2141 2245 2208 2216 2171 2138 2196 2221 2222 2225 2245 2236 2199 2190 2205 2176 2166 2139 2147 2057 1993 1951 1966 1963 2002 2107 2057 1976 1971 1954 1943 1950 1938 1953 1933 1912 1898 1882 1891 1904 1895 1887 1878 1878 1875 1870 1876 1860 1843 1836 1828 1817 1820 1814 1816 1813 1821 1837 1818 1833 1839 1839 1831 1842 1832 1828 1818 1814 1805 1807 1842 1847 1837 1837 1849 1851 1837 1844 1849 1823 1819
2186 2185 2114 2138 2176 2141 2169 2127 2150 2178 2193 2211 2222 2244 2235 2226 2244 2165 2188 2143 2095 2100 1998 1962 1938 1925 1908 2004 2094 2077 1995 1933 1928 1944 1917 1922 1920 1920 1911 1888 1874 1867 1893 1880 1875 1870 1864 1863 1864 1862 1854 1846 1829 1832 1807 1805 1809 1809 1803 1799 1804 1810 1843 1850 1837 1821 1833 1830 1813 1807 1796 1789 1803 1826 1815 1833 1835 1840 1833 1831 1825 1843 1838 1854
2168 2161 2075 2145 2126 2108 2122 2132 2148 2164 2181 2191 2195 2209 2208 2207 2218 2197 2180 2171 2127 2119 1970 1934 1935 1958 1898 1937 2070 2081 2025 1920 1881 1886 1874 1866 1885 1896 1894 1881 1858 1854 1857 1852 1865 1857 1855 1850 1848 1855 1845 1839 1832 1822 1799 1802 1806 1800 1794 1792 1794 1801 1812 1834 1825 1806 1798 1794 1778 1783 1782 1777 1787 1791 1791 1788 1793 1779 1792 1786 1805 1829 1846 1841
2127 2099 2080 2126 2058 2069 2113 2109 2113 2134 2156 2159 2166 2173 2195 2190 2223 2212 2184 2163 2130 2115 2011 1919 1910 2105 1932 1881 2032 2005 1982 1914 1873 1861 1851 1849 1856 1864 1896 1875 1849 1839 1853 1853 1849 1849 1845 1839 1840 1834 1833 1831 1825 1816 1802 1790 1803 1794 1788 1783 1791 1798 1815 1820 1796 1778 1781 1779 1767 1757 1765 1770 1790 1786 1766 1764 1756 1753 1757 1769 1785 1820 1857 1838
2140 2151 2105 2049 2070 2103 2087 2091 2102 2107 2122 2125 2141 2150 2145 2171 2181 2176 2164 2140 2097 2027 1937 1911 1881 1989 1896 1869 2050 1990 1920 1881 1845 1841 1831 1829 1835 1837 1836 1825 1819 1827 1841 1857 1854 1840 1833 1828 1824 1822 1814 1819 1817 1814 1807 1784 1780 1787 1774 1774 1772 1783 1792 1783 1775 1769 1779 1778 1776 1751 1751 1759 1763 1749 1761 1755 1745 1742 1752 1753 1762 1744 1765 1804
2138 2044 2026 2038 2108 2082 2069 2078 2084 2087 2089 2091 2120 2091 2096 2130 2135 2163 2168 2092 2110 1983 1905 1895 1876 1880 1894 1850 1930 1960 1859 1841 1837 1833 1818 1811 1804 1822 1815 1804 1811 1812 1798 1813 1857 1837 1825 1823 1815 1812 1803 1801 1810 1806 1803 1798 1774 1788 1776 1767 1765 1760 1760 1768 1773 1759 1772 1766 1765 1744 1737 1744 1738 1729 1742 1748 1740 1737 1740 1732 1731 1732 1736 1742
2050 2062 2132 2121 2088 2072 2056 2063 2068 2066 2063 2037 2057 2054 2029 2077 2107 2142 2156 2134 2117 2036 1947 1915 1874 1870 1859 1841 1935 1951 1856 1822 1824 1813 1803 1803 1796 1798 1796 1793 1801 1790 1790 1785 1777 1782 1809 1801 1808 1803 1798 1791 1791 1797 1796 1789 1766 1762 1776 1765 1753 1754 1746 1746 1755 1755 1745 1750 1750 1736 1742 1730 1724 1725 1729 1733 1725 1723 1734 1723 1715 1706 1708 1709
2092 2031 2063 2077 2094 2072 2046 2054 2049 2047 2042 2026 1997 2035 2028 2051 2058 2053 2107 2121 2165 2071 2015 1990 1901 1835 1819 1834 1876 1919 1880 1826 1801 1801 1799 1781 1775 1778 1782 1794 1788 1781 1785 1776 1769 1765 1769 1774 1786 1799 1793 1788 1781 1774 1790 1784 1779 1759 1756 1751 1745 1743 1736 1739 1741 1754 1738 1733 1742 1724 1732 1745 1712 1715 1729 1714 1718 1713 1728 1713 1715 1700 1695 1688
2028 1964 2039 2093 2070 2066 2032 2039 2042 2031 2024 2021 1996 1978 2006 2012 2075 2118 2116 2131 2084 2047 2106 1969 1894 1853 1816 1915 2003 1954 1927 1868 1811 1796 1780 1769 1766 1765 1769 1794 1780 1772 1772 1773 1762 1757 1753 1759 1769 1784 1794 1786 1779 1769 1767 1773 1774 1769 1764 1750 1743 1737 1733 1728 1730 1736 1752 1738 1733 1729 1718 1746 1723 1704 1723 1715 1703 1704 1708 1702 1698 1687 1683 1685
2010 1958 1954 1949 1991 1965 2020 2036 2028 2025 2017 2004 1979 1954 1965 1995 2129 2007 2097 2131 2142 2087 2048 1972 1909 1850 1810 1846 1865 1984 1946 1913 1811 1792 1794 1767 1755 1757 1764 1783 1776 1768 1764 1768 1756 1749 1744 1747 1773 1787 1782 1775 1771 1768 1759 1753 1772 1767 1760 1754 1737 1736 1729 1725 1724 1723 1734 1749 1727 1713 1709 1720 1727 1706 1694 1704 1701 1691 1697 1694 1680 1671 1672 1680
2039 1996 1940 1939 1938 1945 1977 2030 2031 2015 1998 1998 1975 1944 1941 1972 1982 1974 2036 2091 2125 2085 1990 1953 1897 1861 1819 1787 1795 1817 1824 1901 1841 1787 1777 1754 1744 1746 1766 1770 1764 1757 1750 1747 1752 1743 1734 1742 1765 1775 1780 1770 1766 1750 1756 1747 1744 1752 1754 1750 1747 1731 1724 1720 1714 1714 1721 1744 1739 1712 1702 1705 1729 1706 1685 1695 1692 1687 1689 1692 1679 1663 1660 1660
2021 2005 1995 2023 1979 1963 2009 2037 2050 2025 2016 1995 1963 1940 1920 1916 1936 1944 1961 1968 2032 2029 1997 1913 1859 1836 1810 1811 1805 1777 1855 1905 1844 1775 1765 1739 1736 1742 1757 1765 1747 1753 1746 1739 1734 1727 1729 1754 1757 1755 1760 1758 1746 1743 1745 1744 1737 1734 1738 1746 1738 1726 1723 1727 1711 1706 1709 1730 1732 1716 1695 1697 1707 1715 1683 1680 1682 1682 1673 1670 1680 1656 1654 1652
2051 2017 2030 2028 2030 2060 1919 1963 1977 2023 2010 2002 2006 1977 1905 1915 1929 1926 1924 1924 1960 1926 1940 1882 1841 1807 1788 1796 1780 1761 1779 1813 1796 1752 1733 1733 1726 1728 1756 1756 1749 1731 1733 1732 1724 1720 1724 1747 1746 1743 1744 1755 1751 1747 1742 1754 1733 1729 1723 1720 1735 1720 1718 1724 1721 1704 1699 1726 1726 1703 1688 1688 1681 1691 1703 1671 1677 1675 1672 1660 1665 1647 1650 1648
2029 2009 2016 2039 2032 2011 2026 2031 1943 2011 1996 1966 1981 1984 1916 1918 1919 1939 1924 1904 1941 1918 1920 1945 1947 1832 1784 1770 1776 1756 1763 1779 1762 1736 1725 1718 1722 1720 1730 1740 1745 1733 1730 1731 1719 1712 1715 1718 1734 1733 1737 1751 1761 1749 1748 1750 1735 1721 1717 1716 1712 1722 1709 1718 1716 1700 1691 1703 1719 1713 1694 1676 1689 1663 1663 1684 1665 1664 1664 1654 1659 1651 1640 1644
2058 2022 1966 1964 1979 1962 1996 2053 2000 1927 1894 1940 1951 1964 1905 1906 1914 1852 1897 1920 1907 1928 1907 1894 1854 1791 1775 1773 1884 1814 1747 1734 1731 1739 1737 1715 1709 1710 1719 1724 1736 1729 1733 1733 1715 1707 1703 1689 1729 1722 1728 1740 1777 1755 1735 1730 1745 1719 1711 1707 1707 1714 1703 1710 1710 1706 1689 1687 1708 1706 1690 1670 1679 1679 1656 1656 1649 1666 1650 1649 1649 1648 1635 1633
2116 2073 2039 2027 2022 1969 2027 2012 2010 1977 1940 1890 1881 1847 1839 1858 1844 1849 1893 1900 1850 1850 1851 1816 1836 1778 1809 1773 1812 1794 1764 1755 1745 1723 1716 1709 1716 1703 1699 1721 1721 1720 1716 1719 1706 1699 1694 1687 1691 1716 1722 1732 1753 1768 1737 1726 1715 1716 1706 1699 1701 1698 1698 1694 1705 1700 1684 1681 1699 1690 1677 1670 1664 1679 1673 1668 1646 1642 1640 1644 1641 1642 1638 1627
2004 1943 1938 1942 1906 2013 2024 1953 1972 1932 1882 1816 1790 1824 1825 1829 1821 1838 1852 1834 1845 1862 1818 1808 1837 1840 1826 1780 1751 1750 1749 1748 1738 1733 1731 1709 1701 1697 1694 1704 1713 1712 1712 1705 1700 1691 1690 1685 1689 1707 1710 1717 1742 1758 1762 1755 1752 1730 1702 1694 1692 1689 1690 1689 1697 1694 1693 1676 1675 1690 1668 1664 1663 1662 1653 1663 1658 1636 1637 1636 1636 1635 1633 1620
2045 1950 1937 1908 1889 1892 1916 1919 1931 1854 1832 1811 1788 1783 1815 1827 1812 1825 1813 1831 1837 1831 1802 1911 1859 1777 1755 1735 1719 1725 1730 1719 1729 1728 1721 1715 1701 1690 1688 1686 1704 1708 1706 1700 1690 1686 1679 1682 1703 1694 1711 1731 1747 1751 1752 1749 1749 1733 1705 1700 1688 1683 1682 1684 1691 1688 1683 1669 1669 1683 1679 1661 1658 1654 1646 1656 1653 1656 1647 1630 1629 1628 1627 1624
2084 2025 1964 1932 1950 1904 1852 1877 1863 1823 1821 1799 1814 1775 1796 1794 1789 1790 1812 1808 1812 1804 1776 1833 1868 1765 1745 1775 1708 1697 1719 1715 1710 1714 1714 1711 1703 1692 1682 1675 1676 1690 1697 1693 1688 1682 1673 1682 1695 1693 1698 1719 1746 1738 1745 1740 1738 1733 1717 1696 1685 1681 1677 1675 1676 1681 1680 1671 1660 1676 1673 1666 1657 1649 1642 1649 1653 1656 1651 1631 1622 1616 1621 1618
2061 2059 1999 1939 1924 1920 1877 1904 1855 1843 1830 1817 1815 1792 1781 1779 1780 1782 1807 1837 1829 1811 1782 1753 1747 1802 1748 1782 1724 1695 1697 1699 1697 1701 1700 1697 1698 1693 1682 1670 1672 1681 1680 1682 1682 1677 1665 1685 1684 1684 1677 1703 1723 1733 1731 1731 1723 1730 1728 1694 1685 1674 1669 1671 1668 1671 1676 1668 1657 1657 1668 1666 1656 1639 1632 1644 1648 1652 1648 1635 1629 1624 1612 1610
2091 1989 1965 1952 1951 1907 1946 1959 1863 1807 1797 1799 1792 1786 1785 1763 1755 1787 1803 1817 1803 1813 1838 1859 1820 1775 1716 1714 1778 1699 1680 1674 1688 1690 1691 1686 1687 1679 1676 1675 1661 1678 1676 1672 1674 1670 1660 1674 1680 1669 1680 1691 1699 1732 1729 1721 1721 1700 1729 1695 1680 1672 1664 1661 1664 1659 1669 1666 1662 1648 1654 1661 1655 1656 1626 1637 1649 1654 1644 1625 1627 1641 1631 1624
2001 1979 1983 1960 1923 1941 1947 1827 1826 1826 1836 1819 1787 1783 1774 1748 1770 1777 1797 1789 1835 1860 1839 1844 1825 1772 1738 1696 1705 1695 1679 1663 1682 1679 1679 1679 1680 1672 1669 1667 1655 1656 1665 1665 1665 1665 1654 1670 1673 1667 1658 1656 1679 1693 1722 1718 1714 1712 1684 1684 1669 1667 1660 1658 1656 1653 1661 1661 1657 1642 1641 1647 1646 1641 1628 1630 1642 1644 1639 1636 1618 1608 1627 1623
2093 2044 2009 1960 1924 1904 1883 1859 1862 1852 1844 1859 1818 1800 1779 1744 1761 1770 1764 1816 1915 1900 1862 1822 1820 1755 1695 1690 1686 1679 1671 1664 1666 1672 1669 1666 1666 1664 1662 1657 1650 1644 1670 1657 1654 1658 1647 1660 1664 1658 1654 1653 1677 1691 1717 1711 1709 1705 1716 1710 1690 1673 1658 1651 1648 1647 1651 1654 1653 1641 1633 1641 1622 1635 1620 1612 1628 1642 1627 1628 1623 1599 1625 1622
2068 2044 1961 1893 1921 1928 1930 1935 1889 1874 1941 1961 1931 1942 1891 1864 1783 1770 1729 1868 1935 1928 1854 1809 1806 1752 1718 1729 1688 1660 1651 1658 1660 1665 1654 1660 1663 1656 1654 1653 1648 1640 1637 1659 1648 1642 1641 1654 1655 1649 1646 1649 1666 1710 1711 1705 1702 1697 1703 1725 1708 1687 1660 1647 1645 1641 1638 1647 1645 1640 1631 1627 1630 1612 1609 1608 1616 1621 1629 1613 1619 1598 1594 1607
1984 1939 1981 1968 1957 1979 1981 2019 2001 1969 2052 2134 2053 1969 1915 1901 1859 1781 1719 1947 1890 1887 1848 1806 1782 1741 1728 1795 1748 1667 1646 1647 1647 1647 1648 1648 1647 1647 1645 1643 1643 1637 1632 1629 1640 1634 1649 1651 1647 1646 1639 1638 1651 1667 1702 1696 1694 1690 1702 1722 1697 1676 1675 1668 1640 1635 1634 1630 1637 1634 1631 1622 1619 1621 1613 1605 1604 1605 1610 1610 1594 1599 1585 1593
2152 2100 2065 2053 2002 1978 2003 2032 2010 2043 2107 2208 2071 1989 1952 1946 1912 1826 1741 1815 1843 1886 1841 1790 1765 1723 1722 1816 1740 1658 1636 1638 1635 1635 1636 1640 1641 1637 1636 1634 1633 1630 1628 1623 1636 1629 1625 1630 1639 1634 1630 1630 1648 1669 1693 1691 1691 1689 1690 1689 1675 1663 1665 1662 1642 1629 1629 1626 1622 1631 1626 1618 1617 1613 1610 1606 1601 1596 1591 1586 1582 1594 1596 1584
2141 2081 2118 2083 2021 2008 2034 2009 1989 2022 2113 2080 2032 1950 1946 1887 1873 1784 1748 1927 1904 1916 1859 1775 1763 1707 1706 1789 1701 1658 1645 1621 1627 1626 1630 1631 1630 1624 1628 1624 1631 1627 1621 1618 1615 1631 1620 1617 1627 1627 1620 1630 1631 1655 1691 1683 1681 1678 1679 1678 1662 1648 1647 1636 1641 1625 1623 1621 1618 1623 1622 1619 1616 1608 1605 1603 1598 1596 1592 1586 1583 1579 1582 1587
2153 2130 2138 2096 2068 2008 1967 1961 1983 2052 2122 2086 2015 1937 1963 1893 1811 1739 1865 1856 2026 2013 1870 1770 1743 1691 1822 1752 1665 1657 1623 1616 1612 1615 1626 1627 1627 1620 1626 1621 1614 1618 1618 1613 1612 1616 1611 1618 1617 1616 1615 1619 1632 1654 1683 1683 1678 1675 1674 1673 1670 1656 1639 1636 1623 1629 1618 1614 1613 1611 1611 1609 1611 1608 1599 1596 1595 1591 1588 1584 1580 1577 1571 1577
2090 2116 2104 2075 2043 2062 2001 1949 1948 2160 2210 2072 2000 1933 1966 1912 1824 1749 1773 1857 1872 1947 1841 1764 1723 1684 1759 1674 1653 1630 1617 1619 1612 1606 1612 1617 1622 1612 1598 1614 1614 1608 1605 1605 1604 1609 1604 1614 1608 1608 1606 1611 1634 1641 1667 1682 1670 1672 1667 1663 1660 1663 1646 1635 1622 1609 1610 1610 1608 1607 1602 1607 1605 1605 1600 1593 1589 1586 1583 1578 1577 1573 1569 1563
2126 2068 2107 2037 2125 2088 2039 1976 1939 2155 2126 2087 2010 1963 1877 1850 1789 1719 1740 1898 1975 1916 1840 1722 1711 1683 1772 1659 1620 1618 1607 1605 1607 1599 1609 1591 1604 1608 1615 1597 1610 1605 1602 1602 1599 1599 1597 1604 1600 1598 1598 1601 1609 1625 1640 1677 1677 1671 1659 1658 1652 1649 1635 1626 1618 1608 1606 1605 1603 1601 1598 1595 1600 1596 1592 1588 1583 1581 1579 1575 1572 1567 1567 1563
2156 2117 2168 2153 2163 2077 2063 1971 1877 2087 2119 2119 2044 2094 1936 1827 1756 1679 1677 1903 1986 1920 1818 1739 1699 1683 1775 1648 1617 1607 1600 1596 1599 1596 1592 1590 1591 1610 1610 1593 1598 1601 1595 1591 1595 1593 1595 1589 1592 1593 1598 1605 1616 1625 1662 1675 1670 1667 1657 1653 1649 1644 1635 1619 1607 1600 1597 1599 1596 1596 1591 1589 1588 1591 1588 1586 1579 1576 1573 1570 1567 1564 1563 1559
2110 2150 2174 2143 2066 2056 2091 2045 1867 2063 2050 2095 1919 1921 1940 1857 1652 1677 1703 1833 1940 1857 1791 1711 1685 1702 1783 1646 1604 1596 1590 1592 1588 1588 1584 1589 1591 1610 1601 1581 1595 1598 1594 1587 1585 1591 1587 1586 1589 1587 1599 1607 1621 1642 1658 1650 1668 1662 1653 1648 1644 1641 1635 1635 1611 1601 1593 1591 1591 1590 1585 1584 1585 1579 1585 1579 1576 1572 1568 1566 1564 1561 1556 1554
1864 1835 2208 2032 1941 1867 1855 1885 1797 1944 1891 1705 1772 1762 1676 1719 1666 1763 1803 1817 1867 1835 1743 1682 1651 1771 1688 1629 1594 1585 1582 1580 1581 1578 1574 1592 1591 1599 1595 1583 1579 1580 1595 1584 1583 1580 1579 1580 1586 1580 1584 1593 1607 1629 1641 1636 1628 1663 1659 1653 1642 1637 1634 1636 1622 1606 1604 1593 1587 1583 1580 1579 1577 1573 1574 1575 1574 1567 1564 1561 1557 1557 1553 1550
1909 1899 1895 1822 1795 1976 2004 1752 1811 1740 1811 1728 1942 1896 1836 1743 1878 1627 1792 1671 1706 1797 1773 1646 1642 1634 1640 1624 1593 1580 1571 1575 1577 1572 1590 1591 1605 1602 1595 1575 1576 1577 1584 1593 1581 1576 1574 1572 1570 1592 1586 1594 1626 1640 1621 1630 1618 1635 1650 1646 1645 1633 1630 1626 1634 1633 1616 1596 1581 1579 1577 1574 1573 1571 1568 1568 1567 1567 1560 1556 1554 1552 1548 1546
2058 2311 2199 2011 1962 2249 2157 2032 1918 1841 1928 2138 2068 1923 2067 1976 1824 1683 1723 1743 1643 1654 1654 1613 1620 1672 1662 1609 1595 1573 1563 1571 1564 1561 1590 1591 1600 1601 1591 1584 1584 1576 1577 1582 1572 1570 1568 1566 1573 1580 1581 1596 1617 1649 1617 1610 1620 1609 1634 1642 1637 1633 1625 1620 1624 1629 1632 1614 1594 1576 1573 1568 1566 1567 1563 1563 1561 1561 1554 1552 1548 1546 1544 1541
2006 2311 2317 2166 2009 2199 2124 2100 1936 1929 2002 2125 2200 2100 2029 1934 1803 1700 1664 1699 1621 1604 1601 1609 1739 1738 1682 1608 1602 1564 1560 1567 1561 1558 1566 1564 1571 1592 1584 1579 1579 1583 1574 1575 1566 1566 1564 1561 1564 1572 1578 1584 1614 1643 1626 1608 1610 1595 1603 1633 1635 1624 1618 1615 1613 1624 1615 1603 1597 1586 1568 1565 1563 1560 1559 1557 1556 1556 1556 1545 1542 1542 1540 1536
2084 2239 2194 2095 2036 2207 2228 2048 1989 2031 2009 2088 2152 2069 2081 2006 1869 1849 1758 1602 1615 1593 1588 1587 1666 1670 1597 1596 1604 1560 1556 1559 1557 1548 1556 1562 1564 1586 1578 1568 1570 1579 1568 1567 1562 1559 1559 1555 1556 1566 1568 1592 1620 1634 1622 1613 1599 1585 1601 1616 1629 1626 1612 1608 1604 1620 1619 1591 1575 1570 1576 1562 1560 1556 1552 1552 1551 1549 1552 1543 1540 1536 1534 1531
