test/HelianthusTinyTest/asciifiles/alt.asc
ncols  170
nrows  166
xllcorner  -106.083333333333
yllcorner  39.5916666666667
cellsize 0.00833333333332943
NODATA_value  -9999
[rows 114 to 151 of 166, columns 84 to 167 of 170]
2196 2148 2116 2063 1984 1912 1788 1951 1862 1808 1715 1662 1638 1627 1620 1616 1606 1601 1593 1590 1596 1598 1597 1596 1602 1586 1594 1591 1595 1601 1606 1593 1578 1592 1596 1589 1592 1585 1566 1555 1547 1560 1572 1580 1614 1603 1600 1595 1591 1583 1576 1567 1566 1558 1551 1544 1537 1531 1525 1531 1529 1533 1534 1522 1508 1505 1506 1506 1511 1513 1526 1541 1547 1560 1571 1576 1565 1557 1546 1537 1525 1520 1517 1531
2186 2165 2091 2002 1972 1939 1840 1821 1805 1710 1659 1645 1638 1635 1619 1615 1608 1606 1606 1604 1600 1605 1621 1615 1600 1592 1606 1614 1615 1612 1605 1598 1612 1612 1609 1605 1595 1574 1563 1561 1556 1558 1571 1577 1595 1604 1594 1590 1579 1578 1572 1572 1557 1547 1543 1535 1531 1541 1537 1542 1541 1541 1536 1527 1522 1507 1509 1508 1513 1514 1528 1540 1549 1561 1578 1572 1558 1552 1542 1535 1531 1526 1529 1539
1971 1987 1987 1943 1899 1836 1881 1880 2042 2041 1875 1716 1689 1664 1647 1624 1619 1615 1613 1611 1616 1620 1629 1611 1608 1621 1622 1638 1635 1625 1620 1622 1631 1624 1609 1601 1579 1571 1563 1555 1566 1579 1590 1591 1607 1600 1591 1577 1572 1566 1563 1558 1554 1546 1540 1550 1550 1553 1552 1552 1550 1541 1535 1526 1514 1509 1511 1516 1515 1516 1529 1543 1551 1571 1568 1568 1555 1548 1540 1532 1532 1535 1531 1542
2144 2245 2154 2071 2009 2072 2157 2006 2101 2049 1916 1834 1758 1679 1657 1644 1631 1624 1621 1617 1622 1622 1619 1622 1634 1649 1668 1678 1665 1643 1632 1639 1624 1619 1602 1591 1583 1573 1563 1572 1582 1585 1597 1623 1616 1595 1588 1586 1577 1570 1562 1554 1549 1546 1562 1561 1566 1569 1577 1568 1556 1544 1542 1533 1528 1514 1512 1519 1520 1519 1534 1551 1553 1564 1565 1555 1551 1544 1537 1533 1530 1533 1539 1547
2345 2263 2220 2239 2155 2206 2220 2241 2165 2238 2161 1884 1788 1739 1691 1660 1651 1643 1630 1630 1636 1630 1631 1645 1655 1682 1713 1711 1671 1649 1638 1624 1614 1604 1594 1589 1581 1573 1567 1582 1596 1602 1619 1627 1616 1606 1597 1594 1587 1577 1562 1554 1548 1559 1568 1578 1581 1583 1577 1567 1556 1557 1545 1538 1524 1513 1515 1523 1522 1522 1533 1541 1555 1567 1569 1558 1555 1543 1535 1534 1534 1538 1543 1551
2610 2481 2428 2408 2365 2356 2356 2338 2312 2333 2314 2001 1850 1787 1710 1684 1677 1651 1639 1643 1638 1651 1654 1663 1674 1717 1710 1709 1665 1643 1629 1618 1608 1602 1591 1583 1576 1573 1584 1591 1603 1626 1637 1633 1623 1611 1600 1589 1576 1571 1562 1554 1566 1575 1575 1585 1576 1571 1563 1553 1548 1547 1539 1530 1518 1516 1520 1525 1524 1524 1529 1549 1556 1563 1567 1560 1551 1543 1535 1535 1543 1544 1546 1556
2552 2521 2450 2349 2323 2346 2265 2309 2332 2245 2197 2057 1899 1776 1754 1731 1681 1656 1647 1665 1664 1669 1713 1728 1723 1705 1679 1665 1661 1641 1632 1631 1622 1609 1603 1590 1580 1606 1602 1610 1613 1645 1645 1633 1623 1604 1596 1589 1584 1568 1558 1566 1578 1581 1597 1587 1576 1569 1575 1561 1552 1555 1551 1522 1520 1520 1523 1525 1524 1530 1534 1542 1552 1567 1565 1557 1549 1539 1538 1538 1544 1549 1554 1563
2421 2352 2323 2283 2233 2261 2190 2181 2177 2292 2346 2169 1956 1861 1772 1725 1680 1669 1664 1690 1746 1743 1711 1732 1709 1687 1671 1662 1654 1647 1639 1631 1618 1610 1601 1593 1599 1625 1630 1647 1642 1635 1623 1622 1610 1604 1598 1587 1578 1563 1571 1579 1587 1603 1603 1592 1588 1583 1577 1572 1581 1557 1544 1520 1520 1528 1526 1526 1526 1534 1536 1540 1552 1559 1558 1550 1541 1544 1540 1547 1550 1553 1557 1566
2287 2259 2223 2270 2204 2199 2119 2114 2113 2334 2446 2168 1928 1868 1754 1707 1687 1674 1699 1684 1727 1725 1725 1737 1713 1685 1674 1667 1669 1649 1640 1631 1618 1614 1606 1596 1614 1654 1656 1635 1626 1618 1611 1607 1602 1595 1587 1579 1569 1575 1579 1591 1606 1606 1619 1618 1610 1605 1593 1581 1562 1544 1521 1523 1527 1529 1529 1529 1537 1536 1539 1547 1554 1559 1558 1558 1558 1552 1552 1557 1568 1574 1573 1575
2325 2244 2220 2174 2190 2127 2170 2077 2072 2159 2298 2200 1945 1834 1764 1706 1696 1723 1783 1754 1742 1740 1749 1709 1700 1687 1713 1686 1670 1659 1641 1626 1619 1611 1605 1619 1643 1667 1657 1639 1622 1616 1605 1599 1591 1593 1585 1577 1572 1579 1585 1593 1614 1625 1612 1601 1595 1589 1581 1567 1561 1533 1527 1524 1532 1531 1533 1538 1539 1538 1543 1548 1557 1558 1558 1559 1559 1563 1565 1565 1569 1572 1577 1582
2254 2257 2260 2169 2099 2141 2108 2041 1989 1975 2041 2024 1878 1774 1743 1744 1752 1786 1808 1788 1769 1745 1730 1745 1756 1739 1710 1692 1661 1645 1633 1628 1620 1631 1664 1652 1659 1651 1649 1638 1622 1615 1609 1594 1591 1588 1582 1575 1587 1595 1603 1611 1619 1612 1600 1589 1581 1570 1563 1556 1543 1528 1526 1532 1535 1534 1540 1540 1543 1544 1546 1557 1558 1558 1558 1558 1560 1563 1571 1573 1579 1580 1583 1588
2434 2375 2266 2292 2281 2238 2181 2112 2093 1929 1971 1907 1874 1831 1785 1798 1837 1816 1802 1785 1752 1747 1767 1772 1723 1700 1686 1677 1664 1664 1655 1651 1642 1660 1659 1652 1653 1640 1629 1624 1625 1607 1598 1594 1589 1584 1603 1602 1605 1606 1605 1608 1609 1601 1585 1579 1567 1564 1554 1546 1536 1528 1529 1533 1536 1542 1542 1545 1544 1546 1552 1555 1560 1560 1560 1565 1567 1572 1572 1580 1586 1596 1596 1599
2573 2488 2424 2381 2344 2269 2292 2274 2230 2124 2213 2243 2016 1921 1850 1869 1852 1803 1839 1799 1784 1774 1788 1740 1741 1730 1707 1702 1713 1685 1682 1656 1671 1663 1655 1649 1642 1635 1627 1620 1614 1605 1597 1593 1587 1613 1619 1632 1631 1624 1611 1603 1590 1587 1580 1573 1569 1560 1561 1547 1529 1531 1532 1537 1545 1547 1546 1547 1552 1561 1556 1555 1557 1563 1566 1569 1578 1584 1592 1584 1598 1616 1611 1612
2619 2522 2448 2423 2415 2502 2530 2399 2255 2260 2428 2315 2061 1950 1907 1878 1835 1843 1848 1839 1829 1804 1815 1789 1787 1782 1781 1757 1753 1743 1728 1717 1708 1705 1678 1662 1647 1640 1627 1617 1609 1604 1596 1609 1631 1648 1646 1645 1639 1629 1621 1612 1605 1603 1599 1591 1576 1568 1549 1535 1532 1535 1537 1545 1546 1549 1551 1553 1562 1560 1558 1568 1559 1565 1568 1575 1585 1601 1597 1591 1593 1605 1612 1621
2705 2640 2473 2423 2390 2455 2501 2435 2354 2417 2350 2261 2053 1963 1922 1893 1858 1871 1856 1839 1830 1823 1809 1787 1757 1738 1730 1722 1723 1692 1700 1685 1702 1700 1675 1654 1640 1636 1622 1609 1607 1596 1612 1634 1637 1640 1653 1658 1638 1625 1613 1608 1605 1602 1590 1587 1580 1548 1538 1529 1537 1545 1546 1548 1549 1559 1559 1557 1565 1566 1578 1575 1573 1572 1573 1572 1592 1592 1605 1601 1603 1608 1611 1621
2644 2615 2546 2405 2420 2361 2469 2598 2633 2487 2449 2257 2110 2004 1937 1894 1895 1881 1869 1850 1845 1829 1813 1811 1806 1767 1742 1710 1710 1687 1673 1668 1660 1668 1665 1660 1636 1629 1616 1616 1617 1642 1659 1654 1656 1659 1655 1648 1627 1614 1602 1587 1581 1583 1579 1574 1549 1543 1539 1538 1542 1548 1553 1554 1558 1562 1568 1565 1563 1573 1579 1582 1589 1587 1588 1583 1581 1582 1592 1602 1612 1627 1618 1627
2657 2621 2511 2556 2521 2422 2288 2423 2496 2240 2169 2367 2153 2030 1954 1919 1910 1891 1875 1859 1845 1837 1825 1775 1747 1763 1749 1733 1732 1717 1685 1676 1661 1647 1641 1638 1629 1625 1616 1637 1646 1664 1682 1662 1684 1668 1653 1640 1622 1616 1604 1602 1599 1579 1558 1552 1548 1543 1542 1553 1550 1555 1558 1560 1563 1566 1567 1569 1571 1568 1582 1600 1595 1595 1595 1593 1588 1593 1582 1593 1605 1616 1626 1631
2705 2635 2624 2818 2644 2681 2548 2278 2243 2295 2138 2045 2043 1978 1955 1936 1911 1894 1885 1865 1852 1837 1811 1788 1752 1722 1720 1712 1702 1711 1702 1687 1666 1655 1645 1636 1623 1623 1634 1641 1657 1677 1699 1697 1694 1689 1663 1643 1632 1621 1610 1610 1600 1588 1555 1550 1544 1543 1541 1551 1554 1556 1558 1563 1570 1568 1574 1582 1584 1579 1577 1587 1600 1599 1600 1598 1602 1597 1605 1588 1593 1606 1621 1626
2667 2666 2775 2689 2640 2606 2533 2459 2365 2392 2365 2258 2073 2012 1955 1936 1919 1906 1885 1870 1854 1832 1831 1788 1744 1725 1711 1700 1690 1684 1682 1681 1681 1645 1648 1651 1646 1650 1673 1668 1659 1674 1693 1680 1661 1637 1647 1646 1651 1629 1605 1590 1574 1561 1553 1546 1546 1556 1558 1558 1556 1568 1567 1572 1575 1572 1583 1595 1587 1589 1578 1584 1604 1605 1608 1612 1611 1604 1612 1605 1599 1595 1619 1629
2715 2616 2576 2390 2391 2454 2354 2406 2331 2207 2362 2329 2156 2082 1931 1900 1891 1889 1882 1876 1855 1847 1818 1783 1750 1733 1715 1695 1694 1681 1682 1683 1681 1678 1672 1668 1667 1666 1673 1672 1688 1686 1686 1689 1670 1635 1621 1626 1628 1614 1610 1590 1567 1559 1548 1540 1555 1561 1562 1562 1566 1571 1587 1579 1580 1580 1579 1584 1589 1593 1593 1582 1592 1602 1611 1624 1624 1615 1620 1617 1615 1607 1618 1624
2547 2506 2445 2396 2315 2314 2275 2281 2254 2119 2158 2143 2286 2221 2028 1936 1877 1832 1845 1869 1830 1801 1787 1784 1772 1727 1726 1718 1714 1721 1711 1682 1681 1684 1683 1674 1666 1662 1657 1659 1665 1674 1683 1684 1657 1635 1620 1602 1619 1601 1587 1575 1559 1551 1549 1551 1562 1564 1568 1569 1568 1574 1582 1586 1585 1589 1584 1590 1597 1598 1601 1594 1588 1596 1615 1618 1625 1632 1632 1639 1628 1617 1622 1621
2457 2426 2418 2348 2417 2433 2385 2323 2384 2323 2216 2180 2088 2182 2084 1951 1862 1858 1827 1819 1788 1793 1786 1737 1740 1750 1744 1720 1730 1724 1728 1710 1690 1685 1671 1667 1666 1650 1647 1643 1650 1668 1685 1664 1647 1643 1634 1618 1595 1586 1598 1567 1564 1552 1553 1566 1565 1574 1570 1570 1573 1578 1583 1589 1603 1602 1592 1593 1601 1607 1615 1609 1597 1601 1596 1599 1606 1619 1631 1634 1638 1630 1622 1630
2664 2505 2609 2495 2620 2529 2485 2454 2454 2416 2326 2270 2144 2033 2013 1958 1850 1840 1831 1819 1809 1796 1784 1739 1726 1715 1705 1690 1686 1691 1728 1719 1720 1702 1691 1668 1661 1651 1641 1634 1631 1652 1644 1637 1631 1624 1610 1605 1587 1576 1570 1564 1552 1554 1568 1567 1569 1575 1578 1576 1579 1586 1590 1600 1601 1600 1599 1595 1603 1613 1611 1615 1608 1617 1621 1615 1622 1622 1615 1632 1637 1638 1634 1629
2730 2872 2792 2710 2748 2704 2583 2435 2408 2346 2305 2219 2206 2024 1944 1914 1840 1858 1803 1823 1809 1759 1752 1740 1722 1706 1699 1689 1674 1667 1661 1686 1701 1713 1704 1698 1670 1662 1645 1626 1620 1629 1629 1615 1614 1603 1599 1585 1572 1569 1565 1560 1558 1569 1569 1568 1578 1578 1580 1582 1585 1591 1597 1609 1606 1609 1606 1602 1603 1612 1617 1622 1624 1620 1623 1630 1634 1637 1623 1619 1632 1640 1641 1638
2686 2860 2872 2889 2753 2685 2531 2425 2360 2365 2328 2271 2240 2041 1912 1892 1905 1859 1809 1786 1760 1759 1730 1722 1709 1703 1691 1685 1686 1674 1662 1654 1658 1670 1686 1695 1672 1655 1632 1619 1618 1615 1607 1606 1604 1600 1574 1576 1579 1577 1573 1555 1561 1570 1570 1574 1582 1585 1585 1588 1591 1592 1596 1601 1604 1610 1606 1608 1607 1611 1621 1622 1627 1632 1633 1649 1657 1645 1638 1636 1628 1633 1640 1648
2613 2627 2645 2806 2844 2536 2432 2407 2362 2302 2359 2326 2239 2084 1923 1913 1907 1854 1842 1818 1781 1757 1748 1727 1716 1708 1696 1703 1693 1677 1668 1657 1647 1641 1655 1642 1656 1645 1636 1632 1620 1607 1593 1589 1585 1583 1580 1579 1582 1582 1569 1562 1566 1574 1575 1577 1585 1587 1588 1592 1593 1596 1599 1600 1603 1605 1609 1612 1615 1615 1618 1622 1628 1633 1641 1648 1654 1662 1665 1652 1647 1648 1642 1651
2639 2526 2514 2707 2545 2537 2518 2477 2459 2328 2281 2240 2162 2124 2035 1932 1890 1827 1808 1784 1776 1756 1748 1730 1727 1710 1700 1693 1687 1673 1659 1648 1643 1640 1634 1634 1629 1624 1614 1609 1602 1595 1594 1589 1588 1599 1591 1590 1588 1583 1567 1566 1576 1576 1579 1582 1588 1591 1594 1596 1599 1602 1605 1605 1604 1613 1614 1615 1622 1622 1619 1625 1626 1632 1641 1652 1655 1664 1665 1656 1658 1654 1651 1654
2866 2671 2441 2408 2457 2493 2418 2396 2433 2348 2285 2306 2303 2162 2146 2046 1888 1849 1816 1798 1822 1984 1799 1727 1716 1705 1697 1702 1686 1674 1677 1662 1661 1649 1639 1625 1621 1616 1610 1608 1602 1599 1615 1611 1614 1597 1594 1591 1582 1566 1570 1575 1580 1579 1582 1585 1592 1596 1598 1599 1600 1607 1611 1615 1618 1617 1619 1620 1625 1625 1627 1631 1628 1633 1635 1645 1655 1659 1667 1665 1672 1671 1666 1666
2819 2725 2500 2431 2352 2360 2374 2334 2415 2322 2272 2219 2266 2214 2131 2088 1935 1876 1816 1885 1975 1965 1870 1732 1708 1702 1696 1693 1680 1677 1666 1647 1642 1636 1631 1625 1621 1618 1614 1637 1633 1649 1643 1643 1620 1607 1594 1590 1571 1573 1583 1581 1588 1597 1600 1587 1592 1594 1599 1600 1606 1612 1618 1620 1621 1623 1628 1626 1630 1634 1634 1636 1643 1639 1643 1644 1648 1655 1663 1672 1677 1686 1696 1695
2596 2539 2446 2434 2389 2291 2393 2361 2300 2274 2232 2181 2207 2151 2077 2039 1939 1837 1835 1983 1962 1944 1855 1726 1710 1698 1687 1680 1665 1659 1653 1646 1641 1636 1632 1646 1648 1642 1636 1638 1645 1647 1646 1633 1615 1603 1596 1574 1574 1587 1586 1589 1592 1603 1605 1604 1613 1609 1601 1604 1608 1608 1617 1620 1627 1634 1634 1634 1637 1638 1638 1643 1644 1646 1654 1657 1662 1658 1660 1666 1674 1688 1696 1700
2486 2480 2458 2405 2352 2339 2179 2325 2300 2261 2222 2145 2120 2083 2031 2011 1951 1812 1786 1907 1896 1816 1708 1696 1689 1684 1677 1668 1658 1677 1663 1652 1645 1637 1666 1668 1661 1661 1655 1655 1655 1659 1641 1626 1617 1602 1585 1578 1585 1587 1590 1591 1608 1608 1610 1613 1617 1617 1611 1613 1607 1607 1617 1625 1628 1631 1632 1636 1639 1642 1646 1647 1652 1653 1659 1661 1662 1664 1670 1667 1672 1676 1686 1694
2509 2410 2434 2371 2351 2308 2232 2231 2250 2285 2246 2282 2163 2168 2178 2049 2010 1830 1769 1734 1755 1720 1820 1811 1727 1680 1688 1692 1690 1685 1661 1667 1701 1691 1696 1685 1678 1664 1666 1672 1667 1656 1640 1628 1621 1585 1581 1580 1590 1594 1599 1605 1616 1621 1621 1621 1624 1622 1623 1615 1612 1615 1619 1618 1623 1626 1632 1634 1638 1644 1651 1652 1655 1655 1660 1664 1669 1671 1670 1672 1676 1683 1694 1693
2364 2356 2534 2433 2395 2280 2236 2168 2085 2030 2151 2189 2246 2159 2089 1971 1855 1747 1737 1731 1752 1904 1894 1871 1848 1725 1711 1709 1701 1701 1704 1708 1705 1700 1701 1686 1677 1653 1645 1626 1622 1629 1624 1616 1589 1585 1590 1593 1598 1603 1606 1608 1619 1623 1625 1626 1629 1631 1621 1620 1620 1623 1630 1633 1638 1628 1632 1635 1645 1643 1647 1652 1656 1661 1667 1678 1681 1675 1675 1676 1682 1690 1698 1703
2281 2299 2406 2378 2244 2215 2138 2190 2040 2001 1984 2049 2068 1979 2071 1898 1937 1975 1814 1776 1762 1786 1825 1835 1832 1838 1757 1731 1714 1699 1722 1722 1710 1701 1691 1676 1663 1652 1639 1625 1620 1622 1621 1598 1585 1591 1603 1606 1611 1613 1617 1610 1615 1625 1629 1633 1635 1636 1635 1627 1626 1630 1633 1639 1644 1645 1643 1636 1651 1657 1650 1655 1658 1664 1666 1679 1689 1690 1686 1678 1682 1687 1695 1706
2174 2139 2087 2361 2258 2285 2123 2065 2086 2119 2129 1976 2019 1967 1971 1988 2109 2023 1914 1814 1790 1777 1789 1784 1774 1759 1748 1736 1733 1717 1716 1705 1703 1695 1682 1669 1661 1650 1644 1636 1631 1627 1611 1592 1588 1595 1598 1602 1621 1626 1639 1634 1625 1625 1629 1629 1637 1644 1635 1632 1635 1639 1642 1649 1648 1648 1644 1644 1656 1660 1664 1670 1663 1662 1663 1671 1675 1684 1695 1695 1691 1685 1692 1700
2307 2301 2263 2227 2225 2175 2121 2183 2320 2282 2233 2196 2145 2155 2178 2259 2271 2239 2081 1849 1834 1804 1809 1797 1787 1777 1763 1773 1756 1745 1729 1707 1699 1686 1676 1666 1657 1656 1642 1636 1622 1631 1605 1592 1590 1598 1605 1607 1624 1625 1647 1641 1642 1635 1639 1637 1638 1643 1639 1639 1640 1647 1650 1658 1658 1656 1652 1648 1662 1665 1669 1674 1681 1686 1676 1671 1682 1682 1690 1696 1699 1697 1702 1692
2307 2257 2254 2214 2270 2223 2215 2244 2264 2379 2385 2333 2263 2189 2203 2275 2284 2235 2127 1993 1876 1859 1841 1840 1816 1801 1800 1796 1790 1771 1740 1718 1704 1690 1685 1676 1664 1660 1653 1645 1634 1624 1614 1606 1594 1596 1607 1611 1612 1616 1621 1623 1643 1651 1659 1650 1648 1649 1646 1644 1644 1658 1656 1666 1667 1663 1666 1660 1655 1667 1673 1680 1684 1693 1697 1690 1680 1679 1682 1692 1702 1709 1708 1708
2321 2295 2243 2279 2257 2341 2372 2339 2337 2349 2387 2354 2308 2263 2273 2256 2245 2189 2138 2062 1911 1898 1876 1927 1901 1886 1863 1833 1811 1763 1747 1727 1709 1699 1692 1687 1679 1671 1665 1651 1635 1641 1631 1615 1602 1594 1601 1609 1615 1625 1635 1626 1630 1635 1662 1655 1650 1652 1651 1645 1650 1660 1668 1672 1680 1681 1681 1669 1665 1662 1671 1671 1686 1695 1700 1705 1699 1687 1686 1690 1692 1701 1717 1715
