test/HelianthusTinyTest/asciifiles/alt.asc
ncols  170
nrows  166
xllcorner  -106.083333333333
yllcorner  39.5916666666667
cellsize 0.00833333333332943
NODATA_value  -9999
[rows 114 to 151 of 166, columns 0 to 83 of 170]
2580 2608 2730 2707 2891 2970 3004 2928 2726 2624 2586 2559 2575 2551 2518 2563 2527 2500 2581 2626 2703 2807 2818 2782 2683 2614 2578 2691 2727 2786 2829 2735 2694 2721 2774 2885 2965 3113 3151 3240 3160 3136 3183 3310 3379 3266 3441 3525 3405 3449 3514 3849 3804 3691 3672 3607 3526 3463 3355 3241 3178 3103 3022 3079 3070 2978 2860 2766 2781 2771 2771 2712 2713 2668 2625 2625 2603 2587 2583 2501 2451 2391 2304 2233
2633 2731 2788 2772 2707 2787 3048 3042 2878 2751 2670 2608 2595 2551 2644 2693 2607 2598 2610 2616 2663 2752 2756 2713 2749 2786 2670 2605 2701 2672 2745 2712 2649 2753 2725 2827 2828 2944 2998 3007 3132 3167 3134 3241 3432 3509 3504 3720 3532 3532 3396 3479 3752 3798 3815 3720 3706 3581 3328 3151 3137 3094 2994 2989 2993 2937 2856 2737 2716 2725 2691 2644 2619 2551 2535 2487 2445 2451 2414 2355 2320 2334 2323 2188
2681 2791 2814 2850 2808 2721 2877 3020 2959 2897 2719 2713 2606 2600 2732 2806 2683 2628 2626 2633 2623 2694 2717 2671 2693 2604 2717 2614 2531 2647 2708 2628 2687 2690 2678 2747 2869 2940 3064 3043 3090 3098 3069 3210 3431 3397 3705 3596 3547 3512 3379 3248 3178 3429 3628 3629 3611 3399 3290 3161 3126 3088 3007 2937 2951 2807 2754 2613 2603 2685 2667 2606 2562 2528 2475 2481 2451 2406 2360 2397 2292 2258 2288 2136
2656 2716 2804 2875 2897 2825 2789 2749 3084 2975 2832 2767 2684 2649 2660 2862 2755 2693 2675 2655 2677 2686 2613 2595 2599 2583 2563 2547 2544 2544 2547 2566 2569 2593 2650 2681 2743 2812 2891 2923 2967 3037 3060 3114 3324 3217 3490 3776 3751 3526 3532 3379 3344 3151 3076 3415 3438 3350 3166 3121 3048 3019 3015 2977 2949 2765 2644 2582 2534 2565 2578 2588 2542 2519 2482 2457 2421 2449 2443 2401 2369 2485 2382 2239
2511 2617 2729 2815 2927 2992 2818 2787 3057 3083 2956 2859 2805 2700 2735 2761 2720 2681 2665 2654 2622 2645 2651 2614 2597 2600 2589 2550 2587 2550 2555 2569 2558 2564 2577 2600 2676 2798 2818 2894 2924 2943 2950 3150 3107 3140 3562 3734 3635 3606 3531 3450 3491 3371 3069 3126 3370 3245 3112 3071 3019 3107 3015 2888 2791 2682 2628 2587 2561 2560 2511 2551 2495 2477 2500 2521 2464 2409 2384 2446 2506 2500 2490 2416
2561 2582 2657 2712 2877 2974 2931 2876 2899 3120 3057 2964 2879 2883 2864 2787 2679 2686 2681 2663 2647 2635 2643 2624 2593 2580 2596 2580 2573 2607 2569 2569 2587 2623 2578 2585 2627 2686 2738 2847 2917 2973 2957 3072 3154 3305 3483 3587 3597 3435 3303 3442 3433 3363 3286 3176 2952 3229 3152 3135 3075 3010 2991 2912 2901 2708 2639 2615 2564 2552 2592 2611 2559 2543 2501 2507 2486 2550 2552 2528 2466 2443 2492 2580
2627 2642 2715 2782 2837 2919 2967 2919 2940 2979 3160 3105 3017 2937 2796 2795 2873 2761 2948 2719 2740 2705 2664 2635 2619 2625 2609 2593 2623 2618 2581 2581 2584 2646 2643 2587 2598 2632 2682 2772 2843 3059 3083 3252 3318 3448 3511 3568 3404 3324 3221 3195 3200 3142 3220 3260 3111 2941 3051 3125 3084 3011 2882 2776 2710 2674 2651 2644 2615 2580 2563 2537 2451 2493 2522 2622 2605 2537 2519 2500 2491 2396 2395 2475
2720 2641 2644 2785 2886 2944 3035 3005 2976 3020 3048 3153 3149 3001 2952 2877 2893 2850 3022 3045 2868 2721 2673 2673 2662 2649 2622 2594 2631 2637 2607 2589 2591 2671 2680 2657 2620 2627 2705 2818 2930 2996 3033 3144 3192 3326 3480 3588 3390 3595 3386 3376 3153 3102 3003 3121 3084 2919 2958 3087 3029 2942 2830 2766 2663 2606 2625 2576 2519 2509 2488 2543 2615 2589 2663 2705 2595 2513 2465 2427 2401 2389 2354 2384
2851 2802 2733 2709 2736 2815 2936 3015 3017 3027 3060 3125 3244 3193 3096 3039 2978 2907 3060 3152 2997 2797 2748 2728 2685 2651 2613 2634 2657 2649 2638 2607 2618 2658 2698 2697 2626 2640 2711 2792 2869 2937 2986 3114 3279 3421 3656 3710 3557 3416 3367 3338 3248 3154 3031 2939 2931 2819 2821 2736 2848 2840 2850 2837 2596 2588 2586 2640 2613 2636 2621 2658 2634 2600 2614 2610 2573 2517 2492 2484 2435 2408 2357 2369
2906 2851 2861 2820 2739 2809 2870 3016 3054 3091 3111 3167 3177 3195 3187 3175 3084 2999 2967 2966 2910 2918 2726 2701 2678 2658 2687 2674 2667 2655 2635 2621 2619 2667 2691 2722 2738 2649 2699 2735 2821 2898 3025 3091 3222 3467 3654 3446 3484 3315 3205 3211 3171 3198 3232 3178 3124 2927 3029 2868 2796 2659 2644 2687 2638 2592 2669 2658 2652 2633 2610 2641 2646 2654 2613 2588 2598 2585 2510 2481 2404 2406 2380 2362
2770 2842 2924 2913 2887 2881 2903 2958 3011 3054 2976 3043 3041 3046 3005 2933 2891 2864 2771 2798 2802 2766 2715 2762 2710 2703 2704 2690 2677 2666 2651 2637 2643 2644 2647 2747 2766 2752 2742 2773 2837 2904 2999 3036 3215 3418 3444 3577 3434 3598 3552 3334 3376 3298 3252 3239 3153 3139 3092 2940 2858 2823 2871 2940 2849 2816 2745 2651 2626 2628 2615 2561 2561 2601 2568 2553 2517 2481 2525 2531 2504 2426 2361 2298
2834 2912 3003 3017 2994 2962 2956 2981 2997 2962 2976 3020 3024 3084 3118 3006 2989 2954 3000 2984 2933 2836 2895 2896 2780 2740 2717 2699 2702 2718 2666 2680 2701 2717 2680 2663 2729 2788 2818 2839 2978 2893 3022 3107 3126 3283 3432 3507 3580 3393 3344 3261 3205 3082 3071 3041 2970 2956 2892 2895 2926 2959 2963 2986 2918 2822 2772 2710 2651 2631 2632 2635 2590 2550 2524 2508 2557 2567 2504 2470 2491 2564 2552 2520
2872 2932 2922 2873 2897 2958 2984 3004 2955 3022 3048 3023 3056 3209 3230 3110 3185 3177 3257 3122 2896 2999 3066 2845 2767 2736 2725 2764 2817 2785 2713 2736 2785 2733 2738 2686 2685 2828 2901 2884 3022 3161 3119 3090 3219 3308 3442 3591 3506 3321 3302 3279 3300 3290 3247 3140 3101 2967 2923 2841 2944 2934 2997 2900 2853 2828 2775 2688 2653 2607 2643 2665 2610 2570 2505 2579 2599 2608 2603 2567 2537 2627 2663 2654
2874 2929 2896 2827 2869 2872 2966 2928 2891 2951 2869 2946 3024 3156 3259 3323 3297 3311 3187 3183 3161 3020 2965 2888 2777 2769 2819 2896 2842 2766 2724 2800 2832 2811 2758 2732 2696 2789 2910 2970 3021 3058 3185 3228 3174 3335 3489 3573 3372 3283 3189 3207 3161 3167 3232 3182 3075 2940 2714 2711 2715 2777 2830 2779 2725 2703 2720 2676 2642 2642 2554 2642 2589 2583 2589 2645 2550 2678 2680 2689 2728 2613 2718 2701
2810 2717 2665 2677 2715 2854 2824 2916 2891 2977 2989 3019 3015 2944 3163 3296 3418 3447 3324 3118 3053 2954 2855 2795 2770 2831 2896 2906 2832 2842 2778 2913 2896 2817 2804 2864 2755 2820 2885 3012 3081 3088 3125 3282 3300 3398 3502 3545 3410 3339 3067 3057 2840 2877 2856 2848 2807 2745 2719 2772 2773 2686 2778 2900 2877 2797 2730 2723 2717 2651 2667 2682 2820 2669 2654 2607 2621 2720 2766 2863 2831 2793 2697 2727
2705 2781 2849 2908 3021 3043 2934 3052 3189 3089 3185 3302 3269 3197 3021 3302 3292 3403 3193 3105 3093 2974 2865 2849 2849 2912 2957 2967 2991 2951 2866 2925 2833 2852 2863 2956 2828 2745 2811 2923 2996 3078 3143 3186 3309 3435 3598 3503 3233 3206 3061 2940 3127 3238 3102 3019 2903 3058 2970 2905 2881 2874 2854 2988 2881 2896 2828 2798 2744 2761 2728 2696 2752 2705 2679 2670 2665 2755 2912 3110 3007 2822 2709 2671
2787 2856 2940 3006 3042 3102 3072 2999 3149 3212 3174 3226 3350 3392 3283 3196 3211 3347 3156 3087 3049 2965 2908 2840 2934 3016 3013 3080 3144 3023 2943 2956 2845 3009 2945 3028 2972 2895 2781 2857 2928 3081 3181 3257 3339 3461 3584 3378 3301 3106 3180 3243 3352 3190 3077 2999 2954 3076 3033 3109 3032 2920 2889 3030 3028 3004 2944 2882 2843 2751 2750 2755 2718 2689 2699 2717 2706 2859 3174 3127 2967 2847 2845 2772
2710 2826 2912 2961 3071 3240 3257 3166 3077 3203 3278 3336 3410 3431 3481 3334 3201 3366 3305 3213 3127 3032 2858 2990 3054 3167 3168 3232 3181 3121 3042 2971 2854 3053 3009 3068 3071 3095 2900 2814 2858 2958 3005 2992 3303 3617 3440 3432 3271 3234 3499 3428 3400 3249 3106 2970 3016 3119 3243 3247 3188 3074 3036 3103 3199 3149 2984 2955 2831 2769 2826 2803 2761 2740 2770 2756 2756 2835 3004 3055 2969 2869 2772 2716
2671 2799 2918 3041 3083 3188 3149 3179 3221 3334 3334 3467 3463 3508 3480 3359 3642 3611 3485 3330 3154 2880 2995 3099 3142 3342 3406 3393 3233 3209 3105 2870 3098 3183 3140 3215 3235 3185 2926 2976 2929 3175 3270 3182 3117 3375 3510 3420 3400 3512 3478 3352 3199 3090 3043 3109 3106 3221 3173 3227 3178 3101 3121 3253 3234 3093 3055 3021 2899 2896 2866 2905 2823 2770 2745 2769 2786 2986 2927 2863 2833 2797 2738 2698
2657 2727 2838 2955 2991 3106 3163 3081 3215 3177 3093 3192 3371 3542 3568 3595 3708 3504 3271 3148 3044 2883 3112 3342 3232 3347 3465 3435 3462 3325 3141 2885 3188 3387 3320 3251 3328 3372 3225 3000 2877 3172 3419 3416 3211 3238 3624 3648 3679 3515 3322 3219 3216 3275 3288 3235 3205 3227 3193 3151 3122 3037 3240 3235 3161 3177 3083 2988 3031 3086 3044 2923 2792 2732 2702 2711 2767 2969 3000 2823 2759 2754 2659 2638
2663 2667 2675 2925 3033 3063 3067 2988 3009 3154 3283 3301 3365 3525 3709 3555 3424 3330 3363 3300 3149 2992 3240 3463 3485 3372 3539 3576 3433 3285 3178 3012 3292 3526 3365 3361 3417 3356 3242 2898 2998 3275 3478 3644 3435 3336 3534 3803 3566 3462 3375 3530 3498 3401 3295 3207 3176 3125 3194 3120 3061 2985 3175 3143 3071 3048 2976 2916 2960 3120 3045 2867 2773 2731 2670 2674 2685 2809 2837 2833 2734 2690 2681 2574
2785 2821 2686 2870 3007 2899 3075 3094 3167 3217 3384 3486 3451 3608 3713 3671 3651 3495 3338 3193 2954 3104 3348 3543 3616 3532 3616 3620 3473 3489 3203 3011 3372 3585 3472 3621 3572 3427 3259 2929 3077 3236 3375 3574 3682 3472 3751 3809 3666 3611 3579 3609 3600 3496 3406 3285 3202 3165 3044 3013 2980 2902 3108 2940 3026 2960 2862 2829 2830 2877 2850 2836 2784 2761 2710 2646 2626 2726 2779 2755 2789 2658 2533 2483
2804 2864 2678 2729 2760 2930 3052 3211 3344 3332 3382 3465 3481 3520 3567 3710 3567 3495 3292 3108 3049 3162 3251 3459 3736 3762 3671 3547 3435 3328 3148 3067 3381 3577 3637 3646 3490 3336 3285 2983 3308 3450 3474 3697 4056 3860 3879 3621 3416 3506 3522 3514 3396 3307 3387 3302 3238 3169 3114 3003 2922 2814 2903 2961 2913 2788 2771 2771 2742 2789 2834 2854 2828 2785 2735 2658 2618 2576 2628 2739 2632 2564 2575 2523
2867 2829 2775 2686 2866 3114 3272 3228 3410 3468 3390 3214 3420 3493 3551 3702 3584 3395 3193 3066 3316 3463 3376 3504 3698 3798 3564 3503 3368 3322 3153 3103 3506 3608 3650 3545 3393 3336 3120 3094 3289 3520 3677 3806 3777 3603 3611 3609 3477 3405 3512 3446 3257 3168 3342 3370 3277 3211 3124 3025 2989 2995 2840 2768 2732 2697 2744 2707 2705 2709 2758 2820 2861 2871 2795 2691 2668 2644 2615 2623 2529 2720 2789 2699
2993 2923 2841 2743 2700 3024 3224 3270 3367 3284 3174 3189 3282 3427 3522 3622 3488 3306 3159 3278 3538 3560 3479 3642 3708 3586 3482 3542 3375 3156 3135 3183 3468 3713 3656 3525 3383 3300 3058 3210 3423 3498 3810 3893 3684 3480 3388 3321 3290 3317 3379 3232 3074 3204 3257 3264 3291 3244 3143 3008 2954 2961 2873 2799 2739 2674 2710 2620 2595 2626 2726 2703 2880 2838 2802 2736 2714 2787 2808 2650 2657 2619 2673 2630
3155 3166 2928 2857 2707 2712 2916 2910 3063 2968 3081 3160 3326 3449 3603 3575 3460 3336 3259 3415 3645 3778 3668 3639 3530 3458 3332 3314 3332 3419 3309 3278 3473 3647 3590 3451 3374 3210 3137 3378 3546 3811 3819 3688 3511 3623 3513 3483 3320 3177 3167 3131 3075 3124 3093 3157 3219 3107 3017 2882 2941 2900 2846 2802 2747 2733 2721 2672 2667 2682 2573 2636 2896 2803 2742 2714 2731 2744 2762 2890 2834 2768 2657 2599
3356 3233 3112 3062 2869 2715 2738 2821 2965 3092 3271 3358 3451 3525 3644 3555 3454 3414 3401 3546 3707 3627 3694 3633 3539 3480 3501 3559 3637 3506 3364 3361 3570 3704 3701 3565 3478 3361 3568 3724 3827 3910 3830 3685 3457 3431 3377 3355 3276 3220 3147 3102 3051 2923 2901 2989 2937 2874 2816 2757 2786 2878 2882 2882 2792 2795 2745 2701 2600 2543 2483 2557 2584 2766 2717 2676 2627 2677 2848 2970 2946 2934 2901 2729
3580 3467 3315 3171 2955 2749 2738 2734 3048 3235 3336 3414 3498 3554 3526 3515 3536 3664 3532 3741 3656 3533 3453 3816 3667 3638 3664 3817 3641 3528 3454 3540 3713 3635 3596 3470 3420 3571 3674 3573 3789 3626 3598 3902 3583 3544 3456 3328 3252 3159 3120 3003 3156 3036 2937 3031 2761 2750 2687 2649 2734 2827 2898 2942 2870 2829 2790 2744 2636 2655 2647 2633 2430 2514 2591 2579 2583 2690 2817 2761 2734 2845 2900 2884
3716 3686 3377 3240 3024 2811 2896 2744 2829 2995 3129 3196 3283 3317 3317 3343 3041 3265 3351 3486 3505 3351 3579 3757 3661 3460 3454 3768 3755 3724 3528 3727 3656 3610 3403 3330 3354 3550 3616 3442 3631 3550 3411 3452 3262 3460 3326 3190 3129 3175 3208 3128 2971 2878 2754 2981 2905 2793 2742 2737 2640 2777 2755 2783 2921 2907 2831 2708 2701 2660 2640 2614 2574 2465 2441 2508 2513 2605 2676 2646 2654 2710 2726 2704
3446 3580 3433 3264 3114 2798 2978 2989 2878 2795 2824 2895 2931 3138 2880 2968 3080 3120 3040 3044 3414 3631 3694 3749 3570 3422 3347 3380 3554 3455 3471 3458 3431 3287 3126 2946 2932 3273 3356 3298 3502 3560 3396 3200 3072 3229 3088 2946 2979 3026 3075 3072 3053 2983 2962 2730 2605 2679 2691 2715 2634 2573 2640 2711 2859 2818 2790 2746 2681 2679 2627 2578 2561 2527 2450 2405 2462 2502 2534 2524 2611 2628 2654 2615
3201 3418 3411 3212 3141 2862 2918 3249 3261 3052 3066 3130 3038 3248 3109 3180 3481 3614 3360 3138 3191 3319 3626 3758 3601 3458 3363 3239 3202 3186 3087 3118 3031 3053 2967 3132 3112 3072 2896 2952 3143 3232 3260 3059 3040 2840 2915 2842 2904 2909 2827 2889 2852 2743 2741 2690 2578 2529 2596 2620 2563 2675 2644 2492 2894 2856 2931 2964 2768 2769 2677 2641 2633 2519 2498 2422 2405 2442 2361 2394 2509 2523 2593 2566
3029 3302 3414 3305 3119 2852 3158 3470 3347 3168 3183 3403 3455 3405 3373 3310 3609 3487 3276 3162 3328 3312 3488 3665 3760 3573 3411 3491 3488 3529 3368 3136 3269 3607 3451 3470 3500 3489 3358 3126 2942 2837 2794 2680 2701 2634 2700 2623 2615 2591 2653 2599 2505 2588 2486 2559 2524 2435 2420 2505 2402 2380 2539 2514 2761 2787 2681 2774 2752 2715 2719 2657 2576 2511 2459 2378 2355 2247 2283 2243 2184 2373 2420 2503
3137 3319 3565 3374 3188 2851 3042 3416 3491 3342 3212 3301 3452 3561 3518 3536 3559 3236 3386 3654 3493 3282 3518 3752 3765 3621 3529 3664 3574 3551 3208 3269 3554 3746 3635 3717 3769 3806 3661 3472 3227 3195 3041 3168 3006 2746 2629 2618 2718 2597 2572 2614 2917 2933 2796 2763 2740 2830 2938 2780 2741 2557 2488 2427 2514 2629 2605 2518 2548 2518 2451 2500 2390 2357 2361 2474 2438 2399 2391 2361 2204 2220 2265 2419
3153 3319 3544 3444 3240 3110 2936 3186 3471 3471 3413 3266 3368 3544 3670 3599 3455 3285 3797 3781 3511 3346 3502 3714 3866 3669 3524 3447 3307 3202 3457 3358 3573 4006 3905 3951 3779 3599 3567 3522 3462 3380 3348 3203 3059 2855 2827 2676 2548 2540 2726 2858 3167 3221 3069 3095 2974 2918 2893 2807 2731 2655 2658 2651 2339 2494 2402 2311 2304 2293 2282 2328 2322 2320 2307 2315 2310 2252 2210 2425 2309 2146 2258 2224
3181 3344 3673 3535 3438 3294 3102 2929 3313 3580 3480 3409 3427 3506 3663 3557 3408 3523 3728 3638 3388 3620 3626 3745 3857 3653 3410 3412 3565 3777 3619 3467 3628 3904 3814 3648 3572 3561 3336 3267 3176 3097 3171 3091 3039 3093 2923 2635 2716 3004 3106 3097 3361 3264 3270 3159 3084 3041 2958 2890 2780 2797 2687 2649 2568 2476 2387 2392 2411 2454 2462 2461 2465 2590 2584 2368 2445 2420 2270 2284 2332 2416 2347 2154
3161 3320 3652 3610 3485 3536 3227 2997 3331 3672 3561 3478 3529 3591 3682 3598 3555 3665 3652 3473 3688 4056 3850 3806 3595 3526 3409 3547 3787 3877 3600 3642 3648 3876 3736 3561 3440 3338 3521 3436 3369 3326 3249 3256 3302 3104 2581 2578 2980 3258 3452 3326 3408 3388 3353 3237 3254 3195 3094 3028 2941 2740 2556 2500 2438 2453 2523 2477 2489 2759 2716 2624 2725 2891 2641 2662 2622 2569 2470 2391 2540 2530 2415 2268
3135 3352 3604 3710 3650 3476 3364 3088 3089 3339 3336 3342 3467 3500 3577 3677 3555 3629 3732 3589 3836 3671 3648 3589 3478 3465 3695 3755 3645 3593 3856 3993 3875 4102 3872 3723 3663 3735 3703 3683 3626 3505 3539 3461 3279 2999 2579 2760 3088 3405 3379 3289 3407 3268 3088 2998 2998 2946 2813 2787 2667 2487 2566 2635 2570 2576 2582 2560 2541 2651 2791 2859 2883 2932 2751 2886 2793 2797 2710 2562 2416 2380 2383 2309
3179 3415 3489 3475 3568 3606 3428 3277 3085 3078 3224 3409 3537 3415 3537 3476 3421 3487 3631 3829 3712 3826 3706 3680 3704 3536 3403 3484 3556 3455 3667 3826 3818 3740 3811 3715 3568 3701 3703 3602 3538 3674 3652 3477 3303 3006 2596 2950 3321 3356 3298 3196 3140 3047 2985 2882 2805 2729 2574 2612 2620 2609 2710 2679 2666 2635 2686 2732 2634 2729 2737 3029 3082 3151 3069 2914 2716 2714 2725 2632 2517 2384 2353 2311
