test/HelianthusTinyTest/asciifiles/nabio_19.asc
ncols  170
nrows  166
xllcorner  -106.083333333333
yllcorner  39.5916666666667
cellsize 0.00833333333332943
NODATA_value  -9999
[rows 98 to 146 of 166, columns 0 to 95 of 170]
152 157 126 125 136 155 152 138 135 113 93 85 87 83 99 91 91 88 85 82 85 115 108 85 85 84 84 84 84 84 85 109 111 118 124 131 152 165 173 179 174 158 162 173 186 193 193 181 177 197 208 197 190 179 166 160 154 170 186 179 170 173 163 153 148 133 142 150 131 109 97 86 74 66 66 69 77 76 69 58 57 58 58 57 52 51 48 50 63 55 47 44 44 44 44 44
138 149 141 130 126 140 147 137 130 103 99 116 99 91 88 82 82 81 79 81 85 87 109 85 85 84 85 85 85 85 85 85 85 123 124 129 138 151 165 156 149 156 177 183 187 178 165 171 184 189 199 206 198 197 193 179 161 148 157 164 151 143 143 148 134 146 140 131 126 109 100 87 74 69 77 83 79 69 72 73 64 62 61 57 58 52 52 58 62 47 44 44 44 44 44 44
137 135 132 113 110 138 149 130 116 113 99 116 123 116 99 105 93 91 78 79 85 82 85 85 85 82 82 85 85 85 85 85 85 85 86 87 115 132 135 146 169 173 180 190 157 158 177 184 172 180 200 182 179 183 196 186 170 154 140 137 139 130 125 122 134 122 122 117 103 100 97 97 92 94 90 86 79 73 79 73 69 70 65 62 58 54 55 68 68 55 47 44 44 45 45 44
130 107 136 116 102 133 147 126 107 107 90 99 110 113 96 93 85 93 90 78 79 82 81 82 91 85 85 102 102 85 87 106 121 88 87 87 87 87 100 152 158 171 183 190 153 171 180 168 171 140 162 171 170 176 194 184 173 163 151 146 140 140 134 131 122 125 108 94 91 88 92 94 94 89 92 89 83 78 82 81 64 54 52 66 61 57 57 66 60 55 49 45 45 45 45 44
113 102 102 99 96 122 113 117 96 93 85 85 91 90 91 85 82 82 82 76 77 77 78 85 105 108 89 91 106 119 108 118 136 126 118 127 115 126 89 90 142 162 170 162 146 153 171 147 136 139 140 148 164 187 197 184 177 164 154 172 157 147 138 134 126 124 121 113 109 106 101 95 89 83 80 82 82 82 79 79 75 57 49 52 51 55 57 54 53 51 46 45 45 45 45 46
110 107 105 102 90 107 110 91 84 82 75 79 82 85 81 78 78 77 77 77 78 85 85 88 96 110 107 93 105 113 126 134 144 151 144 140 138 135 128 93 92 140 150 140 126 132 133 128 158 180 180 167 162 200 191 176 176 188 185 173 160 151 137 131 128 125 120 113 113 102 94 97 92 94 100 90 90 82 72 65 59 51 50 48 47 48 48 47 47 46 46 46 45 45 45 46
89 85 86 106 81 78 75 75 75 75 80 75 75 75 75 75 75 77 77 85 85 85 88 88 96 102 116 110 103 118 126 132 136 134 140 140 136 136 134 125 92 92 105 105 128 128 150 126 168 181 193 186 171 197 188 194 212 206 197 185 174 161 154 143 140 134 131 126 114 108 100 98 97 103 97 90 85 80 70 79 76 62 55 51 51 51 48 47 46 46 46 45 45 45 45 46
86 83 75 75 75 75 75 89 93 91 96 79 75 75 75 76 81 81 81 85 85 88 88 90 91 102 120 129 108 110 132 136 127 140 147 142 154 154 139 137 134 104 109 136 159 177 159 165 146 153 181 188 184 201 198 207 209 197 191 188 173 167 159 150 146 137 133 128 120 117 111 104 99 99 90 90 80 79 76 83 91 81 65 54 65 61 54 48 46 46 47 46 46 45 45 47
78 75 75 81 78 96 99 108 107 107 115 93 83 80 76 78 78 81 82 82 85 88 90 91 93 94 113 134 122 118 118 120 122 131 135 148 157 159 160 156 146 136 112 115 153 171 190 184 174 170 153 175 177 200 202 191 185 179 167 169 161 157 151 147 144 138 135 135 122 117 111 105 103 96 93 90 87 83 85 86 93 86 73 71 62 49 47 47 47 48 47 46 46 46 45 47
77 86 89 84 90 99 112 123 119 127 130 106 92 85 81 78 78 78 78 78 78 79 80 96 91 85 104 125 129 115 129 132 135 146 150 148 148 154 162 168 165 154 150 137 123 156 181 199 187 184 167 179 187 204 207 194 191 179 179 162 159 156 153 150 148 147 141 133 127 121 111 110 106 103 93 87 86 70 68 65 65 65 57 54 51 49 50 59 52 49 47 46 46 46 46 47
78 81 92 102 106 104 110 123 135 129 124 113 93 85 82 82 81 79 79 81 81 105 82 81 108 116 135 113 113 132 145 145 136 138 147 148 152 150 156 162 161 159 153 162 156 134 171 190 207 190 173 165 208 212 198 176 176 170 167 167 166 164 164 161 159 156 147 130 120 117 113 100 94 97 85 73 68 65 65 59 60 54 65 81 65 60 53 57 57 49 47 46 46 46 47 47
89 81 84 92 100 129 132 132 138 137 136 120 112 95 85 84 81 81 81 81 92 89 84 102 93 113 137 138 135 145 151 154 139 136 148 158 162 163 163 160 160 161 157 166 166 154 138 193 205 196 204 196 210 199 192 199 179 184 184 182 179 170 164 176 170 156 134 115 114 114 103 90 85 72 78 76 79 90 91 79 74 79 62 67 57 54 49 49 48 46 46 46 47 47 47 48
102 99 99 104 107 109 125 146 149 138 131 129 126 112 89 84 84 84 81 81 102 91 103 113 100 119 129 132 137 144 145 154 144 142 148 156 161 162 162 157 156 159 162 179 185 168 149 159 190 190 193 210 216 210 199 195 195 194 197 189 185 182 182 184 159 150 130 124 109 98 99 100 93 92 90 87 90 88 90 76 73 68 57 54 49 49 49 49 49 47 46 46 46 46 48 48
132 122 120 129 133 133 118 113 110 105 113 118 119 102 91 84 85 83 93 103 110 95 108 107 122 123 132 135 141 144 148 148 142 139 142 148 153 158 161 165 162 159 159 165 174 185 174 153 151 166 175 180 198 212 210 209 195 176 173 179 173 173 178 162 147 141 133 124 119 111 107 103 96 93 85 88 71 76 65 62 68 60 54 51 49 48 47 47 48 47 47 47 46 47 48 48
119 130 135 144 147 146 130 109 102 100 93 102 96 87 87 85 86 83 93 119 123 106 127 120 102 135 129 129 133 140 142 142 136 135 139 143 151 158 163 171 162 162 160 165 175 193 185 178 166 165 196 199 190 199 185 206 201 191 170 163 162 160 156 151 141 133 124 115 115 113 108 85 73 71 65 65 62 62 60 52 54 52 51 51 49 47 47 47 47 46 46 46 46 47 48 48
122 122 129 135 144 146 141 122 105 96 91 91 90 89 91 89 88 87 88 113 116 127 132 135 126 108 120 116 133 140 143 129 141 139 138 145 151 162 169 171 167 165 168 171 168 178 190 196 181 172 182 213 213 204 190 173 167 163 156 154 153 153 153 153 144 132 122 113 116 115 107 107 87 73 79 85 84 68 65 82 68 64 57 57 54 53 51 49 47 47 47 47 47 47 48 48
96 100 116 113 136 146 149 141 119 105 99 96 99 95 91 98 92 89 102 109 122 135 138 134 121 110 103 123 129 136 141 132 126 129 136 145 151 162 165 174 165 164 168 179 187 175 190 196 187 190 195 214 211 204 203 198 192 187 176 164 158 150 142 147 145 136 124 112 113 110 110 102 101 96 89 88 85 82 82 72 68 62 57 52 51 49 49 49 47 47 48 46 47 48 48 48
103 116 123 122 114 125 153 152 136 122 112 103 102 95 110 118 105 103 106 108 116 129 130 126 131 135 120 110 126 123 132 129 120 133 130 142 142 150 153 153 164 166 162 173 190 196 196 208 196 196 184 192 208 210 211 205 204 195 173 156 154 150 140 138 138 132 124 108 104 106 101 93 90 81 79 73 68 68 65 60 57 58 57 51 51 50 49 48 47 47 48 48 48 48 48 48
109 123 126 131 126 116 135 150 144 138 119 118 103 103 123 132 117 109 109 110 109 122 126 119 123 109 126 112 95 118 129 117 126 126 123 133 145 150 159 156 159 159 156 170 190 187 208 202 199 196 184 170 162 187 201 200 198 182 170 157 153 150 141 134 135 118 112 93 90 101 97 88 82 79 71 72 68 65 60 63 56 54 56 49 48 48 48 48 48 48 48 48 48 48 48 48
105 113 125 133 136 129 125 121 157 147 132 125 115 110 112 138 126 119 117 115 118 120 109 106 108 105 101 98 98 98 99 103 104 111 120 125 133 140 145 147 150 156 156 162 181 169 196 211 210 196 196 184 179 160 152 184 186 176 158 153 147 143 141 138 134 114 98 87 81 84 85 87 79 76 73 70 65 68 68 64 61 71 61 53 50 53 50 49 49 49 49 48 49 49 48 48
87 101 115 126 138 147 128 125 154 157 144 135 129 118 123 126 122 117 115 115 109 114 115 109 106 109 106 100 106 100 101 104 102 103 106 112 125 139 141 146 147 148 148 165 159 162 200 210 204 202 196 190 193 181 152 156 179 167 153 149 144 150 141 129 118 104 95 90 84 84 77 82 75 73 75 76 71 65 62 68 72 71 71 64 58 54 52 53 50 52 52 52 49 52 49 48
92 95 106 113 134 144 141 135 138 160 154 146 138 138 138 129 116 118 118 115 113 112 114 112 106 104 109 106 104 112 104 104 109 116 106 108 116 125 133 144 147 150 150 156 164 178 196 202 202 190 176 190 187 181 173 161 141 164 156 155 147 141 139 132 130 107 96 93 85 83 87 90 82 79 75 75 72 79 79 75 69 67 71 79 82 68 64 63 59 59 59 57 56 56 55 47
101 103 113 122 129 138 144 138 141 146 165 160 151 144 129 130 138 127 147 123 126 123 117 113 112 112 109 109 114 114 106 106 108 120 119 108 111 116 125 138 142 156 159 174 181 193 197 200 187 178 167 164 164 158 166 170 154 138 147 153 149 141 129 118 107 101 98 96 93 87 84 80 71 74 76 88 85 78 75 72 71 63 63 68 75 72 66 59 57 57 53 56 56 52 51 49
112 103 104 122 134 141 150 147 144 150 153 163 163 150 145 138 141 138 154 155 141 126 118 120 118 117 112 109 115 117 112 109 109 123 125 122 115 116 128 141 147 150 153 163 168 181 196 202 187 201 184 184 161 155 146 155 152 136 138 150 144 135 124 115 101 93 95 87 79 79 75 82 89 85 93 99 85 75 70 67 64 63 60 61 64 59 57 55 53 53 52 51 51 55 57 50
127 122 115 112 115 126 141 148 149 150 154 160 174 168 159 154 148 142 157 165 151 134 129 126 121 117 111 115 119 118 117 112 114 122 128 128 116 118 130 139 144 147 150 160 176 191 206 208 199 188 183 179 170 158 148 140 138 128 126 115 127 126 126 124 92 90 90 96 91 93 91 96 92 86 88 86 82 75 72 71 67 64 60 61 56 54 53 55 52 52 49 49 49 56 63 50
133 127 129 125 115 125 132 148 152 157 159 165 166 168 168 166 157 150 147 148 144 144 126 123 120 118 123 121 121 119 116 113 113 122 127 132 135 119 128 134 141 144 153 158 170 195 206 193 194 178 166 166 161 164 167 161 155 138 144 130 121 104 101 106 98 90 101 98 96 93 90 93 93 93 88 84 85 82 74 71 64 64 61 60 58 53 53 52 52 50 51 49 49 51 55 51
117 126 135 135 132 132 135 141 147 152 144 151 151 153 149 143 139 138 129 132 132 129 124 131 125 124 125 123 122 121 119 116 118 119 119 136 139 136 135 138 142 144 150 153 169 191 193 202 190 201 198 179 183 174 168 167 158 155 150 135 129 124 127 133 124 118 110 97 93 93 90 83 82 86 82 80 75 72 75 75 72 65 61 56 55 55 55 51 49 50 49 49 49 49 49 49
124 133 144 146 144 141 141 144 145 142 144 149 150 157 160 149 148 145 150 148 144 137 142 142 133 129 126 125 126 129 121 123 128 131 125 122 133 141 142 143 150 144 152 159 160 175 191 197 201 187 181 170 164 152 150 147 141 138 132 132 135 135 135 137 130 120 113 104 96 93 92 92 86 81 78 75 80 81 73 70 72 78 76 73 64 61 55 56 56 53 51 49 49 48 48 47
128 135 135 130 133 141 144 145 141 148 151 148 153 169 171 160 167 166 176 161 141 150 157 138 131 128 128 133 139 137 128 133 139 133 134 125 125 142 145 144 153 165 159 156 169 178 193 202 197 178 176 173 174 173 167 156 152 139 135 127 135 133 138 129 124 120 113 101 96 90 93 96 89 83 75 83 84 85 84 79 75 84 88 87 78 70 64 61 59 55 56 55 53 50 52 53
127 135 131 124 129 130 141 138 133 141 132 141 148 163 174 182 179 181 167 167 164 151 147 141 132 132 137 143 140 134 130 139 142 141 137 133 127 141 144 148 152 155 166 170 164 181 197 201 184 174 164 164 158 159 166 160 149 138 112 112 112 118 122 117 108 105 107 100 94 94 82 92 86 84 84 89 78 92 92 92 95 83 95 92 81 73 66 64 62 70 70 61 54 54 62 56
120 110 104 105 110 127 124 135 133 143 144 147 147 141 163 179 192 195 182 160 154 145 137 132 131 137 142 143 139 140 136 145 144 141 141 144 138 141 144 150 156 156 159 175 178 189 197 200 188 180 152 149 132 135 132 132 126 118 113 119 118 106 117 128 125 116 107 106 104 94 96 97 112 94 92 86 86 97 101 112 107 103 92 95 91 84 67 64 61 65 69 64 59 62 59 54
107 116 124 132 144 147 136 150 165 154 165 178 174 166 148 179 178 190 167 157 157 146 137 137 137 143 146 147 149 147 142 145 141 142 142 147 141 136 141 144 149 155 161 165 178 193 203 197 169 164 150 140 155 167 152 144 135 147 138 132 129 127 124 136 125 126 118 114 107 108 103 99 104 98 95 92 92 101 117 135 124 106 92 87 84 81 73 62 63 59 67 76 79 67 64 54
116 124 135 141 147 154 150 143 160 167 163 169 183 187 176 167 169 184 163 156 152 145 140 135 143 150 150 156 162 151 146 147 141 150 146 153 147 144 141 141 144 155 165 172 182 195 203 186 176 155 161 167 180 161 149 141 138 147 143 150 141 131 127 139 138 136 129 123 117 106 106 106 100 95 97 98 95 112 144 138 121 107 106 98 85 81 70 74 70 63 56 62 67 53 51 59
107 120 130 136 150 168 171 160 151 165 174 181 189 192 196 182 167 186 179 169 160 151 136 147 153 164 165 173 167 159 153 147 141 153 150 155 155 156 143 140 141 145 148 146 178 204 193 191 172 167 195 188 184 167 152 138 141 151 163 163 156 144 140 146 155 149 132 129 116 108 114 110 106 101 103 101 101 109 126 129 121 109 98 92 90 82 81 101 81 84 73 55 54 56 51 48
101 116 130 144 150 162 157 162 166 179 180 193 193 198 196 184 207 206 198 182 162 137 146 157 161 185 192 192 172 169 158 140 156 166 162 169 172 166 144 146 143 163 175 164 156 187 197 190 187 197 193 180 161 150 145 150 150 161 156 160 154 146 147 160 158 143 139 134 123 120 117 120 111 104 101 103 103 124 118 109 106 101 95 90 86 85 95 87 81 78 70 65 59 59 59 54
99 107 121 135 139 153 160 150 166 161 152 163 184 200 202 204 211 198 175 160 150 136 157 185 170 186 198 196 199 183 161 140 166 192 183 173 183 189 169 147 140 163 193 192 166 169 204 204 206 197 177 164 163 170 170 164 160 161 157 152 149 140 160 159 150 152 140 131 134 139 134 122 106 100 95 95 101 121 124 106 98 97 86 84 91 80 76 62 62 65 59 62 57 52 59 56
99 100 101 130 144 147 148 139 142 157 173 176 184 198 210 201 191 181 185 178 160 145 170 198 200 189 204 205 196 178 165 148 178 204 189 188 195 186 172 140 146 175 198 206 194 181 200 213 200 192 183 195 192 183 171 160 156 150 157 148 142 134 152 149 140 137 130 123 126 143 134 115 105 100 92 92 92 105 107 106 95 89 88 77 74 70 65 62 56 56 55 55 54 51 51 51
113 117 102 124 140 127 148 151 160 165 184 195 192 204 210 208 207 198 182 164 140 155 184 203 207 202 207 207 200 201 167 147 189 206 201 206 204 196 172 141 152 169 187 203 207 197 210 213 204 201 199 201 198 192 183 169 158 154 141 137 134 126 146 128 136 129 118 114 114 117 114 112 106 103 95 88 85 95 101 98 101 85 73 68 66 64 63 59 62 63 60 56 59 56 52 51
113 122 100 107 110 130 144 163 179 178 184 192 194 198 201 210 201 198 176 154 149 161 172 197 212 214 209 204 196 183 159 151 189 205 207 207 202 183 175 143 178 197 197 207 228 216 216 203 188 195 195 195 183 172 180 170 163 154 147 137 128 117 125 129 125 111 108 108 103 108 112 113 109 103 98 89 84 78 84 95 84 76 77 71 84 70 78 67 78 70 66 64 63 62 56 54
120 116 110 101 122 151 170 165 185 192 184 164 188 195 200 210 203 187 163 149 179 195 186 200 210 215 204 201 188 181 159 155 202 206 207 203 192 183 155 152 175 200 207 213 210 203 203 201 194 186 195 189 166 155 175 177 166 157 148 137 134 134 118 109 105 100 104 100 98 97 103 109 112 112 103 92 89 85 82 82 73 91 98 88 91 105 96 87 90 86 74 63 61 58 55 52
135 127 117 106 102 140 163 169 181 171 159 160 173 189 198 204 195 176 159 173 201 202 198 207 210 204 199 202 189 159 156 163 201 209 207 203 189 178 149 165 194 200 213 218 206 197 186 177 171 174 183 163 145 159 164 165 167 161 149 135 130 130 120 112 105 96 100 89 85 88 99 95 114 109 105 96 93 101 102 85 85 81 85 81 85 103 104 105 91 83 69 62 58 58 56 54
154 154 127 119 102 102 127 127 144 134 147 157 176 190 203 201 192 179 170 189 207 215 208 207 201 196 181 179 182 195 178 175 201 206 204 199 188 165 156 188 202 213 213 206 197 203 197 194 175 157 155 151 145 150 145 151 159 146 137 123 128 123 117 111 105 103 100 94 92 93 81 87 115 105 97 93 95 95 96 109 103 95 84 77 78 80 80 96 100 70 62 61 58 55 58 56
176 162 148 143 119 102 105 116 133 148 169 179 189 196 204 199 192 188 186 201 209 205 209 206 201 198 199 203 206 201 186 186 203 209 209 203 200 185 203 209 214 219 213 206 194 191 183 180 168 161 153 147 141 130 128 134 129 123 117 108 111 120 120 120 109 109 103 97 83 78 71 78 81 100 93 89 82 88 105 117 114 112 108 90 80 70 69 86 71 69 69 65 63 56 55 53
196 187 171 154 130 105 105 105 142 164 176 185 193 198 196 195 198 207 198 212 206 199 194 215 207 206 207 215 206 201 198 202 209 206 203 200 194 203 206 203 212 203 203 218 200 198 192 176 165 154 149 137 152 139 130 137 111 108 100 94 105 114 120 124 117 111 106 100 87 89 88 86 66 72 79 78 78 88 102 95 91 102 108 105 103 83 63 61 63 66 61 60 62 58 55 55
207 204 177 163 137 111 122 105 115 135 151 159 170 173 174 179 143 170 180 195 196 181 201 212 206 195 195 212 212 209 201 209 206 203 191 180 184 201 203 195 203 200 190 194 168 192 175 158 150 155 158 148 132 124 111 132 125 114 106 105 91 108 105 107 120 119 110 96 94 89 86 83 78 68 66 71 71 79 85 82 83 88 88 86 97 88 67 63 58 58 58 57 61 55 54 52
183 195 182 164 147 108 132 133 119 111 114 123 128 152 122 133 146 150 142 143 188 204 208 212 201 191 181 186 201 195 197 197 194 172 152 135 133 170 182 174 197 200 187 159 144 162 146 132 135 138 143 142 140 132 130 105 88 97 99 101 90 83 90 97 114 109 106 100 92 90 85 79 76 74 66 63 66 69 71 71 78 80 82 77 74 70 63 63 60 55 59 58 55 54 53 51
155 179 179 157 149 116 122 163 164 140 143 150 140 164 149 157 192 201 180 153 159 176 204 212 203 194 183 166 161 159 148 151 142 143 136 152 149 145 129 133 152 164 167 143 141 123 129 122 127 127 119 124 120 108 108 100 84 77 86 88 80 94 90 72 117 112 119 122 100 100 89 85 83 71 70 63 63 65 60 60 69 69 74 72 66 66 63 60 58 58 52 55 55 53 53 50
134 167 179 167 146 114 151 186 173 154 155 182 187 182 179 173 201 192 168 155 176 173 195 206 212 201 189 196 196 199 183 152 169 203 195 197 197 197 181 150 132 123 118 103 106 95 105 93 91 88 96 88 77 86 74 81 77 68 66 74 65 62 76 73 101 103 90 101 98 93 93 85 77 71 66 60 60 55 55 55 52 60 62 67 68 60 63 58 58 55 53 53 53 55 53 54
147 168 193 176 154 113 137 181 189 173 159 170 186 195 192 195 197 162 182 204 192 169 195 209 212 203 198 206 200 200 160 169 200 209 203 207 210 211 204 194 161 158 138 153 135 109 93 91 105 88 84 88 124 125 111 106 103 112 123 106 100 79 71 65 73 85 82 72 75 71 66 70 61 60 60 66 63 60 60 58 52 52 55 61 58 58 69 61 59 55 53 52 50 50 50 52
