test/HelianthusTinyTest/asciifiles/nabio_8.asc
ncols  170
nrows  166
xllcorner  -106.083333333333
yllcorner  39.5916666666667
cellsize 0.00833333333332943
NODATA_value  -9999
[rows 42 to 83 of 166, columns 0 to 94 of 170]
102 102 101 100 99 100 100 100 98 95 93 88 82 -27 -43 -44 -60 -46 -40 -43 -43 -33 -51 -46 -35 -24 91 89 88 86 87 96 89 92 88 -22 -24 -25 -28 -28 -25 -25 -24 -28 -30 -33 -38 -40 -45 -45 -42 -36 -30 -30 78 80 83 88 90 98 101 102 108 105 109 114 117 120 110 104 103 106 101 100 101 99 90 90 98 102 102 111 119 124 125 128 132 131 123 119 119 126 130 128 126
102 102 102 99 99 97 100 99 98 98 95 91 85 -20 -40 -41 -56 -58 -50 -63 -43 -34 -36 -42 -36 -25 82 88 87 89 94 97 90 89 96 -19 -20 -24 -29 -30 -29 -27 -25 -29 -35 -39 -43 -41 -41 -43 -49 -42 -38 -33 -31 -25 72 77 85 88 92 95 101 107 110 109 115 113 109 102 93 88 85 86 90 87 82 84 95 106 109 107 114 124 127 128 128 134 128 119 116 120 129 133 132
103 102 102 99 98 98 98 98 97 97 96 93 88 -15 -24 -35 -48 -47 -66 -58 -44 -33 -28 -25 -27 -20 -17 90 91 92 87 83 83 83 92 82 -20 -24 -30 -33 -38 -38 -34 -34 -39 -42 -43 -29 -33 -32 -34 -34 -33 -26 74 79 82 80 81 83 86 95 102 107 110 114 111 108 102 104 99 92 82 76 82 80 78 87 97 103 110 114 116 119 120 125 128 134 137 136 124 122 123 130 133
102 102 101 101 100 101 99 98 96 96 93 91 87 83 -19 -29 -36 -41 -56 -57 -47 -39 -36 -32 -31 -21 83 88 88 91 92 89 86 89 86 -18 -21 -25 -30 -31 -34 -38 -40 -42 -38 -33 -30 -30 -27 -23 -26 -26 -33 -32 -22 78 89 89 91 93 95 98 99 106 109 111 105 107 105 101 100 93 87 89 89 97 96 99 107 111 111 117 124 121 121 127 129 132 136 141 126 124 125 129 133
100 102 101 99 97 99 97 95 94 94 92 90 86 83 -18 -23 -28 -38 -52 -48 -41 -37 -31 -30 -31 -22 -16 86 87 86 87 81 80 86 -19 -18 -20 -31 -36 -45 -42 -41 -44 -45 -41 -38 -32 -28 76 79 83 87 77 79 82 81 85 86 93 95 96 101 102 107 110 104 98 90 99 96 97 101 103 108 100 103 105 106 111 119 123 120 124 128 123 126 129 135 138 144 135 125 126 127 129
99 101 101 96 91 96 97 93 86 89 91 90 86 82 -16 -20 -29 -35 -46 -55 -41 -40 -35 -28 -23 -17 81 84 83 -17 81 80 78 86 -20 -26 -25 -27 -35 -39 -42 -45 -51 -53 -50 -44 -40 -28 -23 -26 -20 -21 87 87 87 88 92 94 93 96 100 101 106 103 108 105 102 95 91 96 101 106 108 110 113 111 112 112 118 127 128 129 132 133 134 134 135 137 138 146 143 132 130 128 133
98 97 100 99 100 99 97 94 88 84 89 90 93 89 86 81 -21 -33 -42 -49 -51 -40 -33 -26 -23 -15 79 79 79 80 80 -22 -21 -16 86 -17 -18 -25 -30 -34 -42 -46 -46 -45 -47 -41 -33 -33 -35 -31 -27 -22 -24 74 81 86 88 88 93 95 95 103 99 104 103 96 96 86 87 92 98 101 104 107 107 111 115 119 122 122 118 124 130 123 127 133 137 141 142 148 149 149 147 140 136
97 97 96 99 100 99 93 88 85 82 86 90 93 92 90 86 -16 -20 -31 -36 -46 -38 -34 -23 -21 -18 -16 -21 -23 -24 -20 -23 -22 -18 83 86 -17 -21 -28 -29 -34 -36 -36 -40 -45 -51 -53 -51 -45 -38 -39 -31 -34 -28 -21 79 83 88 96 90 89 94 99 103 104 86 80 81 88 95 97 98 102 102 107 110 109 113 116 113 118 121 123 116 120 122 127 135 132 139 141 140 150 153 153
96 97 97 99 99 98 98 91 90 91 93 95 93 92 89 85 82 -20 -25 -31 -46 -38 -31 -31 -28 -18 -23 -26 -27 -31 -29 -19 -23 -17 79 85 85 84 -16 -22 -27 -35 -44 -50 -53 -56 -60 -64 -59 -57 -56 -47 -39 -31 79 81 85 94 87 85 84 89 94 92 100 91 83 77 84 84 92 93 102 97 100 104 104 105 107 112 114 114 112 112 117 123 124 121 127 137 141 143 145 147 153
95 95 96 98 98 97 96 93 91 90 88 93 84 83 92 86 85 -13 -16 -20 -33 -37 -34 -29 -21 -21 -29 -33 -37 -31 -26 -26 -26 -23 -22 -24 -19 79 84 -18 -28 -41 -48 -55 -58 -56 -49 -63 -66 -48 -48 -33 -22 -20 -22 -20 87 77 -24 -22 78 84 91 86 91 87 79 -22 73 75 74 86 95 95 89 91 97 92 96 104 107 110 112 116 116 115 120 123 124 132 135 143 147 148 150
93 92 95 96 96 96 96 95 88 86 -13 84 89 -16 -13 87 84 84 -17 -21 -30 -39 -29 -24 -23 -30 -35 -42 -39 -31 -32 -32 -32 -28 -28 -33 -33 -28 -27 79 -18 -25 -32 -44 -50 -57 -42 -54 -58 -54 -38 -40 -36 -35 -33 -22 81 -28 -33 -25 -28 -23 81 81 92 87 79 80 74 -25 73 74 81 82 77 76 82 84 87 95 104 110 114 112 113 118 121 126 127 131 138 142 142 144 145
91 89 92 93 95 96 95 95 92 84 -19 -18 87 85 85 84 -14 -15 -17 -25 -35 -39 -30 -23 -34 -33 -37 -45 -36 -29 -39 -39 -29 -24 -24 -27 -32 -32 -29 82 81 -21 -22 -30 -45 -40 -38 -44 -46 -54 -59 -44 -45 -37 -24 -27 -40 -39 -46 -48 -39 -36 -31 -24 81 86 77 -26 -32 -27 79 87 72 73 73 74 81 89 93 100 105 110 105 105 113 117 119 121 122 136 140 139 141 143 143
87 85 85 89 94 94 95 93 92 90 -19 -21 -22 -18 -17 -17 -17 -22 -26 -30 -44 -41 -29 -26 -40 -41 -51 -44 -36 -41 -44 -28 -29 -29 -22 -21 -23 -20 -20 80 80 -20 -23 -24 -28 -31 -33 -32 -45 -44 -47 -39 -37 -32 -49 -52 -46 -39 -45 -53 -49 -43 -35 -26 75 -23 -23 -33 -37 -26 79 89 81 73 77 74 76 87 93 98 101 106 111 113 116 117 118 125 129 134 137 132 138 143 147
83 84 -12 89 90 95 94 92 92 90 87 83 -15 -17 -22 -27 -23 -22 -24 -23 -33 -41 -36 -26 -32 -40 -50 -47 -49 -41 -42 -41 -38 -34 -30 -28 -27 -23 -19 -23 -21 -15 -16 -21 -18 -23 -25 -22 -38 -43 -45 -46 -45 -53 -57 -52 -40 -33 -52 -46 -43 -39 -33 -26 -28 -31 -32 -38 -31 -30 80 93 95 85 90 79 -25 73 80 83 94 104 111 112 112 115 122 123 127 132 129 130 132 138 144
-15 -15 -16 85 89 91 92 92 90 89 89 88 88 88 89 -22 88 86 85 84 -13 -14 -16 -20 -23 -28 -36 -56 -49 -44 -54 -41 -38 -33 -26 -20 -20 -20 -20 -28 -30 -16 -24 -36 -34 -31 -37 -32 -30 -44 -49 -48 -50 -67 -60 -44 -39 -37 -33 -30 -27 -24 -20 -29 -24 -27 81 92 81 -22 74 85 97 104 100 92 83 82 90 82 88 99 107 109 111 115 120 120 120 121 125 130 134 131 139
-18 -19 -20 -14 -15 85 90 90 91 89 85 -13 -12 88 89 88 -11 85 84 -19 -31 -27 -26 -33 -32 -34 -28 -44 -38 -31 -36 -38 -34 -26 -22 -20 -20 -26 -25 -32 -34 -18 -30 -45 -47 -40 -44 -45 -34 -41 -55 -68 -77 -73 -53 -53 -58 -47 -45 -48 -41 -32 -24 83 84 87 90 94 98 97 92 89 95 104 113 110 99 96 101 93 88 90 94 99 106 110 110 113 113 125 126 134 141 131 131
-26 -23 -20 -18 -17 -16 -14 -11 89 89 87 84 -13 -15 -16 -20 -24 -30 -26 -31 -40 -25 -51 -46 -41 -38 -32 -50 -42 -34 -24 -24 -22 -21 -36 -46 -33 -27 -26 -28 -25 -20 -32 -49 -52 -46 -51 -50 -42 -35 -46 -55 -79 -74 -68 -64 -64 -60 -57 -54 -53 -47 -43 -27 79 83 83 98 103 109 110 114 103 101 110 121 114 106 109 108 102 94 83 81 89 97 98 109 118 120 131 131 143 137 129
-33 -28 -27 -27 -24 -27 -22 -14 85 89 87 84 84 -13 -16 -14 -21 -37 -34 -38 -47 -37 -51 -53 -43 -43 -54 -46 -42 -37 -28 -22 -29 -48 -49 -42 -27 -29 -31 -29 -29 -20 -30 -39 -49 -54 -60 -55 -47 -43 -61 -62 -64 -66 -73 -70 -57 -48 -40 -42 -23 -31 -38 -29 -20 -29 -20 86 88 96 97 107 109 116 112 116 129 111 120 119 110 106 98 92 93 100 103 113 117 118 127 133 139 144 144
-17 -29 -34 -32 -28 -32 -27 -14 84 89 87 -20 -21 -22 -25 -19 -18 -20 -34 -42 -54 -53 -64 -52 -43 -34 -35 -41 -36 -27 -22 -26 -41 -47 -45 -38 -30 -36 -37 -30 -24 -24 -23 -31 -42 -56 -68 -58 -52 -81 -75 -59 -50 -38 -49 -68 -68 -58 -45 -30 -21 -17 85 82 88 94 91 93 89 84 95 105 109 117 123 124 127 131 134 123 124 115 109 105 103 106 106 113 120 120 120 136 141 145 149
85 -19 -21 -18 -24 -22 -19 -15 87 88 -12 -16 -17 -17 -27 -31 -27 -21 -21 -24 -37 -47 -53 -46 -34 -37 -25 -27 -24 -17 -23 -33 -47 -53 -42 -35 -41 -41 -41 -25 -28 -25 -24 -29 -38 -48 -62 -64 -65 -62 -65 -61 -60 -46 -37 -38 -51 -50 -44 -38 -31 -25 81 89 94 96 99 99 99 99 102 110 118 121 124 129 122 131 135 137 141 138 121 116 109 108 113 114 121 130 138 141 143 143 149
91 87 86 -12 -14 -11 -11 -11 -13 89 87 -17 -18 -24 -19 -26 -31 -32 -32 -24 -30 -48 -52 -43 -44 -35 -24 -21 -13 -26 -27 -34 -50 -55 -44 -41 -42 -26 -27 -34 -43 -37 -28 -28 -34 -43 -59 -75 -71 -49 -42 -55 -51 -43 -32 -35 -38 -46 -51 -45 -35 -26 -20 84 91 95 96 103 107 106 113 120 126 127 129 131 130 135 136 136 133 137 141 138 139 123 126 125 133 134 137 140 140 141 145
90 89 90 85 86 89 -10 -12 -14 -16 -16 -10 -12 -29 -34 -35 -37 -41 -44 -48 -34 -45 -56 -54 -47 -41 -26 -17 84 -27 -39 -44 -51 -56 -46 -38 -31 -26 -38 -50 -51 -48 -40 -31 -39 -48 -66 -61 -57 -42 -36 -29 -32 -37 -24 -35 -32 -32 -38 -45 -32 -24 -18 -15 85 90 95 103 111 114 114 120 122 128 131 132 127 116 119 129 123 140 144 150 150 146 143 135 139 138 138 135 129 135 141
89 91 92 88 88 87 86 90 88 -10 -19 -25 -23 -15 -19 -16 -21 -25 -35 -42 -45 -57 -56 -39 -36 -29 -22 -11 87 -22 -28 -52 -55 -43 -31 -35 -42 -47 -53 -53 -44 -41 -41 -44 -45 -56 -47 -52 -47 -46 -31 -28 -21 -13 -15 -30 -31 -20 -23 -26 -23 79 83 93 94 90 83 94 99 110 119 122 121 122 126 124 122 115 101 107 112 115 129 132 148 145 149 147 156 144 138 134 129 134 138
94 93 90 90 92 90 91 88 89 88 87 -32 -40 -44 -33 -29 -24 -34 -21 -24 -40 -62 -51 -54 -43 -27 -21 87 -15 -35 -30 -39 -45 -36 -38 -44 -48 -48 -55 -58 -50 -38 -32 -28 -43 -40 -40 -32 -28 -31 -32 -27 -17 83 -27 -41 -24 -16 86 88 -18 -21 82 91 103 109 110 115 106 116 117 114 114 116 118 114 106 103 109 102 103 111 117 124 129 135 132 140 150 151 150 152 150 154 161
94 95 94 94 92 91 89 -19 -12 -18 85 -25 -38 -40 -40 -35 -42 -50 -42 -24 -36 -47 -59 -51 -44 -35 -22 87 -14 -36 -37 -46 -33 -33 -53 -46 -44 -32 -42 -54 -51 -47 -48 -44 -34 -22 -15 -12 -13 -13 84 -15 82 88 -14 -32 -35 81 88 86 90 92 95 98 85 103 105 108 103 109 112 114 118 120 117 110 105 105 109 121 125 123 118 116 128 130 144 151 143 137 128 134 136 156 153
118 94 93 92 92 91 90 -17 -12 -21 -21 -16 -29 -42 -44 -45 -44 -50 -45 -35 -45 -58 -56 -45 -35 -26 -22 88 87 -22 -35 -32 -32 -53 -51 -48 -43 -35 -27 -41 -53 -53 -60 -58 -57 -46 -57 -31 -18 86 101 104 105 104 105 83 96 89 97 84 -14 84 102 96 88 92 94 101 100 101 104 123 122 121 113 114 113 114 118 123 135 136 128 131 142 145 145 130 129 131 123 122 117 125 132
96 95 92 92 92 91 91 -17 -12 -24 -33 -19 -23 -34 -29 -26 -31 -35 -39 -42 -42 -55 -53 -39 -30 -23 -17 89 88 -15 -25 -22 -29 -41 -52 -49 -43 -39 -37 -28 -22 -28 -41 -48 -56 -57 -56 -39 -24 -21 -23 82 92 105 106 105 107 106 110 109 115 100 101 108 116 115 118 108 106 110 119 124 124 120 118 115 121 124 126 134 136 133 134 131 129 115 131 139 134 120 127 133 139 129 132
117 92 92 89 90 87 89 -11 -10 -18 -31 -31 -29 -25 -38 -43 -40 -32 -39 -48 -42 -60 -47 -47 -36 -27 -16 88 93 -10 -20 -28 -39 -36 -54 -53 -43 -44 -41 -33 -32 -20 -16 -32 -48 -57 -47 -37 -40 -31 -20 -10 92 88 98 106 104 105 109 109 118 118 114 108 120 124 125 121 121 124 126 128 121 125 126 128 132 136 132 137 124 128 133 128 118 110 118 128 132 135 128 135 129 138 143
115 89 90 89 87 -12 -10 -11 -15 -10 -19 -29 -37 -31 -35 -46 -52 -53 -46 -37 -38 -59 -51 -43 -36 -25 -11 93 91 -18 -32 -40 -47 -41 -44 -53 -49 -57 -40 -34 -24 -24 -25 -15 -22 -41 -44 -48 -40 -19 -19 -19 -26 -24 89 92 98 99 89 84 92 109 121 115 114 118 122 127 124 126 127 128 120 128 133 128 124 128 128 122 111 115 116 119 119 109 111 118 123 136 135 138 143 142 142
89 91 -9 87 -11 -15 87 -13 -17 -14 -15 -24 -32 -35 -39 -45 -58 -45 -41 -29 -40 -44 -43 -42 -30 -16 -7 96 89 -13 -29 -40 -42 -38 -54 -60 -65 -67 -46 -50 -68 -38 -32 -16 -18 85 -21 -39 -49 -49 -38 -34 -24 -12 98 102 103 104 99 84 87 102 110 122 119 125 127 128 130 130 129 130 129 126 120 117 126 128 118 105 105 102 102 100 111 106 108 109 123 133 141 139 143 146 149
89 87 -13 -18 -18 -19 -16 -16 -19 -19 -18 -19 -20 -27 -30 -37 -45 -56 -46 -32 -27 -23 -13 -21 -17 -10 120 120 -12 -29 -23 -26 -29 -40 -46 -58 -69 -57 -48 -67 -57 -30 -26 -37 -39 -12 92 -12 -27 -42 -31 -24 -20 -15 93 102 106 109 110 110 107 116 117 117 118 124 125 129 126 128 130 129 129 128 121 117 121 115 115 105 103 104 108 111 116 118 112 116 120 128 135 144 145 142 146
111 -15 -23 -25 -26 -18 -13 -13 -21 -20 -21 -26 -34 -34 -32 -41 -44 -54 -50 -50 -42 -37 -22 -12 91 90 119 120 -17 -30 -33 -26 -33 -38 -47 -44 -41 -63 -59 -48 -32 -30 -36 -66 -62 -42 -19 95 89 -24 -26 -15 -9 85 92 104 109 113 111 113 114 117 122 124 126 127 121 106 118 125 127 123 121 116 118 110 116 106 106 105 104 109 111 114 120 118 123 126 128 131 141 149 138 138 143
-12 -22 -30 -30 -22 -15 -11 -12 -14 -21 -16 -26 -37 -41 -41 -50 -37 -35 -49 -39 -35 -37 -28 -20 88 94 120 120 -17 -24 -32 -28 -22 -38 -37 -36 -35 -49 -60 -54 -45 -49 -56 -68 -61 -47 -36 -30 97 96 91 91 99 112 110 115 116 117 117 118 118 120 121 124 122 122 115 115 122 125 127 122 115 107 110 115 119 112 104 101 98 101 103 112 113 111 110 115 125 133 146 152 148 140 144
-12 -11 -12 -15 -11 89 -13 88 -17 -15 -11 -16 -26 -45 -52 -46 -36 -28 -34 -23 -23 -27 -27 -22 -8 121 121 92 -11 -19 -20 -25 -23 -15 -25 -29 -46 -50 -39 -56 -56 -64 -56 -45 -44 -19 -12 -11 88 90 95 100 101 101 110 109 116 117 110 114 118 121 111 104 109 115 118 122 124 126 115 105 103 113 116 121 118 122 115 104 97 102 105 106 113 114 118 116 122 134 145 153 152 139 144
113 113 110 89 113 110 111 110 -14 -9 -8 -12 -21 -34 -52 -54 -40 -28 -23 -21 -17 -13 -14 -15 -9 116 122 121 -5 -12 -11 -9 -13 -18 -25 -41 -50 -50 -53 -33 -32 -54 -52 -40 -38 -38 -28 -23 -11 -17 -16 -16 -11 88 97 96 104 107 105 106 114 118 116 105 95 106 117 118 120 122 119 100 105 110 111 113 117 121 122 109 104 100 106 111 112 117 124 131 121 138 147 152 156 145 145
115 112 110 88 113 -8 113 115 116 115 89 -8 -17 -26 -36 -43 -43 -43 -34 -29 -24 -18 -13 89 90 121 122 122 116 92 -12 -11 -15 -16 -18 -25 -29 -36 -39 -29 -27 -38 -49 -53 -55 -54 -43 -24 -25 -24 -23 -21 -13 -10 87 87 96 101 104 102 112 115 115 111 97 97 110 117 120 117 117 109 99 99 106 110 111 122 127 118 109 107 112 115 115 124 129 126 124 136 137 146 156 160 155
114 115 115 -11 113 119 114 -10 -13 -12 89 89 -12 -17 -25 -26 -33 -44 -39 -30 -30 -29 -21 -15 -5 115 122 122 120 90 -9 -14 -11 -7 -11 -8 -11 -20 -18 -44 -38 -43 -48 -55 -58 -60 -62 -28 -30 -32 -22 -14 -13 -9 91 99 99 103 102 100 105 105 99 107 100 93 110 116 110 108 112 109 106 94 101 106 107 111 111 123 124 120 112 117 114 115 114 113 126 133 144 151 156 160 151
114 117 117 120 116 115 -8 -10 -22 -23 -10 -11 -8 -10 -13 -18 -24 -40 -42 -39 -37 -31 -24 -18 -12 90 123 123 123 92 -5 -10 -6 -12 -25 -28 -28 -30 -33 -43 -52 -50 -37 -55 -45 -60 -53 -54 -50 -37 -22 -16 -8 92 95 94 94 95 97 100 94 88 89 94 99 94 106 99 91 90 94 99 100 90 91 103 104 104 107 116 124 133 130 119 113 109 109 115 128 131 141 150 156 161 157
113 117 119 116 115 -7 110 -13 -19 -19 -15 -14 -9 -11 -10 -15 -22 -36 -33 -35 -31 -27 -19 -15 -10 -5 120 122 123 116 -10 -19 -5 -14 -29 -39 -33 -36 -39 -37 -44 -46 -35 -34 -43 -57 -59 -63 -59 -34 -24 -16 -9 92 87 -13 -10 -11 -11 -11 -7 -19 -12 89 97 96 88 -18 -12 -10 93 99 89 92 94 102 106 106 109 103 109 111 126 136 128 114 115 115 124 129 142 150 157 165 163
105 117 117 109 114 111 -9 -16 -22 -25 -22 -22 -19 -15 -14 -19 -27 -34 -35 -27 -21 -17 -12 -13 -11 116 123 123 122 116 -11 -18 -5 -15 -24 -38 -36 -27 -24 -28 -31 -36 -31 -29 -44 -50 -54 -57 -40 -44 -37 -21 -16 -14 -25 -17 -26 -32 -31 -29 -22 -24 -21 -8 94 92 -18 -29 -22 -12 93 93 95 98 106 110 106 104 103 99 102 103 111 132 138 130 125 127 142 144 145 152 158 161 120
119 -9 111 115 113 -10 -13 -15 -19 -31 -30 -29 -26 -23 -18 -21 -32 -37 -36 -32 -24 -16 -13 -5 -7 115 118 123 123 119 -4 -13 -5 -19 -29 -25 -24 -18 -6 -4 -7 90 -4 -29 -47 -35 -46 -56 -51 -34 -27 -40 -45 -17 -37 -26 -30 -44 -50 -43 -26 -16 -11 91 95 91 -14 -33 -32 -20 98 102 104 111 112 114 113 112 110 102 98 104 113 122 141 143 141 151 151 154 154 154 154 160 121
118 117 -9 -8 -10 -10 -16 -18 -26 -36 -41 -38 -35 -31 -27 -27 -31 -34 -35 -29 -22 -15 -12 -7 115 118 124 124 124 123 118 92 91 -17 -19 -22 -24 -6 119 -11 -21 -29 -11 -10 -27 -39 -54 -62 -63 -43 -44 -67 -44 -23 -45 -46 -45 -49 -54 -43 -31 -19 -8 93 97 98 86 -21 -33 -17 93 101 111 114 116 117 118 119 114 108 105 112 130 138 138 140 147 149 139 144 147 150 154 159 120
