test/HelianthusTinyTest/asciifiles/nabio_2.asc
ncols  170
nrows  166
xllcorner  -106.083333333333
yllcorner  39.5916666666667
cellsize 0.00833333333332943
NODATA_value  -9999
[rows 42 to 83 of 166, columns 0 to 93 of 170]
162 162 162 161 160 161 161 161 160 158 157 154 150 140 129 128 118 127 131 129 129 136 124 127 134 142 154 153 152 151 151 156 152 154 151 142 140 139 137 137 139 139 139 137 135 133 130 129 126 126 127 131 135 135 142 143 145 147 148 151 151 152 152 152 152 153 153 153 152 150 150 150 149 148 148 148 144 144 147 148 148 149 150 151 150 151 151 151 150 149 149 150 150 150
162 162 162 161 160 159 160 160 160 160 158 156 152 145 131 130 121 120 124 117 129 135 133 130 133 141 149 153 152 153 155 156 153 152 155 144 142 140 136 135 137 138 138 136 133 130 127 128 128 127 124 128 130 132 134 137 139 141 146 147 149 150 151 152 153 152 153 152 152 150 147 145 143 143 145 144 141 142 146 149 149 149 150 151 151 151 151 151 151 149 149 149 150 150
163 162 162 161 160 160 160 160 160 160 158 157 154 149 141 134 126 126 115 120 128 135 138 141 140 144 146 154 154 155 152 150 149 149 154 149 143 140 136 134 131 131 133 133 130 128 127 136 133 134 132 132 133 137 140 143 145 143 144 144 146 150 151 153 153 153 152 152 150 151 149 146 142 138 142 140 139 143 147 148 149 150 150 150 150 151 150 151 152 152 150 149 149 150
163 162 162 162 161 161 160 160 159 159 157 156 154 151 146 138 134 130 121 121 127 132 133 136 137 143 149 153 153 154 155 153 151 153 151 144 142 140 137 135 133 131 130 128 131 134 135 135 137 140 137 137 133 134 139 143 148 148 149 150 150 151 151 152 153 153 151 152 151 150 150 147 144 145 145 148 147 148 149 150 150 150 151 150 150 151 151 151 152 153 150 149 149 150
162 162 162 161 160 161 160 159 158 158 157 156 153 151 147 143 140 132 124 126 131 133 137 137 137 143 147 152 152 152 152 148 147 151 144 145 143 136 132 127 129 129 127 126 129 131 134 137 143 144 146 149 143 144 145 144 147 147 150 151 151 152 152 153 153 152 150 147 149 149 149 149 150 151 149 149 150 149 150 151 151 151 151 151 150 151 151 152 152 153 151 150 149 150
161 162 162 160 156 159 160 158 154 155 156 156 153 151 148 145 139 135 127 122 130 131 135 139 142 146 148 150 149 146 148 147 146 151 144 139 139 138 134 130 129 127 123 121 123 127 129 137 140 138 142 140 149 148 148 148 151 150 151 151 152 152 153 152 153 152 151 149 147 149 150 151 151 151 151 151 151 151 151 152 152 151 152 152 152 152 152 152 152 154 153 151 150 150
161 160 162 162 161 162 160 159 155 152 156 156 157 155 153 150 144 136 130 125 124 131 136 141 143 148 148 147 148 148 147 142 144 146 152 145 144 140 136 134 129 126 126 127 125 129 134 134 132 134 137 140 139 141 145 147 149 148 150 151 151 153 152 152 152 150 150 146 145 148 149 150 150 151 151 151 151 151 151 151 151 151 152 151 151 152 152 153 153 154 154 154 153 152
161 161 160 162 162 161 158 155 153 152 154 156 158 157 156 153 148 145 138 134 127 132 135 143 144 146 147 144 142 141 144 142 142 145 149 152 146 143 138 137 134 132 132 130 126 123 121 123 126 130 130 134 133 136 140 144 146 148 151 149 148 150 152 152 152 146 142 143 146 149 149 149 150 150 151 151 151 151 151 150 151 151 151 150 150 150 151 152 151 152 153 152 154 155
161 161 161 162 161 161 161 157 157 157 158 159 158 157 155 152 151 145 141 138 127 132 137 137 139 146 143 141 140 137 138 145 142 146 148 151 151 150 146 142 138 134 128 123 122 120 118 116 118 120 119 125 129 135 144 145 147 151 148 147 146 148 150 149 151 148 144 141 144 144 148 148 150 149 149 150 150 150 150 150 150 150 150 150 150 150 150 150 150 152 152 153 153 153
160 160 160 161 162 161 161 159 157 157 156 158 153 152 157 154 153 151 148 145 136 133 136 139 144 144 139 135 133 136 140 140 140 142 143 141 144 147 150 145 138 129 125 121 119 120 124 116 115 125 125 133 141 142 140 141 148 143 138 139 143 146 149 146 148 147 142 138 138 140 138 145 148 148 145 146 148 146 147 149 150 150 150 150 150 150 150 150 150 151 151 153 154 153
159 158 160 161 161 161 160 159 156 154 151 152 156 149 151 155 152 152 148 145 138 132 138 142 143 137 134 130 131 137 136 136 136 138 138 135 135 138 139 146 145 140 134 127 123 119 128 121 119 121 130 129 132 132 133 140 145 135 132 138 135 139 144 144 149 147 143 143 139 136 138 139 142 142 140 139 142 143 144 147 149 150 150 150 150 150 150 151 151 151 152 153 153 153
158 157 158 159 161 161 160 160 158 152 147 147 155 154 153 152 150 149 148 142 135 132 138 143 135 136 133 127 133 138 131 131 138 141 141 139 136 136 137 149 148 143 142 136 127 130 131 127 125 121 118 126 126 130 139 137 129 129 125 124 129 131 133 137 144 146 141 137 132 134 141 146 137 138 138 138 142 145 147 149 149 150 149 149 150 150 150 150 150 152 153 152 152 153
156 154 154 157 160 160 160 159 158 158 147 146 145 148 148 148 148 144 141 138 129 131 139 140 131 130 124 128 133 130 128 139 138 138 143 143 142 144 144 148 147 143 141 140 137 135 134 134 127 127 125 130 131 134 123 121 125 129 125 121 123 127 131 136 140 138 138 132 130 135 141 147 142 138 140 138 139 144 147 148 149 150 150 150 150 150 150 151 151 152 152 151 152 153
153 153 153 157 158 160 160 159 159 158 155 152 150 149 144 141 143 145 143 144 136 131 135 141 136 131 125 126 125 130 130 130 132 135 137 139 139 142 145 142 143 146 146 142 144 141 139 141 130 127 126 125 126 122 119 122 129 133 122 125 127 129 133 136 136 133 132 129 133 133 142 148 149 144 146 141 135 137 141 143 147 149 150 150 150 150 151 151 151 151 151 151 151 152
151 150 150 154 157 158 159 158 157 156 157 156 156 156 156 144 155 155 153 153 151 150 149 146 143 139 134 121 125 128 122 131 132 135 140 144 144 144 144 138 137 146 140 132 134 136 131 135 136 127 123 124 124 113 117 126 130 131 133 134 136 138 140 135 137 136 144 149 143 138 139 145 150 151 150 147 143 142 146 142 145 148 150 150 150 150 150 150 150 150 150 151 151 151
148 147 147 152 151 155 158 157 158 157 155 152 153 156 157 156 153 154 153 146 137 141 141 136 137 136 139 128 132 137 134 132 134 140 143 144 144 140 140 135 134 145 136 127 126 130 128 126 134 129 120 113 109 111 121 121 118 125 126 124 128 133 139 146 146 147 148 150 151 150 148 147 149 151 152 152 149 148 149 147 145 146 147 148 149 150 150 150 150 151 151 151 153 151
142 145 147 149 149 150 152 153 157 157 155 153 151 150 149 146 143 139 142 138 131 142 124 127 130 133 137 124 130 135 142 142 143 144 133 127 135 139 139 139 140 143 135 125 123 126 123 124 128 133 126 120 108 110 113 115 115 117 119 120 121 124 126 136 143 146 145 151 152 153 153 153 151 151 152 153 152 151 151 151 149 147 142 141 144 147 147 149 150 150 151 151 153 152
138 141 142 141 144 142 145 152 155 157 155 154 154 152 150 150 145 133 136 133 127 133 124 123 130 130 122 127 130 133 139 143 138 126 125 129 139 138 136 137 137 143 136 130 124 121 118 121 125 127 117 117 115 114 111 112 119 124 129 128 139 134 130 135 140 135 140 146 147 150 151 152 153 153 152 152 153 152 152 152 151 150 148 146 146 148 148 150 150 150 151 151 152 153
149 140 136 138 141 138 141 152 154 157 156 147 146 145 142 147 148 146 135 130 122 123 117 124 129 135 135 130 134 140 143 141 130 126 128 132 137 133 132 136 141 141 142 135 129 120 113 119 122 106 109 119 124 130 123 113 113 118 126 134 140 142 147 146 149 151 149 150 148 146 150 152 153 153 152 153 153 153 153 152 152 151 150 150 149 149 149 150 151 151 150 152 153 154
154 148 147 149 144 145 148 151 157 157 153 150 149 149 142 138 141 145 145 143 133 127 123 127 135 133 142 140 142 147 142 136 126 123 129 134 130 130 130 141 139 140 141 137 131 125 117 115 115 116 115 117 117 125 131 130 123 123 127 130 134 137 145 149 151 152 152 152 152 151 152 153 153 153 153 153 152 153 154 153 154 154 152 151 150 150 150 150 151 151 153 153 153 153
158 156 155 153 151 154 154 154 152 157 157 149 148 143 147 142 138 137 137 143 138 126 124 130 129 135 143 145 151 141 140 135 124 121 128 130 129 140 139 134 129 132 138 138 134 128 119 109 112 124 128 121 123 127 134 133 130 125 122 125 131 137 141 147 150 152 152 153 154 153 154 154 153 153 153 153 153 154 153 153 153 154 154 153 154 151 151 151 152 152 152 153 152 153
159 158 158 155 156 157 154 153 152 150 150 155 153 140 136 135 134 131 129 126 136 128 121 123 127 131 141 148 153 141 132 128 124 121 127 132 136 140 132 124 123 125 130 136 130 125 115 117 119 128 132 136 134 131 139 133 134 134 130 126 133 139 142 144 148 150 151 153 154 154 154 154 153 153 153 153 152 152 152 152 152 154 155 156 156 155 154 152 153 152 152 152 151 152
158 159 160 158 157 157 156 159 158 155 148 143 145 151 147 150 145 142 135 130 128 121 121 132 134 139 144 152 155 144 139 123 122 129 137 134 129 126 122 122 128 129 130 127 127 120 126 123 125 126 135 137 142 147 145 135 135 142 139 137 139 145 147 151 152 150 146 151 153 154 154 154 153 153 153 153 153 153 150 151 151 152 152 153 156 155 156 155 157 154 153 152 151 152
161 161 158 158 160 159 160 158 158 157 157 138 132 129 136 140 144 136 146 143 132 117 124 123 129 141 145 155 150 135 138 131 128 134 132 128 125 125 121 119 124 132 135 138 128 129 129 135 138 135 134 138 144 148 138 129 139 145 149 150 143 140 146 151 154 155 155 155 154 154 154 154 153 153 153 153 152 151 152 151 151 151 152 152 152 153 152 153 155 155 155 155 155 156
161 162 161 161 160 160 158 148 153 149 155 143 133 132 132 136 130 125 130 143 135 127 119 124 129 135 144 156 150 134 133 127 135 135 123 127 128 136 129 122 123 126 125 128 134 143 147 148 148 148 150 146 149 152 146 134 132 146 151 149 151 152 153 154 147 154 154 155 154 154 154 154 154 153 153 153 152 152 152 152 152 152 152 152 152 152 155 156 154 153 151 152 152 156
162 161 161 160 160 160 159 150 153 147 146 150 140 130 129 128 129 126 128 135 128 120 121 128 135 141 144 157 156 144 135 136 137 122 124 126 128 134 139 130 123 122 118 119 120 127 119 135 145 151 158 159 159 158 158 148 155 152 155 149 145 147 155 153 149 151 151 154 153 153 153 154 154 154 153 153 153 153 153 152 153 154 153 152 154 155 154 152 152 152 151 151 150 151
162 162 161 161 160 160 159 150 154 144 137 147 144 136 140 142 139 135 132 130 131 122 123 132 139 143 148 158 157 150 141 144 138 130 123 125 129 131 133 139 143 138 130 125 120 120 120 130 141 142 141 149 154 158 158 158 157 157 157 157 156 155 155 156 156 155 155 155 154 155 154 154 154 153 154 153 153 153 153 153 154 153 153 153 152 151 152 154 153 151 151 152 153 151
161 160 160 159 159 157 158 155 155 148 139 139 140 143 134 129 132 137 132 126 131 119 127 127 134 141 150 158 161 154 145 139 132 133 122 123 129 128 130 135 136 144 147 135 125 120 126 132 130 135 143 150 155 152 156 158 157 157 157 157 157 156 156 156 155 155 155 155 155 154 154 153 154 153 153 153 153 154 153 154 153 152 153 152 152 151 152 152 152 153 152 153 152 153
161 159 159 158 157 154 155 154 152 155 148 140 134 139 136 127 124 123 128 134 133 119 124 129 134 142 153 161 159 147 137 131 126 130 128 123 125 120 130 134 142 141 141 148 143 129 127 125 130 144 143 143 138 139 153 154 156 156 152 148 153 157 156 156 156 155 155 154 154 154 154 154 154 154 154 153 153 153 153 153 152 152 152 152 152 151 151 152 152 153 153 153 154 153
159 160 156 157 155 152 157 153 150 152 151 144 138 135 132 128 121 128 131 140 131 129 129 130 139 149 156 163 158 151 139 130 129 132 122 118 116 115 127 124 114 132 135 147 145 152 143 131 124 124 131 133 140 148 157 158 157 158 156 149 150 156 157 156 156 155 155 154 154 154 154 154 154 154 154 154 153 153 153 152 152 151 150 150 152 151 151 151 152 152 154 153 154 154
158 157 153 149 149 148 151 151 148 148 149 148 147 141 139 134 128 121 128 137 141 145 152 145 149 155 164 164 153 139 143 141 138 131 127 119 113 120 126 115 120 137 140 132 130 149 157 149 138 128 135 140 143 146 155 158 158 158 158 158 157 157 157 156 156 156 155 154 154 154 154 154 154 154 154 154 153 153 153 152 151 151 152 152 152 152 152 152 152 152 153 154 154 154
157 152 145 143 142 149 153 153 147 148 146 142 136 136 138 131 129 123 125 125 130 134 145 153 161 160 164 165 149 138 136 141 136 132 126 128 130 117 119 126 136 137 133 114 117 129 145 158 155 141 139 146 150 150 155 158 159 158 158 157 157 157 156 156 156 155 156 155 155 155 154 154 155 154 154 154 154 153 153 152 152 152 152 152 153 152 153 152 152 152 154 155 153 153
154 147 140 140 146 152 155 154 153 146 150 143 134 131 131 125 134 136 126 132 135 133 140 146 158 162 165 165 148 142 137 140 144 132 133 134 134 124 118 122 127 124 120 114 118 125 132 137 159 158 155 155 158 159 159 159 158 158 158 158 157 157 157 156 156 156 156 156 155 155 154 155 155 154 154 154 154 154 152 151 150 151 151 152 152 152 152 152 153 153 155 156 155 154
154 155 154 152 155 160 154 158 150 151 155 150 142 129 124 128 134 140 136 144 144 141 141 145 156 165 165 161 154 147 145 141 143 149 141 138 126 124 131 121 120 116 120 127 127 144 150 150 154 155 157 159 159 159 159 159 159 158 158 158 157 157 157 156 156 156 156 155 155 155 155 154 154 154 154 154 154 154 154 152 150 151 152 152 152 152 152 152 152 153 155 156 156 154
160 160 157 159 159 158 158 158 153 156 157 154 146 136 124 123 131 141 145 146 149 153 152 151 156 162 166 166 158 153 153 154 152 147 141 130 124 124 122 136 136 122 123 130 131 131 138 141 150 146 146 145 149 153 157 156 158 158 158 158 158 157 157 156 153 156 156 156 156 155 155 153 154 155 154 154 154 154 154 153 152 151 152 152 152 152 153 153 152 154 155 156 156 155
161 159 157 159 160 157 160 161 162 162 160 157 150 142 135 129 130 130 136 140 144 149 152 159 160 165 166 166 162 161 153 153 150 149 147 141 138 133 131 138 139 131 125 122 121 121 128 141 140 140 141 143 147 150 152 152 156 158 158 157 158 157 157 157 154 154 156 156 156 156 155 155 153 153 154 154 154 154 154 154 153 152 153 153 153 153 153 153 153 154 154 155 157 157
160 161 161 155 160 163 160 156 154 155 160 160 154 150 143 142 137 129 132 139 139 139 145 150 159 161 166 167 165 160 155 151 153 156 153 155 153 145 147 128 132 128 125 121 119 118 117 137 137 135 141 147 148 150 155 158 158 158 158 157 157 157 156 157 155 153 156 156 156 156 155 155 155 151 153 154 154 154 154 154 154 154 153 153 153 153 152 152 153 154 155 156 157 157
160 162 163 164 162 161 157 156 146 145 156 155 157 156 153 149 143 131 130 132 134 138 143 149 153 160 167 167 167 161 158 154 157 152 141 139 139 138 135 128 123 124 131 121 126 118 122 121 123 131 142 145 151 155 157 156 156 156 156 157 155 151 151 154 155 153 156 154 151 150 152 153 154 150 150 153 153 153 154 154 154 154 154 153 153 152 152 152 153 153 155 156 156 157
160 163 163 162 161 158 158 154 148 148 152 153 156 155 156 152 146 134 137 135 138 141 148 152 155 159 165 168 167 162 154 147 158 150 139 131 135 133 131 132 128 126 133 134 128 120 118 117 118 134 140 146 151 156 152 148 149 148 148 148 150 143 146 152 155 154 150 142 145 147 152 153 150 151 151 153 154 154 154 153 153 154 154 155 154 153 153 152 153 153 155 156 157 159
157 162 163 161 161 158 157 151 146 143 146 146 148 151 152 148 142 136 136 141 146 149 153 153 154 163 168 168 167 162 153 147 158 149 142 132 133 140 141 138 136 133 136 137 128 123 121 119 130 126 131 142 146 147 140 145 139 134 134 136 141 139 141 149 154 152 142 135 139 145 152 152 152 153 154 155 154 153 153 152 152 152 153 154 155 154 154 154 155 155 156 156 157 157
163 157 158 161 160 156 154 152 148 139 140 140 142 145 149 146 137 134 134 137 143 150 153 159 158 162 165 168 168 166 159 152 158 147 138 141 143 146 155 157 155 157 156 137 126 133 126 120 123 133 138 129 126 145 131 138 136 127 123 127 138 144 148 153 154 152 145 132 133 141 153 155 155 155 155 155 155 155 154 152 151 153 154 154 156 156 156 157 157 157 157 156 156 157
163 163 156 157 156 156 151 149 143 135 131 133 136 139 142 142 138 136 135 140 146 151 153 158 162 164 168 168 168 168 164 161 161 148 146 143 142 156 162 152 144 137 151 152 139 130 121 117 117 128 127 114 127 140 126 125 126 123 121 127 134 143 149 154 155 155 149 140 132 142 152 155 156 156 156 155 155 155 154 154 153 154 155 156 156 155 156 156 155 156 156 156 156 157
