test/HelianthusTinyTest/asciifiles/nabio_9.asc
ncols  170
nrows  166
xllcorner  -106.083333333333
yllcorner  39.5916666666667
cellsize 0.00833333333332943
NODATA_value  -9999
[rows 44 to 87 of 166, columns 0 to 95 of 170]
-80 -80 -80 -81 -82 -81 -81 -81 -81 -81 -82 -82 -85 14 6 -2 -12 -12 -28 -20 -9 0 3 6 5 10 -38 -81 -79 -79 -81 -84 -84 -84 -78 -84 10 7 2 0 -4 -4 -1 -1 -5 -7 -9 4 0 1 -1 -1 0 -42 -39 -82 -79 -81 -80 -78 -76 -67 -62 -58 -55 -51 -53 -55 -61 -58 -62 -68 -76 -82 -76 -78 -79 -72 -63 -58 -51 -47 -45 -43 -42 -38 -35 -32 -30 -30 -38 -40 -38 -33 -32 -28
-81 -80 -80 -81 -80 -80 -80 -81 -82 -82 -83 -84 -85 -87 11 2 -3 -7 -19 -20 -12 -5 -3 0 1 9 -85 -83 -82 -80 -78 -80 -82 -80 -82 -38 9 6 3 1 -1 -4 -6 -7 -4 0 2 3 5 -41 6 -44 0 1 -40 -83 -75 -74 -72 -70 -68 -66 -65 -59 -56 -54 -59 -57 -58 -62 -62 -67 -72 -70 -69 -63 -64 -61 -54 -50 -49 -45 -38 -41 -40 -36 -34 -32 -30 -27 -37 -38 -37 -34 -32 -30
-81 -81 -81 -81 -83 -81 -82 -83 -83 -83 -83 -85 -86 -36 11 7 4 -4 -16 -13 -7 -4 1 2 1 8 13 -84 -82 -83 -81 -35 -36 -81 11 -38 10 2 -3 -10 -8 -7 -9 -10 -7 -4 1 4 -38 -35 -80 -77 -36 -82 -80 -81 -77 -76 -70 -69 -67 -63 -62 -58 -55 -60 -64 -71 -64 -65 -64 -61 -59 -53 -61 -58 -56 -55 -50 -43 -39 -42 -38 -35 -39 -36 -33 -31 -29 -26 -30 -37 -36 -35 -33 -29
-82 -81 -81 -83 -86 -83 -82 -84 -87 -85 -84 -85 -86 16 13 9 3 -2 -12 -19 -7 -6 -2 4 7 12 -37 -85 -84 -38 -36 -36 -37 -82 10 5 6 4 -2 -5 -8 -10 -15 -18 -14 -10 -6 5 -41 6 -38 -40 -76 -76 -75 -76 -72 -70 -70 -68 -65 -63 -59 -61 -57 -58 -61 -67 -69 -65 -61 -56 -54 -51 -49 -51 -49 -49 -44 -36 -35 -34 -32 -32 -31 -31 -31 -29 -28 -25 -26 -31 -33 -34 -31 -33
-83 -83 -82 -81 -81 -81 -82 -84 -86 -88 -85 -84 -83 -85 -86 15 9 0 -8 -14 -15 -6 -1 5 8 14 -37 -37 -37 -36 -37 8 10 -37 -81 -38 -38 6 2 -1 -8 -11 -11 -10 -11 -6 0 0 -2 2 5 -40 -42 -39 -80 -77 -75 -75 -70 -68 -68 -62 -65 -60 -60 -66 -66 -73 -74 -68 -64 -61 -57 -54 -54 -50 -47 -43 -40 -39 -44 -38 -33 -38 -35 -31 -29 -27 -27 -24 -24 -24 -25 -27 -29 -32
-83 -83 -83 -82 -82 -82 -84 -87 18 16 -87 -85 -83 -83 -84 -86 13 10 2 -3 -12 -5 -1 8 9 12 13 9 8 7 10 8 8 11 -34 -82 -38 10 4 3 -1 -3 -3 -6 -11 -15 -17 -15 -10 -5 -5 1 -1 4 -39 -81 -79 -74 -69 -73 -73 -70 -64 -62 -60 -74 -79 -78 -72 -66 -64 -63 -60 -59 -54 -51 -52 -47 -45 -47 -43 -40 -38 -44 -40 -39 -35 -30 -31 -28 -26 -27 -23 -22 -23 -25
-84 -84 -83 -83 -83 -83 -82 -85 -85 -84 -83 -83 -84 -84 -85 18 16 9 6 2 -11 -5 1 1 4 12 8 6 5 1 3 11 8 12 -36 -83 -82 -83 -36 9 4 -1 -9 -14 -17 -19 -23 -26 -22 -20 -20 -12 -5 2 -34 -81 -78 -69 -75 -76 -77 -73 -68 -70 -64 -71 -76 -81 -75 -75 -68 -67 -60 -64 -61 -58 -57 -56 -54 -48 -46 -47 -47 -48 -44 -38 -37 -39 -34 -28 -26 -26 -25 -24 -22 -21
-85 -85 -84 -83 -83 -83 -83 -85 -85 -85 -86 -84 17 16 -83 -86 -86 16 13 10 0 -3 -1 3 9 9 3 -1 -4 1 5 5 5 8 9 7 11 -36 -82 -38 4 -7 -13 -19 -21 -19 -14 -26 -28 -13 -13 0 -40 -39 -40 -38 -76 -36 -42 -39 -82 -76 -72 -74 -70 -73 -80 -86 -39 -82 -37 -73 -65 -65 -70 -67 -63 -67 -63 -56 -53 -50 -47 -45 -44 -44 -40 -38 -37 -31 -29 -25 -24 -24 -23 -20
-85 -86 -85 -84 -84 -83 -84 -84 -87 -87 15 17 -86 13 15 -86 17 17 12 9 2 -6 3 7 7 2 -2 -8 -6 1 1 0 1 4 3 0 0 4 4 -36 -38 6 0 -10 -15 -21 -8 -18 -22 -18 -4 -6 -2 -1 0 -40 -80 4 0 -42 4 -40 -79 -79 -70 -74 -79 -78 -38 -42 -38 -37 -77 -76 -80 -80 -76 -74 -70 -64 -56 -50 -46 -48 -46 -42 -39 -35 -34 -31 -28 -26 -26 -25 -25 -22
-86 -87 -86 -85 -84 -84 -84 -84 -85 17 11 11 -34 18 18 17 15 13 12 6 -2 -6 2 8 -1 -1 -4 -10 -3 3 -6 -6 2 7 7 4 1 1 3 -33 -34 10 9 2 -10 -6 -5 -9 -11 -18 -23 -10 -10 -4 7 5 -6 -4 -10 -13 -5 -2 2 -41 -78 -75 -82 -42 1 -44 -79 -72 -39 -37 -37 -83 -76 -70 -66 -59 -55 -50 -55 -54 -46 -43 -41 -39 -38 -29 -26 -27 -26 -25 -25 -23
20 18 17 -87 -85 -85 -84 -84 -85 -85 10 9 8 11 12 12 12 8 5 2 -10 -7 3 5 -6 -8 -15 -9 -3 -7 -9 3 3 3 8 9 8 10 10 -36 -36 11 8 7 4 1 0 0 -10 -9 -12 -5 -4 0 -14 -17 -11 -5 -10 -17 -14 -9 -2 6 -36 -40 -40 0 -3 -42 -79 -70 -77 -37 -80 -82 -80 -71 -65 -61 -58 -54 -49 -47 -43 -42 -41 -35 -32 -30 -28 -30 -27 -25 -24 -22
16 16 16 -88 -86 -85 -85 -85 -85 -86 19 16 14 12 8 4 7 8 7 7 0 -7 -3 5 0 -6 -15 -12 -14 -8 -8 -7 -5 -1 2 4 4 8 11 8 10 -36 -36 10 -38 8 7 9 -5 -9 -11 -11 -10 -17 -21 -16 -6 0 -16 -11 -9 -5 0 6 -43 2 1 -4 2 3 -78 -67 -66 -74 -69 -78 -41 -37 -76 -74 -64 -55 -49 -48 -48 -45 -38 -37 -33 -30 -32 -31 -30 -27 -24 -23
14 14 13 17 -87 -86 -86 -86 -86 -87 -86 -86 -33 -33 -85 8 -33 -34 18 17 16 15 13 10 8 3 -3 -19 -14 -9 -18 -6 -5 -1 5 10 10 10 10 4 2 -37 7 -3 -1 2 -4 1 2 -10 -15 -13 -14 -29 -23 -10 -5 -3 0 2 5 -41 -37 4 -41 6 -78 -69 -77 -39 -37 -73 -63 -58 -61 -67 -75 -75 -68 -74 -69 -59 -53 -50 -48 -44 -40 -40 -39 -38 -34 -31 -29 -30 -26 -24
11 10 10 15 14 18 -87 -87 -86 -33 18 15 16 -86 -85 -86 17 18 17 10 1 5 5 -1 0 -1 3 -9 -5 1 -2 -5 -2 5 8 10 10 5 6 0 -1 12 2 -11 -12 -6 -9 -11 -1 -7 -19 -30 -37 -34 -17 -17 -22 -12 -10 -13 -7 1 -40 -77 -76 -74 -71 -67 -63 -64 -69 -71 -65 -58 -48 -51 -61 -63 -59 -65 -69 -67 -64 -59 -53 -49 -48 -46 -46 -35 -33 -29 -25 -30 -30 -26
4 7 9 11 12 13 14 16 -33 -87 19 17 15 14 13 9 7 2 5 1 -7 6 -15 -12 -7 -4 0 -15 -7 -1 7 7 9 9 -3 -12 0 4 5 4 6 10 0 -13 -16 -12 -15 -14 -8 -2 -11 -19 -38 -35 -31 -27 -27 -23 -20 -18 -17 -12 -9 5 -33 -77 -76 -64 -60 -53 -52 -47 -58 -60 -51 -39 -46 -55 -51 -52 -58 -64 -74 -75 -68 -61 -60 -50 -41 -39 -30 -30 -24 -27 -32 -28
-1 3 4 4 6 4 8 15 18 -33 19 17 17 15 13 14 9 -4 -1 -5 -12 -4 -16 -17 -9 -9 -18 -11 -8 -3 3 8 2 -13 -13 -9 4 3 1 2 3 10 2 -6 -13 -18 -23 -19 -12 -9 -24 -24 -27 -29 -34 -32 -21 -13 -6 -8 -41 2 -4 4 -37 3 -37 -74 -71 -66 -65 -55 -52 -45 -49 -44 -32 -49 -41 -40 -50 -54 -60 -65 -65 -58 -55 -45 -42 -41 -33 -29 -26 -24 -24 -26
12 2 -2 0 3 0 4 14 17 -33 19 10 8 7 5 10 11 9 -2 -8 -19 -17 -27 -17 -8 -2 -2 -7 -3 4 8 5 -7 -13 -10 -5 2 -2 -4 1 7 7 8 1 -8 -20 -31 -22 -16 -41 -36 -22 -14 -5 -15 -30 -30 -22 -10 2 -38 -35 -75 -78 -73 -68 -71 -69 -71 -75 -65 -56 -53 -44 -37 -37 -33 -30 -29 -36 -35 -44 -51 -54 -56 -53 -52 -46 -38 -38 -39 -27 -25 -23 -22 -22
17 10 9 11 6 8 10 14 20 20 16 13 12 12 4 1 4 9 8 6 -4 -12 -18 -11 -1 -4 6 4 7 12 7 0 -13 -17 -9 -2 -7 -8 -7 6 4 6 7 3 -5 -13 -25 -27 -28 -25 -28 -24 -24 -12 -3 -5 -16 -14 -9 -5 1 7 -32 -73 -69 -67 -64 -63 -63 -63 -59 -52 -43 -39 -37 -31 -38 -30 -28 -27 -26 -26 -38 -43 -50 -51 -46 -45 -37 -30 -26 -24 -24 -24 -22 -21
-78 19 18 16 14 17 16 16 15 20 20 12 11 6 10 4 1 0 0 6 2 -13 -16 -8 -10 -2 7 10 16 6 4 -1 -15 -19 -10 -7 -8 5 4 -1 -9 -4 4 4 -1 -9 -23 -36 -33 -15 -8 -19 -16 -9 1 -2 -5 -11 -16 -11 -2 5 -37 -76 -71 -66 -65 -60 -56 -56 -49 -42 -35 -33 -31 -30 -30 -28 -28 -27 -28 -27 -25 -26 -26 -36 -33 -34 -28 -27 -27 -25 -25 -24 -23 -22
-79 21 -33 18 18 21 17 16 15 13 13 17 16 3 -1 -3 -4 -7 -10 -14 -1 -11 -20 -18 -12 -7 5 13 18 5 -6 -10 -17 -20 -11 -5 1 5 -5 -14 -16 -13 -6 1 -6 -13 -28 -25 -22 -9 -3 3 1 -4 7 -2 1 0 -5 -10 1 8 -36 -33 -75 -71 -67 -59 -52 -48 -49 -41 -38 -32 -30 -29 -34 -44 -41 -31 -36 -26 -24 -22 -22 -24 -24 -27 -26 -26 -26 -27 -31 -28 -24 -23
20 -78 -77 20 20 19 18 -32 20 17 10 5 7 14 10 13 8 5 -2 -8 -10 -20 -20 -6 -4 3 8 17 -32 8 3 -17 -19 -10 1 -3 -8 -13 -17 -17 -10 -8 -7 -10 -10 -21 -12 -16 -13 -11 2 4 10 -34 -34 2 2 11 8 6 8 -33 -76 -69 -67 -71 -76 -67 -63 -53 -43 -39 -39 -38 -33 -35 -38 -45 -58 -53 -47 -44 -31 -29 -23 -23 -22 -23 -20 -23 -26 -28 -31 -28 -26 -23
-76 -77 -79 -79 -78 22 -32 20 21 20 19 0 -6 -10 -1 3 7 -1 9 6 -6 -25 -16 -17 -10 4 9 20 15 -2 2 -6 -10 -3 -5 -10 -13 -13 -20 -22 -14 -5 0 4 -9 -7 -7 0 4 1 0 6 13 -31 6 -7 7 -34 -27 -75 -36 10 -30 -71 -61 -54 -53 -47 -57 -46 -45 -47 -47 -45 -42 -46 -54 -57 -50 -57 -56 -49 -41 -35 -30 -27 -29 -25 -22 -21 -21 -21 -21 -20 -18 -22
-76 -76 -76 -76 -78 -32 21 10 16 11 18 5 -5 -7 -6 -2 -9 -16 -9 6 -3 -12 -23 -16 -10 -2 8 21 15 -4 -4 -11 -1 -1 -17 -11 -10 0 -8 -18 -16 -12 -13 -10 -1 9 15 -33 -33 -33 -30 15 -31 -27 -33 0 -2 -32 -75 -27 -73 -70 -69 -65 -28 -61 -58 -56 -59 -54 -51 -48 -43 -40 -43 -51 -55 -55 -51 -38 -34 -35 -41 -42 -31 -29 -23 -21 -23 -26 -32 -27 -26 -19 -20 -18
-76 -76 -77 -78 -78 -32 22 12 16 9 8 12 2 -8 -10 -11 -10 -14 -11 -2 -11 -22 -20 -11 -2 5 8 -31 20 8 -2 0 1 -18 -16 -13 -10 -2 4 -7 -17 -19 -23 -23 -21 -12 -22 1 13 -29 -68 -65 -64 -64 -63 -31 -69 -73 -68 -76 -33 -78 -63 -67 -73 -70 -67 -61 -62 -61 -58 -38 -38 -39 -47 -47 -47 -46 -42 -37 -27 -26 -31 -29 -24 -23 -23 -30 -30 -29 -36 -36 -41 -34 -28 -22
-76 -76 -77 -77 -32 -78 22 12 16 6 -1 10 6 -2 2 5 1 -3 -6 -9 -8 -19 -17 -6 2 7 12 -31 -31 14 6 8 2 -7 -17 -14 -8 -6 -4 3 9 3 -8 -14 -21 -21 -20 -6 8 10 8 -31 -74 -64 -63 -62 -61 -62 -57 -58 -50 -64 -63 -56 -48 -49 -45 -55 -57 -52 -42 -36 -36 -39 -42 -45 -38 -35 -34 -27 -27 -28 -27 -28 -30 -44 -29 -25 -27 -38 -32 -27 -25 -31 -29 -26
-77 -33 -78 21 22 19 21 17 18 11 1 1 2 6 -5 -10 -7 0 -6 -14 -8 -23 -13 -13 -4 4 14 -31 -28 18 10 3 -5 -4 -18 -17 -10 -10 -7 -1 0 10 14 0 -13 -21 -13 -4 -7 1 11 -31 -74 -26 -69 -62 -64 -62 -58 -58 -48 -47 -50 -57 -44 -38 -37 -40 -39 -36 -34 -32 -39 -34 -33 -32 -28 -27 -28 -26 -35 -31 -28 -31 -41 -49 -40 -31 -28 -27 -31 -27 -30 -25 -23 -22
-77 21 21 21 19 16 18 16 14 18 10 2 -4 1 -2 -12 -17 -17 -11 -4 -5 -23 -16 -9 -4 6 17 -28 -30 12 1 -7 -12 -7 -10 -17 -14 -21 -7 -2 7 7 6 15 9 -7 -10 -14 -6 12 12 11 5 7 -25 -72 -68 -67 -25 -29 -72 -56 -43 -48 -50 -46 -39 -33 -35 -32 -32 -31 -39 -31 -28 -31 -34 -31 -30 -37 -48 -44 -42 -39 -40 -49 -47 -41 -36 -26 -27 -25 -23 -23 -23 -21
21 -78 18 19 17 14 19 15 12 15 13 6 0 -3 -6 -11 -21 -11 -8 2 -7 -10 -9 -9 2 13 21 -26 -30 16 3 -7 -8 -4 -19 -24 -28 -30 -11 -15 -31 -5 0 14 12 -31 10 -6 -14 -14 -5 -1 7 -32 -70 -65 -65 -63 -66 -29 -26 -63 -54 -40 -44 -37 -34 -32 -29 -29 -30 -29 -30 -34 -40 -42 -33 -31 -41 -54 -55 -56 -57 -58 -48 -52 -50 -49 -36 -27 -24 -25 -23 -22 -21 -22
20 19 15 12 11 10 13 13 10 10 11 10 9 4 2 -4 -11 -20 -12 0 4 8 15 9 12 19 -26 -26 17 3 8 4 2 -7 -11 -23 -32 -21 -13 -30 -21 2 5 -5 -6 17 -25 17 5 -8 1 8 11 15 -73 -66 -61 -59 -58 -57 -59 -49 -48 -48 -45 -38 -36 -31 -34 -31 -29 -29 -30 -31 -40 -42 -38 -45 -45 -55 -56 -55 -51 -49 -43 -41 -46 -42 -38 -31 -27 -22 -22 -23 -22 -20
19 13 7 5 4 11 15 15 9 9 8 4 -2 -2 0 -7 -10 -18 -15 -15 -9 -4 8 17 -30 23 -26 -26 12 2 0 5 -1 -5 -12 -10 -7 -27 -23 -13 0 2 -3 -29 -26 -9 12 -74 -27 8 6 15 -30 -29 -73 -64 -59 -54 -56 -54 -52 -49 -42 -37 -35 -34 -42 -57 -45 -35 -32 -36 -40 -45 -42 -50 -44 -54 -53 -55 -55 -50 -48 -45 -38 -40 -35 -33 -31 -29 -24 -21 -25 -25 -23 -21
16 8 2 2 8 14 17 16 15 8 12 5 -5 -8 -7 -14 -4 -2 -14 -6 -2 -5 4 10 21 -28 -25 -26 12 7 1 4 8 -5 -4 -3 -3 -14 -24 -18 -11 -15 -21 -31 -25 -13 -3 3 -73 -72 -25 -25 -69 -58 -60 -54 -52 -51 -50 -49 -48 -45 -43 -38 -40 -41 -49 -48 -40 -36 -32 -39 -47 -54 -51 -45 -40 -48 -56 -58 -60 -57 -55 -47 -46 -48 -48 -44 -33 -27 -22 -19 -21 -24 -22 -21
16 17 16 14 16 22 16 20 12 13 16 12 5 -11 -17 -11 -4 3 -2 7 7 4 4 9 20 -26 -25 -29 18 11 10 5 7 14 6 2 -12 -15 -5 -21 -21 -27 -21 -11 -10 11 17 19 -27 -25 -23 -69 -68 -68 -58 -59 -52 -51 -57 -54 -48 -44 -54 -60 -56 -49 -46 -40 -38 -34 -47 -56 -58 -49 -45 -40 -42 -36 -45 -55 -61 -56 -54 -53 -45 -44 -41 -42 -36 -27 -22 -19 -19 -24 -22 -22
22 22 19 21 22 20 20 20 14 18 19 16 8 -2 -17 -18 -7 3 7 9 12 16 15 14 19 -29 -70 -25 22 17 17 19 16 11 6 -8 -16 -15 -19 -1 0 -18 -17 -7 -5 -6 3 8 19 13 14 14 18 -26 -70 -71 -64 -61 -62 -61 -52 -48 -49 -60 -68 -58 -47 -45 -43 -38 -42 -62 -57 -52 -50 -48 -43 -38 -36 -51 -55 -58 -53 -48 -46 -41 -34 -29 -37 -25 -21 -19 -18 -22 -22 -24
23 21 19 20 22 19 22 24 24 24 22 19 12 4 -3 -10 -9 -9 -2 2 7 11 16 22 23 -26 -25 -25 -28 -29 17 18 14 13 11 6 2 -4 -5 3 4 -5 -14 -18 -20 -20 -10 8 7 7 8 10 16 19 -27 -27 -71 -66 -63 -64 -55 -51 -51 -53 -66 -65 -54 -46 -43 -45 -44 -53 -63 -61 -55 -50 -49 -38 -32 -42 -50 -51 -46 -43 -43 -34 -30 -32 -34 -26 -26 -21 -18 -17 -18 -22
22 23 23 17 22 -30 23 18 15 16 22 22 16 12 5 4 -1 -10 -6 2 2 2 9 14 22 25 -25 -25 -26 24 19 15 18 21 18 20 18 10 12 -10 -5 -10 -14 -20 -23 -24 -25 3 2 0 9 15 17 20 -24 -68 -67 -65 -65 -66 -62 -61 -65 -59 -64 -68 -53 -48 -52 -55 -51 -53 -56 -66 -59 -55 -53 -50 -49 -35 -35 -38 -47 -42 -45 -43 -45 -45 -32 -27 -22 -20 -18 -16 -19 -19
22 -31 -31 -29 -31 23 19 18 8 7 18 17 19 18 15 11 6 -7 -9 -6 -4 1 6 12 16 23 -24 -24 -24 -29 22 19 22 16 6 4 3 2 -1 -9 -17 -15 -4 -20 -12 -24 -18 -19 -16 -4 9 14 -29 -24 -21 -21 -22 -70 -68 -66 -69 -25 -24 -68 -64 -68 -58 -64 -69 -70 -66 -62 -61 -68 -67 -57 -56 -56 -53 -43 -34 -28 -29 -40 -46 -49 -49 -43 -31 -28 -23 -20 -18 -16 -17 -17
21 -31 -30 24 23 20 20 15 10 10 14 15 18 17 18 14 8 -4 -1 -3 0 4 11 14 19 22 -27 -24 -24 26 18 11 22 14 3 -6 -1 -4 -7 -5 -10 -13 -2 -1 -9 -22 -24 -27 -24 -1 7 14 20 -23 -27 17 20 19 -31 -31 -27 13 -30 -23 -66 -66 -71 13 -30 -28 -67 -63 -69 -67 -65 -59 -54 -54 -51 -56 -51 -48 -33 -26 -31 -44 -43 -43 -34 -30 -23 -20 -17 -15 -16 -17
19 24 -31 24 23 20 18 13 8 5 8 8 10 14 14 10 4 -2 -2 4 9 12 16 16 17 26 -25 -24 -24 26 17 12 22 14 7 -5 -4 4 7 3 1 -4 1 2 -10 -16 -20 -22 -7 -11 -4 10 14 16 7 14 6 0 1 3 10 8 11 -28 -68 -69 13 3 10 -30 -67 -66 -64 -63 -55 -51 -55 -56 -56 -60 -57 -56 -48 -29 -25 -30 -33 -32 -23 -22 -21 -19 -17 -16 -15 -14
-77 18 20 24 21 17 16 14 10 1 2 2 4 7 11 8 0 -4 -4 0 6 13 16 22 21 25 -28 -24 -24 -26 23 16 22 11 3 6 7 11 22 24 22 24 24 3 -13 -3 -12 -21 -17 -2 5 -7 -11 13 -4 5 2 -10 -16 -10 6 15 19 -71 -67 -70 16 -1 1 12 -64 -59 -58 -51 -49 -47 -48 -49 -50 -58 -60 -55 -46 -37 -24 -23 -24 -19 -19 -19 -18 -18 -18 -16 -15 -14
-31 -31 18 19 17 17 13 11 5 -4 -8 -5 -2 1 4 4 1 -2 -3 2 8 14 16 21 25 -28 -24 -24 -24 -24 -27 25 25 12 11 8 7 21 -25 18 10 2 18 19 4 -7 -20 -27 -27 -10 -11 -31 -10 8 -11 -13 -11 -16 -19 -9 1 13 -27 -69 -67 -65 -26 11 0 14 -67 -60 -51 -48 -45 -44 -44 -40 -47 -51 -54 -48 -31 -25 -25 -25 -21 -20 -24 -22 -21 -20 -18 -16 -15 -14
23 -77 -31 22 21 17 9 4 1 -7 -11 -7 -2 4 7 9 11 7 4 10 16 19 18 22 25 -26 -24 -24 -24 -24 -24 -27 25 22 18 20 25 -25 23 6 -1 0 -8 10 18 -9 -17 -32 -31 -21 -28 -20 -12 4 -13 -29 -31 -25 -13 -6 -1 10 18 -69 -67 -64 -66 -28 11 14 -70 -67 -61 -49 -44 -44 -40 -42 -33 -41 -36 -33 -26 -30 -34 -26 -22 -22 -25 -22 -21 -19 -18 -15 -14 -14
-76 24 23 20 17 17 10 2 -5 -9 -2 -4 0 4 9 12 13 11 7 6 10 20 24 25 28 -24 -24 -24 -24 -23 -24 -24 -24 25 -24 -19 -19 18 12 -2 -13 -12 0 -2 9 16 3 -13 -30 -32 -37 -29 -15 -7 -15 -36 -34 -25 -14 -7 4 8 16 -23 -66 -64 -61 -64 -70 15 -24 -24 -57 -45 -45 -48 -40 -39 -32 -31 -33 -29 -36 -40 -38 -33 -30 -23 -23 -20 -18 -17 -16 -15 -14 -14
-76 -77 24 25 19 14 10 2 -6 -5 -1 2 6 9 11 13 14 15 14 8 7 13 24 26 -25 -24 -24 -24 -23 -69 -68 -78 -78 -66 -65 24 14 7 3 -3 -9 -18 -20 0 -1 -3 7 8 -1 -5 -14 -22 -26 -20 -21 -38 -41 -21 -30 -21 -8 7 -26 -21 -67 -62 -61 -58 -62 -64 -65 -60 -56 -47 -41 -38 -39 -38 -44 -39 -36 -33 -32 -49 -42 -31 -29 -24 -20 -19 -19 -16 -15 -15 -13 -14
-76 -74 21 19 21 16 10 6 1 1 4 6 10 11 13 15 11 12 17 17 12 14 20 24 -26 -23 -24 -24 -69 -80 -79 -78 -78 -77 27 21 14 14 9 -2 -9 -8 -17 -20 -17 -11 -5 6 -24 -17 -24 -24 -17 -36 -32 -23 -32 -39 -32 -17 1 14 -22 -21 -65 -62 -59 -56 -53 -59 -59 -62 -54 -46 -42 -44 -43 -50 -50 -44 -33 -36 -30 -46 -38 -30 -28 -30 -21 -19 -18 -20 -14 -14 -13 -12
