test/HelianthusTinyTest/asciifiles/nabio_16.asc
ncols  170
nrows  166
xllcorner  -106.083333333333
yllcorner  39.5916666666667
cellsize 0.00833333333332943
NODATA_value  -9999
[rows 0 to 41 of 166, columns 0 to 93 of 170]
164 163 163 162 158 157 160 160 157 152 154 154 154 156 157 157 158 158 161 158 162 162 158 157 160 160 156 157 159 154 156 156 157 159 159 156 155 157 158 158 158 158 158 161 162 164 165 167 168 169 168 168 166 165 165 166 166 167 169 169 166 163 159 160 160 159 163 162 159 160 161 161 161 161 161 160 162 162 162 161 161 158 160 160 159 161 158 161 163 164 165 163 163 164
166 165 164 163 160 161 162 160 157 154 154 154 157 161 161 161 160 161 163 163 162 162 159 164 165 167 167 162 167 170 167 159 159 161 159 157 157 158 161 161 161 161 164 164 166 166 166 165 167 168 166 168 168 169 172 173 172 170 170 172 164 166 163 159 158 158 163 161 159 158 157 161 161 160 160 160 160 161 161 161 161 160 158 158 159 159 160 160 163 164 164 163 163 164
167 166 164 163 160 163 160 157 155 155 154 154 156 161 164 162 162 163 164 168 167 165 163 165 165 170 170 170 167 173 170 163 162 161 161 158 161 161 161 161 164 165 166 165 165 164 164 165 165 165 165 171 170 169 172 173 172 172 170 166 164 163 161 163 162 158 161 159 161 161 157 156 158 158 160 160 160 161 158 160 159 160 160 160 161 161 158 160 161 161 162 161 163 164
170 167 167 166 164 163 160 157 157 157 157 157 154 158 164 164 164 162 168 170 168 165 166 167 168 167 170 171 172 174 170 164 164 163 161 161 161 161 162 164 165 168 166 164 164 162 163 162 163 163 169 167 167 169 170 168 169 172 173 166 163 163 164 163 163 158 157 157 159 160 160 157 156 158 157 157 158 160 159 161 159 158 159 158 160 160 158 160 160 161 161 162 163 163
170 170 167 167 167 163 163 160 158 157 159 157 156 156 158 164 162 161 170 168 167 167 170 170 172 170 170 173 173 175 175 170 167 164 163 161 161 164 164 167 168 169 166 164 165 166 167 166 169 168 165 163 166 165 168 167 169 170 169 167 166 164 163 164 163 160 160 157 155 158 161 160 158 157 157 155 158 158 159 159 160 158 158 160 159 158 158 160 159 160 161 161 161 163
170 170 170 169 167 166 164 163 162 160 160 159 158 157 156 156 158 161 166 166 165 167 168 170 170 170 172 175 176 179 181 175 167 164 164 163 164 165 167 169 170 167 166 168 167 168 171 171 167 166 164 166 164 163 164 166 167 166 167 166 166 164 163 163 161 161 161 158 155 154 160 161 161 157 155 155 155 155 158 159 159 157 156 158 159 160 158 157 160 161 161 161 161 162
170 170 169 167 167 167 166 163 164 164 164 162 159 161 158 156 156 158 160 163 163 165 167 168 170 170 173 175 179 182 180 173 168 165 164 164 165 168 169 168 167 167 168 169 169 172 172 169 168 170 172 168 166 166 163 163 163 163 163 166 163 164 166 163 163 161 160 161 157 155 155 158 161 160 160 158 157 157 155 157 158 158 157 159 159 157 157 157 161 160 160 161 161 162
172 171 170 168 166 167 167 167 167 165 164 164 164 162 161 158 158 158 158 159 160 162 164 167 167 170 174 176 178 180 175 170 167 167 166 167 168 169 170 171 169 173 172 173 173 172 173 172 173 172 170 170 169 167 169 167 167 164 163 160 164 160 162 163 161 161 161 161 160 158 154 154 156 157 158 162 161 160 158 155 155 156 155 157 157 157 160 160 160 160 160 160 161 162
173 172 172 172 168 171 170 169 167 165 167 167 166 164 162 161 159 159 159 159 159 160 160 163 167 173 175 176 178 175 172 170 167 168 170 170 171 172 172 172 172 172 175 175 175 175 174 175 175 175 175 172 170 169 167 169 167 167 166 163 160 160 163 164 163 165 158 158 157 157 157 157 155 155 154 154 157 157 156 158 157 155 155 157 158 157 158 159 161 160 160 160 160 161
174 174 172 173 173 173 172 170 169 168 167 165 164 162 161 160 161 159 159 159 160 160 160 160 165 172 172 173 170 170 170 170 169 170 172 175 175 175 173 175 175 173 177 177 177 177 176 176 172 172 170 170 170 169 170 169 169 164 163 163 162 157 158 158 160 162 163 158 157 155 155 158 155 155 155 155 157 158 160 160 160 158 159 157 157 155 157 160 160 160 160 160 161 161
177 174 175 174 175 173 174 172 171 169 167 166 164 162 162 162 162 159 160 160 160 160 160 160 163 167 170 167 167 170 170 171 174 175 175 175 177 177 177 177 180 179 180 179 177 176 175 173 172 172 172 172 170 167 167 166 164 163 160 164 162 160 158 163 159 158 159 159 155 157 157 155 157 158 158 157 159 158 158 157 158 159 158 157 156 154 156 156 157 157 159 160 161 161
177 177 177 177 175 175 174 173 172 172 171 169 167 166 166 162 161 160 160 160 161 161 162 162 163 167 167 164 170 172 178 182 182 177 178 179 180 182 181 180 180 177 177 177 180 180 180 180 177 180 180 176 174 170 173 171 170 167 167 166 164 162 163 163 165 164 165 163 163 162 159 160 161 161 160 158 159 159 158 157 157 158 158 157 157 156 155 156 156 157 157 160 161 161
180 182 179 178 177 175 174 173 173 171 171 169 168 167 164 162 162 163 160 160 160 160 162 163 163 167 167 167 172 177 182 184 184 181 178 184 183 181 180 182 179 178 177 174 175 180 180 180 180 180 177 176 180 181 177 174 170 168 164 162 162 165 165 164 164 163 162 162 161 159 161 161 163 162 162 161 161 159 158 158 158 158 158 157 157 156 157 158 157 157 159 160 161 161
187 185 184 181 178 175 174 173 174 173 172 171 169 167 165 163 166 169 167 163 160 160 162 163 163 167 168 170 175 180 184 184 183 183 184 185 183 182 184 184 178 177 177 175 173 173 172 172 170 173 173 172 174 170 170 168 169 167 164 165 165 165 164 162 162 162 162 161 161 161 162 164 163 162 162 162 162 162 161 159 158 159 158 158 157 158 158 158 158 160 157 158 160 161
180 182 185 180 180 175 174 175 174 173 173 172 171 169 166 163 166 166 167 167 163 160 163 164 165 167 170 172 184 184 184 184 184 184 187 185 183 184 185 188 189 183 180 180 177 180 179 177 171 169 167 167 166 167 167 164 164 164 167 165 162 162 162 162 162 161 161 161 161 162 162 164 161 159 158 161 158 158 159 159 158 159 157 156 157 158 158 158 158 158 160 161 158 161
177 176 175 177 178 175 179 177 175 175 173 173 172 171 168 165 163 167 166 167 166 163 163 163 164 170 172 178 184 184 184 184 184 184 186 187 187 189 190 189 189 187 183 180 179 176 176 175 174 170 170 167 167 166 167 167 167 167 167 167 165 164 162 164 162 162 162 162 162 162 162 165 163 158 157 158 158 157 157 157 158 157 158 158 158 158 157 157 157 157 159 161 160 158
188 187 176 175 174 175 176 178 176 177 176 173 173 173 170 168 164 166 167 166 166 163 163 164 164 170 175 181 184 184 184 184 184 184 187 187 189 189 190 190 187 184 183 183 181 177 174 172 170 169 167 167 167 166 164 163 161 160 160 161 162 158 164 162 166 162 162 164 162 161 159 161 159 158 161 161 164 162 159 159 158 158 159 160 159 159 158 158 158 157 161 160 160 160
192 190 187 178 175 175 175 179 178 176 176 175 174 173 173 171 169 165 166 166 167 166 163 164 164 167 177 181 184 187 186 184 184 184 185 186 187 189 191 194 189 185 183 181 180 177 175 172 173 173 170 168 167 167 165 167 164 164 164 164 160 158 158 157 159 161 162 161 159 159 159 159 161 162 162 163 164 162 160 160 159 159 159 158 157 155 156 156 157 158 161 158 160 159
187 187 184 178 175 175 175 176 179 178 175 175 175 173 173 171 169 166 166 167 168 167 166 163 165 170 177 180 183 188 187 184 184 183 184 186 188 189 192 189 189 187 183 180 179 176 173 175 176 177 172 170 167 167 168 167 166 167 165 164 162 161 160 162 161 158 156 158 158 161 162 163 165 163 163 164 164 162 162 162 162 160 159 159 158 156 156 156 156 157 157 157 158 157
175 180 180 177 176 175 175 175 179 179 178 175 175 173 172 170 170 166 166 167 167 167 167 163 163 169 175 179 181 186 187 186 184 181 184 184 187 189 189 187 183 180 180 177 177 177 177 176 176 175 173 170 170 170 169 167 167 166 164 164 162 162 163 162 162 162 162 162 158 156 159 165 163 165 162 164 164 164 164 162 162 161 159 159 158 158 157 156 158 157 156 157 156 157
173 174 176 178 180 177 175 175 176 177 177 175 173 174 173 171 170 166 167 169 167 167 167 167 164 168 175 180 182 184 184 183 182 181 183 184 186 187 187 185 181 182 180 183 182 182 182 180 181 177 175 173 170 170 169 167 167 166 166 164 163 163 163 163 163 162 162 161 162 162 159 158 158 156 159 161 163 163 164 163 163 163 159 158 159 159 158 156 157 157 156 157 157 157
174 173 175 182 187 185 179 175 175 176 176 177 175 175 173 172 172 170 167 167 167 167 167 166 164 164 172 180 181 184 181 180 181 182 184 184 186 187 186 186 188 192 189 187 184 186 184 185 185 185 180 175 174 171 169 167 166 166 166 166 164 164 163 163 164 163 165 163 165 162 161 161 159 157 159 156 158 161 161 159 162 162 161 159 159 157 157 158 158 157 158 158 157 156
174 175 173 177 187 191 185 180 176 177 177 177 173 178 175 175 173 172 170 170 170 167 166 165 164 165 167 172 177 180 180 181 184 185 186 186 187 189 193 189 190 196 195 190 189 189 189 189 186 186 182 175 173 172 169 167 166 164 164 164 164 164 163 163 163 163 163 163 163 162 161 162 163 163 163 159 155 157 158 159 161 159 159 158 158 157 157 158 157 158 158 156 157 157
174 174 175 173 178 185 190 184 177 175 177 175 175 177 175 175 175 173 172 172 170 169 165 164 164 167 166 175 180 181 182 184 184 186 185 186 190 186 190 197 196 198 201 205 197 195 198 189 185 182 180 177 173 170 169 167 168 167 166 164 164 164 163 164 166 163 163 162 163 165 165 164 163 163 162 162 162 159 156 158 165 162 162 161 159 159 158 158 157 157 157 157 157 157
174 174 174 173 175 180 187 185 177 175 175 176 181 179 179 177 175 175 175 175 172 170 167 165 167 169 167 172 180 182 182 184 182 183 182 182 184 184 186 189 191 197 197 201 205 201 194 188 184 180 179 175 172 170 172 169 168 167 166 167 166 166 166 164 163 164 166 166 164 162 163 163 163 163 163 165 165 163 159 160 155 157 159 159 159 159 157 157 157 158 158 158 158 158
174 174 174 174 173 175 182 190 187 180 177 177 186 185 178 178 180 177 175 172 172 172 167 165 168 172 167 173 177 181 182 181 181 181 182 184 184 184 182 186 189 192 196 195 197 196 194 188 184 180 179 175 175 173 172 170 169 169 167 167 169 169 169 169 166 166 169 166 166 165 164 165 164 165 165 163 163 162 162 162 160 159 158 155 157 156 157 158 158 159 160 161 160 161
173 173 174 174 174 178 190 195 193 187 177 177 185 188 187 183 178 177 175 175 175 172 169 165 167 171 167 173 174 174 181 177 180 181 184 184 186 181 185 189 192 186 186 189 195 193 200 192 186 184 179 178 175 172 172 172 169 172 170 169 167 166 166 166 163 163 165 165 162 164 163 163 162 162 162 162 162 162 162 162 162 162 161 159 162 161 159 160 159 159 160 161 161 161
173 173 174 174 173 175 181 190 197 192 182 177 179 190 193 184 180 178 177 177 175 173 171 166 166 169 168 172 177 177 181 180 180 180 182 183 181 177 182 185 188 186 183 184 183 186 197 196 192 189 182 178 176 174 172 172 172 172 172 169 166 166 164 162 162 160 161 162 160 160 161 160 162 161 160 162 163 163 166 162 162 162 163 162 162 159 161 161 160 160 161 161 161 162
173 173 174 174 172 173 175 177 196 196 195 182 181 185 196 189 187 182 180 177 177 174 171 169 166 166 169 177 177 180 181 183 183 183 182 182 182 177 175 187 185 183 177 179 180 186 189 189 189 185 180 177 175 174 172 172 172 172 169 166 163 162 163 163 161 160 160 160 159 159 160 159 159 159 159 162 163 163 164 164 162 160 162 161 162 161 162 161 161 160 159 160 161 162
174 174 174 172 172 172 173 175 178 190 198 195 190 185 190 190 189 187 182 179 177 177 177 177 166 166 168 174 178 181 183 183 184 183 183 181 182 183 182 172 170 175 174 177 178 182 186 185 180 177 175 172 170 174 174 172 169 169 168 166 166 169 169 166 163 160 162 162 163 166 162 160 159 162 162 160 161 162 162 162 162 161 159 160 160 161 161 161 161 161 160 160 160 165
173 174 174 173 172 172 172 173 175 175 193 204 195 193 189 192 190 187 184 179 178 179 177 177 173 166 166 174 179 181 182 184 183 182 182 180 181 182 181 179 167 161 170 174 175 174 179 186 183 179 176 174 172 169 167 166 164 163 164 163 168 169 169 166 166 166 166 165 167 166 166 165 165 164 162 162 159 162 162 163 163 162 159 160 161 159 161 160 162 162 161 161 160 165
173 172 171 172 173 172 172 172 172 174 184 200 199 195 198 193 193 193 185 179 184 187 181 178 174 168 166 173 179 182 183 184 182 181 182 179 179 174 173 168 156 157 156 164 169 172 169 172 172 170 177 172 162 169 167 169 166 161 158 158 163 163 162 159 166 163 163 162 162 162 162 164 163 163 162 162 160 159 159 160 162 162 161 161 162 161 162 162 162 162 162 161 158 163
173 171 171 171 171 172 172 172 172 172 178 211 213 199 195 198 193 192 188 193 192 192 186 179 178 172 166 174 181 182 183 184 182 181 179 175 174 174 157 157 157 167 155 155 155 162 164 164 159 163 164 166 154 156 158 161 166 163 159 156 156 162 158 162 158 156 157 159 159 158 159 158 161 161 160 159 158 157 159 160 163 162 161 160 160 162 163 162 161 161 162 161 158 164
173 171 171 171 171 172 172 172 172 172 174 192 207 221 200 200 198 193 193 196 196 197 196 185 180 174 166 166 182 183 184 184 183 181 182 182 179 170 157 157 170 171 169 167 161 159 157 155 155 157 155 159 159 159 158 154 156 154 155 155 155 153 153 156 154 154 154 155 157 156 156 156 160 159 158 156 155 155 158 159 159 162 161 158 155 154 163 160 158 157 157 158 157 160
174 171 171 171 171 171 172 171 172 172 174 185 212 228 217 203 199 204 198 198 203 195 191 184 182 174 166 166 173 180 184 184 185 183 183 182 182 157 157 169 182 180 182 177 176 172 164 163 163 164 163 163 163 161 161 164 163 159 161 162 162 163 162 161 160 161 159 157 158 158 155 156 157 156 157 158 156 156 155 156 156 156 158 154 156 156 157 155 155 159 160 155 157 156
173 172 172 171 171 170 170 170 172 172 174 180 204 228 224 212 211 215 220 204 206 203 197 191 179 174 170 166 174 179 182 179 178 182 174 170 157 160 164 169 177 182 179 177 174 172 172 175 172 169 172 173 172 169 169 169 169 168 166 166 169 163 166 163 163 163 162 163 163 162 158 157 157 155 158 156 157 157 158 158 154 155 158 156 159 166 163 159 158 165 165 162 160 158
172 172 172 171 170 169 169 170 170 172 172 181 195 220 229 218 208 201 212 205 201 206 193 182 174 171 166 166 176 176 174 172 167 163 158 160 157 170 170 169 176 181 183 186 185 176 180 184 182 176 174 179 181 176 175 172 172 172 172 170 169 169 167 166 166 166 168 168 164 160 159 157 157 161 163 161 159 163 158 159 160 165 156 158 159 166 166 162 160 164 163 163 160 161
172 172 172 171 169 169 169 170 170 171 172 178 192 199 226 238 216 205 195 190 184 177 174 173 171 174 169 170 176 179 181 175 163 167 171 172 175 176 172 172 176 180 183 186 190 184 188 185 183 179 179 183 184 181 179 175 174 175 175 169 166 163 163 163 163 163 164 164 162 159 159 160 159 159 160 159 162 160 162 164 164 161 161 162 160 164 163 162 161 165 166 162 161 162
171 171 172 170 169 169 170 170 171 172 173 176 190 200 208 234 218 206 198 195 187 176 179 192 187 174 167 167 176 178 176 171 161 174 178 179 176 175 176 179 176 181 185 188 193 197 197 186 182 183 183 188 186 182 179 179 176 176 171 169 166 167 166 166 163 161 161 162 163 164 164 164 163 164 160 163 162 167 170 167 164 162 166 168 163 163 163 163 163 166 167 167 168 166
170 170 170 170 170 169 169 170 170 169 172 172 178 178 201 229 222 208 215 208 193 182 209 198 179 174 167 167 176 176 174 171 167 170 177 179 179 181 181 179 181 179 183 185 188 195 198 190 190 190 188 193 186 184 186 179 178 176 174 172 172 172 173 169 167 163 162 164 163 164 162 162 163 166 163 163 164 167 170 170 170 170 170 168 163 163 163 163 165 165 166 167 167 166
170 170 170 170 170 169 169 168 169 170 171 174 181 200 190 204 224 216 212 195 189 189 211 201 189 176 170 170 174 174 175 177 172 167 180 180 179 183 184 183 179 183 183 186 193 201 207 210 208 202 188 184 184 181 177 175 174 175 180 179 176 171 169 169 166 166 164 164 166 164 161 164 167 168 166 167 167 168 170 173 174 171 170 166 165 162 163 167 171 167 167 169 168 168
170 170 170 170 170 170 169 167 169 169 170 172 174 199 203 206 211 208 203 193 201 220 232 211 198 179 171 167 173 173 176 173 167 167 174 180 184 187 187 188 183 190 187 187 193 201 210 215 215 208 206 196 193 183 181 175 176 172 171 176 176 174 169 169 166 163 163 163 163 166 171 168 169 170 170 169 171 174 173 173 170 170 166 166 168 164 163 166 169 172 169 169 169 169
