test/HelianthusTinyTest/asciifiles/nabio_5.asc
ncols  170
nrows  166
xllcorner  -106.083333333333
yllcorner  39.5916666666667
cellsize 0.00833333333332943
NODATA_value  -9999
[rows 84 to 125 of 166, columns 0 to 93 of 170]
223 228 226 221 218 211 197 188 183 171 164 171 178 188 194 196 200 193 188 198 207 212 210 219 224 231 235 236 235 236 233 227 221 215 208 211 220 226 217 190 179 180 169 194 206 166 156 136 137 151 141 152 163 184 162 140 136 146 161 170 176 191 203 220 223 226 222 205 192 195 212 218 227 240 245 245 248 245 253 246 251 253 265 257 251 264 271 272 264 269 273 277 279 286
232 224 221 217 212 211 199 185 175 169 179 176 182 189 197 201 204 200 193 191 199 214 223 223 229 235 235 235 235 235 234 233 233 221 231 237 236 209 198 177 162 162 180 177 193 204 183 162 139 135 128 139 159 169 158 130 133 146 160 169 183 188 200 214 224 227 230 225 213 197 211 209 231 244 244 241 248 249 256 256 254 259 250 246 248 252 257 269 268 274 280 282 284 286
233 228 224 225 215 206 199 186 174 175 180 185 192 196 201 203 204 207 204 194 193 204 223 226 232 234 235 235 236 236 238 239 238 237 237 219 203 190 185 175 166 155 152 180 177 175 189 189 178 172 161 149 145 152 151 126 120 152 139 152 167 188 210 217 222 229 230 233 227 223 221 228 232 242 248 250 249 250 243 247 251 254 255 236 243 257 258 265 275 276 278 284 289 288
232 237 218 215 218 209 199 193 184 184 189 192 199 201 204 207 199 201 209 210 200 204 214 222 231 236 235 235 236 240 239 240 240 240 224 213 202 201 193 178 166 168 156 153 157 164 172 187 147 157 147 146 156 130 136 148 136 124 136 156 179 197 216 218 226 230 232 236 239 231 231 225 235 243 247 245 246 237 237 242 254 251 258 240 248 256 260 258 272 277 279 274 290 288
224 233 231 218 216 213 204 198 189 194 201 205 206 212 206 216 209 212 217 223 215 212 216 215 237 237 236 235 240 240 240 230 240 239 237 234 236 226 201 186 178 182 174 172 159 153 170 160 137 127 123 162 161 163 155 169 158 160 153 154 166 187 206 217 224 230 235 236 236 242 237 230 231 241 244 241 239 238 240 244 257 260 266 265 268 271 277 271 276 282 289 287 287 290
218 231 234 230 216 218 206 201 203 202 211 215 213 220 221 220 218 220 228 228 232 228 226 226 232 237 236 237 239 240 224 220 213 216 234 234 217 234 233 213 211 202 202 188 186 180 172 168 153 141 154 169 172 171 164 164 174 182 178 168 177 190 203 211 223 230 236 231 230 236 239 239 234 239 237 233 241 241 240 251 266 268 273 272 270 270 270 275 282 283 283 283 282 290
223 227 227 236 225 220 207 211 210 207 217 224 217 218 227 228 221 227 230 233 234 235 229 233 234 237 237 238 239 239 235 227 222 204 198 199 205 197 191 202 210 189 160 170 169 181 181 189 178 153 155 166 184 184 181 170 170 185 193 196 199 200 202 219 228 239 239 241 234 236 235 238 241 243 249 243 241 253 242 254 266 263 275 280 279 277 279 281 277 273 274 283 284 286
222 218 225 237 228 230 221 227 213 212 227 229 212 224 233 233 218 228 236 236 233 235 236 234 236 236 236 239 238 237 238 232 220 208 195 180 192 193 183 184 208 198 167 169 161 157 158 164 170 147 167 170 179 190 198 194 202 191 196 202 206 212 236 236 237 239 236 239 240 237 244 251 252 254 250 260 254 263 259 258 268 259 272 279 272 279 276 271 268 273 273 279 288 289
215 221 228 221 238 234 232 222 215 226 233 223 226 232 236 233 224 231 236 238 238 236 238 237 238 236 238 236 238 239 238 231 228 222 206 188 185 188 181 173 191 193 189 184 167 158 154 141 142 138 139 154 167 180 191 201 207 211 210 213 228 227 224 225 229 230 237 239 240 244 241 234 230 235 241 238 247 254 246 262 268 274 267 264 265 265 266 262 262 275 283 288 290 295
214 222 218 213 213 229 234 226 222 234 226 221 234 236 235 234 226 228 237 238 238 239 238 238 239 237 238 234 232 235 239 235 229 223 219 220 204 185 179 173 173 172 173 197 187 176 165 154 146 153 151 160 174 187 198 191 196 196 219 220 227 203 197 212 223 230 234 236 238 243 233 233 234 220 228 227 245 251 253 259 262 257 252 246 253 250 256 248 264 272 291 282 284 292
221 221 209 210 209 225 233 242 238 240 224 229 239 230 225 231 231 233 233 238 237 239 239 237 240 239 239 238 233 228 232 239 234 230 223 221 212 200 189 181 175 161 148 173 182 182 171 173 150 147 158 173 158 156 168 179 187 193 200 199 192 181 188 200 214 218 235 238 240 242 235 237 240 243 244 246 247 253 258 256 256 251 246 245 243 251 264 274 277 281 287 274 284 285
204 201 203 200 208 216 216 229 243 243 241 239 240 234 231 229 230 235 239 238 239 239 240 240 239 239 239 239 237 234 231 240 240 223 218 204 211 199 197 194 172 171 155 165 164 184 171 159 139 139 147 147 140 142 159 180 185 194 196 193 181 168 175 192 196 210 229 232 224 231 228 228 238 243 243 241 242 250 253 256 252 243 241 243 242 251 262 274 278 274 266 268 270 272
200 197 199 197 199 204 213 228 236 239 244 244 238 237 233 232 229 238 240 241 238 239 240 239 239 239 239 240 240 237 233 238 234 229 218 204 190 175 176 165 165 178 165 147 157 170 181 159 138 132 147 162 159 171 177 180 189 190 175 185 177 169 178 190 204 216 226 220 208 209 217 222 232 241 241 243 249 252 255 256 263 258 256 257 264 265 269 261 274 261 259 267 269 273
206 212 205 210 202 203 220 225 226 238 241 244 245 239 236 234 235 236 241 242 234 235 240 239 239 240 240 240 240 237 240 240 232 229 221 210 192 180 168 161 154 184 178 170 161 157 156 173 162 139 151 169 169 182 185 166 165 174 161 147 160 168 175 190 204 215 215 204 196 213 225 232 237 239 243 248 249 245 248 250 255 261 257 258 254 251 257 265 257 253 254 268 276 279
202 199 223 224 216 201 204 216 218 231 240 245 243 245 238 240 240 241 243 244 241 231 233 239 240 240 240 240 240 240 240 233 233 230 227 222 204 190 182 176 180 195 191 181 168 161 159 171 175 154 142 154 160 171 182 188 191 177 162 168 175 172 181 189 192 204 196 189 204 220 227 233 239 244 244 243 237 237 241 249 251 248 248 250 254 255 260 257 243 250 264 276 277 286
214 206 211 219 223 213 208 216 221 236 237 230 237 240 242 245 245 245 247 245 242 240 233 240 240 241 240 240 240 240 240 240 240 228 227 224 217 203 191 198 205 198 177 172 168 175 188 180 169 163 154 143 152 152 158 169 186 197 189 181 192 198 198 192 204 194 198 204 208 220 225 233 239 243 238 234 235 242 240 238 245 245 246 251 248 255 255 248 244 263 271 281 282 286
215 216 219 231 233 215 207 221 229 231 238 230 226 230 237 235 240 239 247 246 242 242 242 241 241 243 242 240 240 240 241 240 240 240 240 240 231 222 219 208 186 182 176 166 195 195 177 169 180 172 151 169 172 168 153 163 178 191 203 206 203 210 213 214 205 214 214 216 225 226 228 226 229 228 230 232 236 239 235 238 241 240 243 247 249 253 251 239 240 251 265 277 276 290
219 234 216 229 236 219 208 223 233 235 243 238 232 232 238 240 243 239 241 248 246 243 244 243 239 241 241 236 236 241 240 235 229 240 240 240 241 241 236 202 196 185 172 165 199 183 174 183 181 208 188 180 181 175 156 166 176 183 194 197 203 201 205 209 214 211 223 231 232 233 231 229 229 230 228 230 233 237 233 234 246 254 256 242 247 250 249 242 247 252 260 275 286 289
231 236 236 238 241 226 231 229 240 241 246 246 241 242 241 244 245 246 246 250 248 248 248 242 235 234 240 239 235 230 234 231 220 226 230 226 231 226 240 239 213 193 185 192 207 200 182 204 213 210 209 202 186 165 153 166 172 183 192 175 187 195 203 206 211 212 214 219 221 222 225 228 232 235 236 234 234 234 235 234 237 252 262 255 258 252 250 254 255 258 274 278 282 291
232 234 235 236 243 235 232 242 247 248 254 250 247 244 248 250 249 251 250 249 249 243 242 241 238 233 235 239 236 233 227 223 213 205 213 216 218 220 224 239 239 214 203 214 223 219 218 221 193 174 173 184 188 150 160 175 173 161 164 173 186 192 203 207 210 211 215 220 219 226 230 227 231 228 224 230 230 234 241 245 250 258 262 266 269 264 263 268 266 271 274 276 282 290
245 248 248 235 251 252 256 256 255 254 249 254 253 252 252 252 251 251 250 244 243 243 242 241 238 236 231 234 235 231 226 222 221 222 217 216 220 220 222 227 239 239 235 234 222 223 201 222 184 173 161 167 180 154 163 157 136 142 152 164 173 184 189 198 201 204 207 210 217 221 226 227 227 223 226 230 232 236 242 235 236 247 254 259 259 259 264 269 272 279 277 279 276 284
247 249 257 257 256 256 255 244 241 242 239 250 253 252 252 251 247 247 246 244 243 242 241 241 240 236 230 226 234 233 224 221 226 217 211 215 202 202 217 219 221 235 233 218 196 178 193 186 205 199 173 165 169 150 153 141 138 152 158 161 175 179 185 193 195 202 205 208 215 216 220 223 226 225 230 230 236 237 237 233 227 234 244 254 243 247 253 266 277 270 268 271 278 282
254 257 257 251 253 239 239 233 235 235 231 241 247 249 252 251 251 247 246 246 243 242 241 241 240 239 232 222 229 231 231 230 230 225 222 209 200 198 196 200 209 220 232 230 201 184 165 170 179 183 197 177 175 151 149 160 167 171 180 179 185 187 192 195 196 201 204 202 213 216 218 223 223 228 229 230 231 233 233 231 226 230 239 240 247 262 272 268 271 267 268 272 276 280
255 246 245 248 244 239 232 225 228 224 222 235 242 246 249 251 251 250 249 249 248 248 248 239 241 243 237 228 226 232 226 225 223 213 208 209 209 201 195 188 191 201 206 218 226 197 174 156 167 171 186 174 167 146 142 158 160 171 172 185 187 189 191 193 193 193 198 205 209 213 220 220 222 223 229 232 232 243 245 246 246 245 252 258 261 265 262 251 257 262 269 272 276 277
255 251 243 237 235 236 234 225 219 223 226 232 241 246 247 247 248 250 249 248 247 236 246 247 235 232 222 234 233 223 214 214 222 220 212 210 205 208 201 193 195 196 203 194 199 219 184 165 146 165 180 187 142 139 153 176 175 179 182 180 181 182 182 183 185 187 193 208 215 217 219 226 229 227 235 241 245 247 247 253 250 258 246 234 245 249 257 254 251 264 271 278 283 284
245 251 249 243 238 221 220 220 216 217 217 228 233 241 245 247 249 249 248 248 241 242 245 238 241 234 221 221 222 213 208 205 219 222 211 200 196 194 194 196 196 194 197 189 189 199 216 162 147 160 150 158 141 153 160 151 171 167 166 167 170 177 182 171 176 187 204 219 220 218 225 232 235 243 239 239 237 230 229 235 239 236 249 244 253 258 264 266 268 274 276 278 286 292
237 238 239 236 235 233 224 209 208 216 221 222 225 233 243 247 246 246 247 248 238 242 237 234 238 231 226 225 222 215 213 206 216 217 210 201 196 194 194 199 199 197 194 178 172 187 205 193 167 166 163 139 133 140 153 157 156 157 154 161 164 165 165 164 185 191 208 212 223 228 228 227 231 230 230 234 231 231 229 239 241 245 253 256 266 268 264 268 268 272 277 275 282 283
218 224 226 220 218 218 228 231 233 235 232 229 229 238 243 247 246 247 241 237 234 240 236 236 230 230 225 222 219 216 210 210 217 220 216 211 205 200 196 192 194 197 197 191 182 172 182 200 202 187 179 174 155 137 138 141 157 174 175 170 174 175 170 182 195 199 207 212 216 221 222 226 229 230 235 233 243 240 247 250 245 250 256 265 268 272 274 273 270 271 272 272 278 287
227 219 216 209 207 207 220 233 238 238 242 238 240 245 245 246 245 247 242 231 229 236 228 231 239 223 227 226 224 219 217 217 221 223 221 217 208 200 194 186 194 194 196 191 182 165 172 177 187 187 158 155 165 154 168 145 150 160 179 185 185 185 189 191 199 207 213 220 219 219 222 235 243 244 250 249 251 251 252 262 259 262 263 265 266 274 277 281 280 281 276 276 276 273
224 224 220 217 209 209 212 227 236 240 243 243 243 243 243 244 244 245 245 234 233 227 224 222 228 236 231 233 225 220 217 227 218 221 221 214 206 196 189 187 191 192 187 185 189 178 167 162 175 182 172 137 138 147 163 179 182 185 191 192 192 192 191 191 197 208 215 221 219 218 222 223 235 243 239 234 235 246 246 234 245 248 254 255 258 260 263 270 284 285 286 282 286 285
240 238 228 231 215 209 206 212 228 235 239 241 240 241 243 240 243 244 238 235 229 221 221 223 231 236 238 230 227 223 219 227 229 228 224 214 207 194 192 184 191 192 189 178 172 182 167 160 170 166 161 137 140 148 149 154 160 165 173 183 188 194 201 196 196 204 214 221 220 221 221 226 225 229 233 233 234 236 236 242 245 251 257 262 264 267 270 273 278 283 291 281 286 290
236 228 224 225 231 224 202 202 216 227 233 237 238 241 234 230 237 237 236 236 232 226 225 228 226 223 232 237 229 232 226 228 233 225 227 220 218 209 204 204 193 190 192 183 168 161 163 146 160 160 170 164 143 139 138 146 147 156 176 190 191 195 202 203 202 207 215 224 226 225 227 231 233 238 239 243 246 246 249 253 255 255 254 264 265 266 271 277 279 281 288 289 290 296
232 224 222 219 222 229 217 204 210 215 229 229 238 238 228 222 232 235 235 235 236 230 229 232 230 237 228 235 242 233 228 234 230 230 230 225 215 209 199 201 197 195 199 187 168 170 147 155 158 161 172 183 188 169 152 152 154 170 179 189 192 194 202 208 206 219 223 234 235 229 230 234 238 240 244 244 246 249 252 250 257 260 258 268 280 279 278 281 284 288 285 285 274 274
235 229 222 217 215 221 224 226 199 209 220 225 232 234 233 217 226 230 231 234 231 231 236 237 237 238 239 241 241 241 241 238 238 237 232 230 226 221 213 211 207 200 199 194 177 185 164 142 144 160 160 172 175 190 197 169 167 175 189 193 199 201 201 204 207 222 231 236 240 238 236 236 239 241 244 245 248 246 247 250 252 243 250 260 268 260 267 272 277 273 266 277 271 274
246 238 228 222 212 207 221 224 202 199 210 218 222 230 228 225 229 231 232 234 236 233 233 236 237 237 238 240 238 240 240 238 240 239 238 236 231 221 219 213 210 209 208 192 195 192 158 145 152 154 160 167 163 173 198 193 173 183 193 196 201 194 201 212 220 229 233 236 238 238 241 239 243 244 242 240 245 249 251 246 241 242 243 248 254 260 262 261 267 263 263 261 266 261
242 240 235 230 217 209 212 217 215 197 202 209 216 216 217 223 231 231 231 232 233 235 234 236 238 239 237 239 239 237 238 238 237 235 238 237 235 230 226 218 211 207 208 198 191 178 164 155 156 168 178 167 168 173 179 188 207 184 190 191 196 202 203 210 210 226 232 234 238 238 236 234 238 239 242 242 243 238 238 240 244 247 242 236 234 244 247 249 252 253 253 254 256 255
237 236 229 224 220 213 209 213 212 208 193 198 205 212 223 223 216 225 210 229 227 230 232 235 236 236 237 238 235 235 239 239 237 234 234 237 237 235 230 223 217 199 197 183 178 167 162 158 170 176 185 188 186 191 185 181 194 208 199 192 196 202 212 221 227 229 231 231 234 237 238 240 247 243 241 233 234 239 241 242 243 250 249 244 238 240 246 253 255 253 259 256 255 261
229 236 236 224 216 211 204 206 209 205 202 193 194 206 210 216 215 219 204 202 217 228 232 232 232 233 236 238 234 234 236 237 237 231 231 232 235 234 229 219 210 205 202 192 188 177 164 155 171 155 171 173 191 194 203 193 196 210 207 195 200 208 216 222 231 235 232 237 242 242 243 239 234 235 230 226 235 242 245 248 250 250 253 251 249 252 256 258 261 259 265 264 266 258
219 224 229 231 228 222 212 205 205 205 202 196 186 190 198 203 208 214 201 193 206 223 226 228 231 233 237 234 233 233 234 236 235 232 229 230 235 233 228 222 216 210 205 195 181 169 151 146 158 169 173 176 183 191 201 209 208 218 218 225 215 216 215 216 235 236 236 232 234 232 234 231 232 235 234 234 237 241 243 244 247 249 253 252 258 260 263 258 263 264 270 270 270 254
215 219 218 221 228 222 218 205 202 199 197 193 191 190 191 191 199 206 209 209 213 213 228 230 232 233 230 232 232 233 234 235 235 232 230 228 226 233 229 226 219 213 202 197 186 166 151 167 164 178 186 186 189 187 184 189 192 210 200 214 220 231 232 228 233 236 230 230 231 232 234 232 232 231 234 236 235 236 241 243 249 249 251 252 255 261 263 266 264 269 266 272 273 266
225 220 213 215 216 216 215 210 206 202 209 203 203 203 206 212 216 217 225 223 222 225 229 226 230 229 229 230 232 232 233 234 234 234 234 226 224 225 226 223 219 212 204 201 186 169 167 156 168 155 159 176 173 179 182 184 191 192 195 208 215 218 214 207 215 217 224 231 233 233 233 238 238 235 237 238 241 244 240 240 242 248 252 257 260 260 260 266 271 268 271 275 278 280
221 215 207 205 207 210 210 208 207 210 209 205 205 200 196 206 207 210 206 208 211 220 214 214 224 227 228 230 229 228 233 231 229 228 231 232 227 222 220 219 206 214 203 195 194 180 169 163 156 171 175 182 187 196 197 200 205 207 212 212 209 206 206 204 209 218 221 226 231 232 232 232 236 239 241 242 238 237 242 245 243 238 238 241 248 252 260 258 259 262 265 270 271 282
