test/HelianthusTinyTest/asciifiles/nabio_17.asc
ncols  170
nrows  166
xllcorner  -106.083333333333
yllcorner  39.5916666666667
cellsize 0.00833333333332943
NODATA_value  -9999
[rows 49 to 97 of 166, columns 0 to 95 of 170]
124 123 123 120 119 119 125 129 134 135 131 126 123 123 123 129 135 139 146 150 158 152 148 140 138 135 134 138 139 139 136 139 137 134 125 118 131 135 141 142 147 148 148 151 155 159 162 161 155 149 149 142 145 140 130 120 113 105 89 101 101 92 80 75 72 105 114 112 99 87 81 80 74 73 64 58 60 54 51 54 49 45 44 51 47 45 41 38 39 37 37 37 36 36 36 36
124 123 123 120 120 120 120 126 126 125 123 120 123 123 126 132 134 139 142 146 158 152 146 146 144 135 139 140 143 145 143 135 139 134 129 121 121 121 130 136 141 147 155 160 162 166 169 172 168 166 164 157 149 141 122 119 112 93 105 109 111 101 91 95 81 95 109 120 107 107 91 88 73 81 76 70 68 67 64 56 54 54 55 56 50 44 43 46 41 37 37 36 36 36 36 36
125 125 123 121 120 120 120 125 126 126 129 123 134 134 123 129 129 134 135 139 148 151 148 144 139 139 144 148 150 146 140 142 140 139 137 139 134 129 121 132 141 152 159 165 167 166 159 172 175 157 157 144 132 130 132 129 108 125 134 130 122 109 98 105 95 102 117 128 127 122 125 102 86 85 97 91 81 89 81 68 63 58 56 51 51 51 47 45 44 39 38 36 36 36 36 36
126 128 125 121 121 120 121 123 129 132 135 134 126 137 135 128 132 132 136 139 146 154 146 140 140 146 150 154 152 146 146 147 146 143 143 147 147 141 141 129 131 139 145 155 160 167 153 164 167 164 149 151 147 145 144 132 119 140 144 135 139 130 116 115 95 104 117 114 126 132 127 124 112 110 117 119 109 105 97 84 68 59 54 57 54 50 47 42 41 40 37 37 37 36 36 36
128 131 128 125 122 120 122 123 125 134 139 138 130 132 132 133 135 135 136 142 150 154 146 140 149 148 152 158 150 144 152 152 144 139 139 143 144 144 143 125 126 135 136 143 156 151 149 155 157 163 168 155 155 149 136 137 150 149 156 157 149 145 141 133 114 106 122 133 141 135 117 101 128 125 125 123 111 97 88 75 67 60 67 66 54 51 48 46 45 38 37 37 37 37 37 36
133 135 135 131 124 123 123 123 126 126 139 140 141 138 137 137 136 140 144 146 158 155 145 143 154 155 163 157 150 154 156 144 144 144 137 137 138 135 135 129 128 135 137 139 141 144 145 145 155 155 158 151 149 144 159 162 156 149 155 162 159 152 145 136 125 132 130 142 146 135 117 98 114 125 117 123 120 100 88 79 74 65 58 56 51 51 49 43 40 39 37 39 37 37 36 36
136 135 135 131 128 123 123 125 123 126 131 134 135 137 141 144 142 140 142 140 149 155 151 143 148 154 162 159 162 155 155 154 152 148 144 143 142 137 135 137 135 130 130 135 132 137 139 136 151 155 156 157 155 162 166 162 151 144 161 156 153 149 144 136 137 140 142 147 140 139 115 91 88 105 95 114 131 125 111 106 86 69 58 57 57 54 45 45 42 40 40 40 39 37 37 36
137 137 137 135 131 128 125 125 128 129 128 128 129 129 128 140 129 129 131 131 133 134 135 137 140 144 151 168 162 157 166 154 152 148 140 136 136 135 135 143 144 131 139 148 147 144 151 144 143 155 160 159 159 176 169 155 149 148 144 141 138 135 128 140 135 137 116 95 114 128 126 105 84 72 80 93 108 109 94 108 97 77 65 61 57 54 48 48 48 46 43 40 39 40 37 37
139 140 140 137 137 133 128 128 127 129 131 135 133 128 127 128 132 131 131 138 147 144 142 149 148 149 144 157 153 146 150 152 149 142 139 136 136 140 140 147 148 133 144 156 159 152 156 156 147 152 166 177 185 182 163 163 168 157 155 157 152 144 133 114 111 108 101 91 82 85 95 100 88 72 58 62 80 84 75 88 97 93 87 77 66 60 60 57 56 43 42 39 37 40 40 37
145 143 140 138 138 137 136 134 129 128 131 133 135 135 136 140 142 147 143 147 155 142 163 159 155 153 148 163 155 149 140 140 139 137 150 158 148 143 142 143 140 135 146 160 163 159 163 160 155 147 156 166 187 182 178 173 173 168 166 164 162 157 153 138 122 113 113 85 77 65 64 56 74 77 62 48 56 68 63 65 74 86 108 109 94 81 80 61 51 48 40 40 37 39 42 39
151 147 146 146 143 146 142 135 133 129 131 133 133 135 136 135 140 152 151 154 160 152 163 166 157 157 166 159 155 151 144 139 145 160 161 156 143 144 145 144 144 135 144 152 160 164 171 166 159 155 170 171 174 176 182 179 167 159 151 153 135 143 149 140 129 140 127 108 104 89 88 68 64 54 60 54 42 60 50 48 62 68 80 90 88 77 71 57 51 51 43 40 37 37 37 37
138 147 151 149 147 148 146 135 133 129 131 139 140 142 143 138 138 140 151 156 167 166 176 165 157 150 151 155 151 144 140 142 155 160 158 152 145 149 152 145 139 139 138 145 155 167 178 168 163 190 186 168 160 151 160 177 176 168 155 143 131 127 112 116 105 95 100 96 102 111 89 71 65 54 45 45 42 39 39 45 45 54 63 68 73 68 66 57 48 48 49 39 37 37 37 37
133 139 140 138 143 142 139 136 130 130 133 136 138 136 144 148 145 140 140 142 152 160 166 160 151 152 142 144 141 135 140 148 159 166 156 150 154 155 155 140 143 140 139 144 152 160 174 174 176 172 174 171 170 159 149 151 162 159 155 149 143 137 121 105 96 91 86 85 85 85 77 65 53 48 45 42 48 39 39 39 38 38 48 54 63 65 57 57 48 40 38 37 37 37 37 37
128 131 133 134 136 133 133 133 135 130 130 138 138 143 139 144 147 148 149 142 147 163 166 158 159 151 141 138 131 142 144 149 163 167 158 155 155 141 144 148 156 152 143 143 148 156 170 186 181 160 155 166 163 155 145 147 151 157 162 157 147 140 131 114 102 92 89 78 71 71 60 51 43 42 41 39 40 39 39 39 39 39 38 39 38 47 42 45 40 39 39 38 38 38 37 37
129 130 129 133 132 130 133 134 135 136 136 132 132 147 151 152 152 156 159 163 151 160 169 167 160 156 143 135 129 143 155 159 164 168 159 153 147 142 152 162 164 160 153 146 152 160 176 171 168 156 148 143 145 150 138 147 145 145 151 155 145 136 128 125 113 103 93 78 65 59 59 51 48 42 40 39 43 55 51 42 45 38 38 39 38 38 38 39 38 39 39 39 42 39 38 37
130 128 126 131 131 131 131 126 130 132 138 143 142 136 138 136 140 143 151 157 160 170 170 155 152 147 140 131 125 140 145 166 167 158 147 151 155 161 166 166 158 155 154 158 158 168 160 163 160 158 144 142 135 126 128 143 143 133 137 139 137 125 116 99 95 102 116 96 85 65 53 48 49 48 43 45 48 57 77 68 60 56 42 39 38 38 38 38 39 38 39 40 42 40 39 38
123 124 129 129 126 128 126 129 128 130 130 148 156 159 151 147 142 151 140 142 155 174 164 167 159 145 140 127 132 151 147 155 159 151 153 158 162 162 168 170 163 152 148 144 157 154 154 147 143 145 147 140 132 123 140 152 138 128 116 110 130 136 120 103 81 68 65 59 74 56 56 59 59 56 53 59 70 76 65 76 74 63 53 45 41 39 41 39 38 38 38 38 38 38 38 38
121 121 123 122 126 126 129 139 134 138 131 143 154 156 156 152 158 164 158 143 152 161 171 165 159 151 140 127 132 152 152 159 149 149 166 159 159 148 155 166 164 160 161 158 149 137 131 127 127 128 121 129 123 116 127 146 148 123 113 116 108 102 98 90 116 82 76 71 79 68 65 61 54 51 54 65 71 73 65 48 45 46 54 54 42 41 38 39 38 39 44 40 39 38 38 38
121 123 124 126 126 126 127 137 134 140 140 136 147 158 160 160 159 164 160 151 160 171 170 160 151 143 140 125 127 140 151 149 147 167 164 162 158 151 144 155 166 166 171 171 168 159 169 146 133 121 93 84 83 83 81 123 99 110 96 116 126 119 85 94 108 102 98 82 85 83 77 48 49 49 59 60 60 59 54 48 39 39 42 41 39 39 39 42 42 42 48 48 54 45 41 38
119 121 124 124 125 127 127 137 132 143 150 139 143 152 147 144 148 152 156 158 157 169 167 155 147 141 136 123 124 133 143 140 147 156 166 163 157 155 152 144 138 144 155 162 168 169 168 153 139 136 138 124 109 82 81 79 79 80 73 73 61 87 85 73 59 60 56 70 74 66 53 47 46 51 54 58 49 46 45 40 39 40 39 41 42 57 41 39 41 51 44 41 39 43 42 40
124 126 125 127 127 130 128 132 131 138 148 148 147 143 154 160 156 149 156 163 158 173 162 162 152 144 134 124 117 128 137 145 155 152 167 167 159 159 156 149 147 137 133 148 162 168 160 152 154 146 136 123 109 116 97 80 84 82 73 73 59 57 62 73 55 49 47 50 49 46 45 43 50 45 43 43 40 39 40 39 46 43 41 42 54 65 54 43 41 41 44 40 42 39 39 38
124 127 127 128 130 132 131 132 135 131 139 147 154 148 152 162 167 167 161 154 156 172 166 159 152 143 131 119 121 136 148 156 163 156 159 167 163 170 155 151 140 141 141 132 138 155 159 161 154 135 135 135 142 140 113 107 96 93 113 121 106 71 53 60 63 57 49 43 46 43 43 43 51 43 40 43 46 43 42 49 63 57 55 51 54 65 63 54 48 40 41 39 39 39 39 39
127 127 130 130 132 135 130 133 137 134 135 143 149 152 156 161 172 161 157 147 156 160 160 158 147 136 127 113 124 132 146 156 159 155 167 174 177 179 160 163 179 153 149 132 135 124 137 153 162 162 153 149 140 127 98 87 87 84 93 121 116 87 70 50 56 47 46 43 40 40 42 40 43 46 52 55 44 43 54 74 74 78 79 82 64 71 67 65 48 41 39 39 39 39 39 39
128 128 133 137 138 139 135 135 139 139 137 139 140 145 148 154 161 170 162 149 144 141 133 140 136 128 113 112 131 146 141 144 147 156 160 171 181 170 163 179 170 147 143 153 155 129 113 129 144 156 146 140 136 131 110 90 81 76 73 73 78 61 60 60 56 49 47 43 46 43 40 40 42 43 52 55 50 59 59 75 77 75 69 65 57 55 62 57 51 44 41 39 39 39 39 39
128 135 141 144 144 137 133 133 140 139 140 144 152 152 149 157 160 168 165 166 159 153 141 132 122 123 114 112 136 148 149 144 150 155 162 159 156 176 172 163 149 147 151 179 174 157 136 107 117 140 141 131 124 122 110 84 75 67 70 68 65 61 53 49 46 46 53 76 57 46 43 47 52 59 55 66 58 74 72 75 77 68 64 60 51 54 49 47 44 43 39 39 41 40 39 39
132 140 148 148 140 135 131 132 133 140 136 144 155 158 157 164 154 152 164 156 152 154 146 139 127 118 112 112 136 142 148 145 141 155 153 152 152 164 174 167 160 164 170 179 174 162 151 145 105 106 114 113 98 73 76 67 64 62 61 60 59 56 54 49 51 52 62 62 52 47 43 52 61 73 68 59 52 65 78 82 88 80 77 64 61 64 65 59 47 42 39 39 39 40 39 39
132 131 132 135 132 125 133 128 136 135 132 136 144 161 167 162 153 146 152 142 142 145 145 140 128 112 111 120 129 137 139 144 141 133 143 147 162 164 155 170 170 177 170 160 159 137 129 128 119 115 109 97 95 95 73 75 64 62 73 67 60 56 70 82 73 63 59 52 49 46 61 78 81 65 59 53 56 49 59 77 88 79 75 74 61 59 55 58 50 42 39 39 39 41 40 39
125 124 128 127 125 128 128 128 133 129 128 132 140 151 167 170 157 145 142 140 137 132 133 133 128 120 111 110 124 132 130 128 132 137 143 156 165 164 168 150 148 167 166 156 155 155 145 140 128 134 132 134 127 118 104 104 87 81 84 81 66 60 62 81 101 79 60 57 55 50 55 89 79 69 66 63 58 52 49 69 77 84 74 65 64 56 48 43 52 41 40 40 40 40 40 41
123 126 128 127 124 128 124 123 123 123 124 128 136 145 153 159 159 159 152 148 142 137 133 124 123 113 110 109 118 120 132 129 133 134 137 144 147 153 156 146 145 155 163 167 170 168 159 141 141 141 140 137 130 126 120 119 104 93 87 90 70 66 65 70 98 96 72 60 56 58 58 71 91 89 76 68 67 52 46 56 69 71 64 58 58 49 44 47 49 41 41 40 40 41 40 40
124 124 123 131 124 118 124 129 133 131 124 124 132 136 144 145 151 161 157 148 148 148 140 134 125 121 108 109 113 122 128 133 129 126 129 127 129 138 137 160 155 159 163 169 171 174 174 145 146 149 140 132 130 126 114 99 96 90 92 93 84 84 96 79 93 104 72 63 70 75 68 73 78 99 85 76 73 68 67 49 49 52 65 58 61 58 62 62 47 42 41 41 41 41 40 40
124 119 119 114 120 123 128 129 141 141 129 131 128 129 133 137 144 157 159 156 155 149 144 137 132 123 108 108 108 120 124 129 124 132 144 145 146 148 150 160 167 164 155 169 160 174 167 167 165 153 140 134 124 114 109 110 109 104 102 96 104 117 115 104 93 102 81 93 108 110 102 91 88 106 105 81 79 79 73 59 49 43 44 55 63 69 68 61 46 44 41 41 41 41 41 41
124 119 117 120 123 125 128 133 138 138 134 133 129 129 129 134 141 155 151 153 149 145 138 134 129 124 114 108 108 119 129 138 124 133 148 156 152 153 156 155 160 163 152 151 159 171 172 176 172 151 141 134 126 112 121 130 126 127 128 128 121 134 127 113 99 101 115 133 125 123 102 93 108 103 98 85 76 75 71 81 71 67 47 41 46 61 61 61 49 45 41 41 41 41 41 41
128 120 119 122 123 125 129 135 141 144 141 141 138 134 134 138 145 153 153 145 140 136 132 133 130 119 108 108 109 120 130 137 124 134 143 156 153 145 142 147 148 153 148 148 160 166 168 171 156 160 153 138 133 132 141 134 141 148 148 145 138 140 136 123 105 109 133 144 137 125 103 102 98 93 78 71 78 80 81 89 84 81 66 44 41 44 49 47 41 41 41 41 41 41 41 41
118 128 125 121 124 129 131 134 138 149 147 147 145 141 137 140 151 155 154 151 144 136 133 125 125 120 116 108 108 114 123 133 124 138 148 144 142 137 126 123 126 122 122 147 163 152 163 171 167 151 145 156 160 134 153 144 146 159 164 158 141 132 126 112 104 110 129 148 147 134 96 86 83 71 68 64 66 67 69 84 89 78 64 52 41 41 41 41 41 41 41 41 41 41 41 41
119 119 129 127 129 129 134 137 145 154 159 156 152 149 145 145 149 152 154 147 141 134 132 126 120 116 107 107 108 108 116 120 121 136 138 142 142 126 115 129 140 148 129 129 145 156 169 175 176 159 160 179 159 141 160 161 159 164 168 157 148 136 123 108 101 98 118 137 148 133 104 89 70 66 62 60 60 55 64 72 78 68 46 43 42 41 41 41 41 41 41 41 41 41 41 41
121 115 117 123 125 130 140 145 149 159 163 159 152 145 141 140 137 142 146 139 132 129 130 124 120 112 105 105 107 106 109 116 121 125 130 129 122 115 124 144 152 149 158 139 129 160 167 181 180 171 177 170 160 145 162 177 179 172 162 155 149 138 129 109 101 97 102 124 136 133 115 105 89 67 60 60 55 58 49 58 52 49 43 46 50 43 41 41 43 41 41 41 41 41 41 41
111 120 121 125 129 130 137 148 155 160 152 155 151 145 140 136 135 137 142 144 139 128 121 120 116 105 105 105 106 107 109 109 109 122 111 99 100 129 137 152 164 163 150 152 140 133 148 163 179 182 186 179 164 156 164 185 182 173 163 155 145 140 130 115 100 95 90 97 114 133 116 118 83 61 61 66 55 55 46 46 49 45 52 55 55 49 46 41 41 41 41 41 41 41 41 41
109 115 120 119 126 134 138 148 156 156 152 148 142 140 137 135 134 132 134 141 142 135 121 118 111 106 106 106 104 103 98 91 94 98 98 122 134 143 148 153 160 168 170 149 152 153 144 142 152 156 163 171 174 170 170 189 193 169 178 168 157 141 121 113 104 91 90 84 93 99 102 89 80 65 55 53 55 52 61 55 52 49 48 69 61 47 46 43 41 41 41 41 42 41 41 41
110 102 125 126 125 130 137 142 148 148 145 142 137 137 135 132 137 137 131 130 137 134 129 121 111 103 106 106 103 88 90 88 88 88 118 127 134 135 141 153 161 159 168 170 166 161 156 144 174 167 174 174 167 186 181 172 180 190 181 166 149 134 115 113 98 90 84 79 73 87 86 94 77 63 58 61 60 71 72 63 49 52 46 64 55 47 45 47 41 41 41 41 42 42 42 41
119 107 111 123 126 127 133 138 145 141 137 134 133 129 133 126 131 129 125 121 126 129 125 126 100 100 101 104 88 88 88 112 88 91 98 103 99 116 135 145 152 149 155 156 166 170 157 164 181 189 191 163 163 162 167 156 164 163 167 167 159 141 126 114 101 90 83 79 77 69 74 86 84 67 63 66 69 69 66 60 48 45 44 44 44 43 42 43 41 42 42 42 42 42 42 41
122 110 106 112 125 125 133 137 135 135 130 126 127 122 122 122 124 123 116 116 108 116 118 117 109 97 99 96 88 88 119 121 126 125 104 104 123 102 105 125 129 134 134 145 145 151 156 158 170 178 168 157 156 156 160 160 152 146 149 156 150 140 130 121 104 91 80 87 91 77 72 72 81 72 75 78 69 66 66 52 44 44 44 44 44 44 44 44 43 43 43 43 43 42 43 42
120 117 114 104 117 122 131 130 130 131 125 119 125 125 116 113 121 117 112 105 103 101 114 107 106 96 96 88 88 88 103 116 120 134 137 137 134 139 143 135 129 144 166 158 159 149 149 143 152 169 168 160 146 146 148 156 156 145 138 136 133 132 130 112 97 76 74 71 82 77 80 73 69 66 57 66 66 52 64 51 44 45 44 44 44 44 44 44 44 44 44 43 43 43 43 43
120 122 117 101 114 112 121 117 127 127 115 113 129 118 107 107 124 115 100 99 106 102 100 105 100 98 100 91 88 91 95 110 121 130 141 152 142 141 149 147 130 138 160 159 164 167 166 162 157 174 160 156 149 142 134 137 131 139 137 131 127 123 83 83 80 76 80 75 72 75 66 56 55 52 55 47 52 46 48 47 44 47 44 44 44 44 44 44 44 44 44 44 44 44 44 43
125 121 114 121 99 104 107 120 126 117 107 120 117 109 101 105 119 110 99 95 93 98 95 95 94 96 94 96 88 86 95 110 115 121 133 145 148 145 150 156 142 141 144 148 160 167 170 178 178 181 178 168 160 148 140 133 128 124 126 121 101 101 105 103 94 91 80 75 72 66 69 83 88 80 69 72 59 52 61 46 44 44 44 45 44 44 44 46 45 44 44 44 44 44 43 44
126 119 122 126 127 112 104 117 120 106 116 120 104 101 102 104 117 115 98 95 91 89 90 94 85 92 88 105 108 102 86 103 113 119 122 122 134 148 152 156 156 157 155 139 145 153 161 168 175 170 171 164 153 144 134 140 137 137 115 113 101 130 133 121 106 93 86 81 77 68 86 85 83 103 89 92 63 55 52 48 47 49 52 59 52 55 50 55 45 44 44 44 44 44 44 44
119 120 129 129 130 117 107 91 99 95 117 113 94 110 116 110 110 106 107 95 93 89 87 92 84 84 82 91 108 115 108 85 103 111 119 121 127 137 145 151 155 164 174 156 149 149 157 156 172 173 166 155 166 167 158 151 144 139 133 134 138 147 142 132 119 114 84 79 74 69 80 77 72 66 65 61 60 53 49 51 51 54 59 61 63 54 45 44 44 44 44 44 44 44 44 44
132 134 133 136 129 123 123 111 90 90 93 94 93 104 110 113 111 101 92 95 88 88 85 84 82 82 81 86 95 105 110 83 84 119 124 135 129 137 139 141 156 159 168 161 163 147 157 166 179 179 173 174 178 178 164 149 144 138 137 138 147 156 151 138 133 123 95 89 102 90 92 92 77 66 66 69 68 56 54 51 55 64 66 64 65 54 47 44 44 44 44 44 44 44 44 44
136 138 137 138 138 133 126 114 101 95 88 86 96 98 106 108 112 95 88 85 91 89 85 84 83 82 82 82 82 95 104 88 103 114 123 134 144 156 154 163 162 152 163 174 168 159 150 166 181 185 175 163 166 157 152 149 142 141 152 144 151 156 150 139 128 116 100 110 124 121 111 103 83 70 69 66 58 55 52 51 47 49 50 49 47 47 44 47 44 47 47 44 44 44 44 44
131 127 132 128 134 134 120 116 116 98 91 85 85 93 101 104 101 97 87 85 101 102 85 85 84 83 82 82 82 94 83 84 107 112 120 130 142 152 160 166 171 148 152 159 164 168 169 156 163 179 171 158 158 148 145 160 161 154 164 172 163 159 152 141 129 116 117 128 134 117 100 86 78 74 67 60 58 64 59 58 52 48 51 50 52 55 50 47 50 53 51 44 44 44 44 44
