test/HelianthusTinyTest/asciifiles/nabio_10.asc
ncols  170
nrows  166
xllcorner  -106.083333333333
yllcorner  39.5916666666667
cellsize 0.00833333333332943
NODATA_value  -9999
[rows 0 to 42 of 166, columns 0 to 95 of 170]
129 130 132 132 138 140 135 135 139 145 144 143 141 139 139 138 137 134 132 135 128 128 135 137 131 132 138 135 135 141 138 137 137 134 134 138 140 137 137 137 135 135 135 134 131 130 127 125 123 123 125 125 126 130 131 128 127 127 127 127 132 134 143 141 140 144 138 140 146 146 145 144 145 146 147 148 148 148 149 151 150 159 155 158 160 160 164 161 155 155 155 160 162 159 158 156
128 127 129 133 137 134 132 138 141 144 145 143 140 132 131 132 134 131 127 128 128 129 135 126 123 121 122 129 122 117 121 135 135 131 134 138 137 136 134 133 133 132 129 129 126 126 126 127 126 125 128 124 125 125 120 118 121 124 124 123 133 132 136 143 145 146 137 142 144 148 150 146 147 148 148 148 148 149 150 153 154 155 159 161 162 163 164 163 156 158 158 161 163 159 158 158
124 128 130 133 136 133 138 142 143 143 144 144 142 135 129 131 130 130 127 118 122 127 128 124 124 119 118 117 120 112 116 128 130 132 130 135 132 133 132 131 127 127 125 126 128 129 130 129 129 129 129 121 122 124 121 119 122 122 124 132 134 137 138 136 140 145 142 145 144 144 152 155 151 151 151 151 152 150 156 155 157 158 157 158 160 160 164 163 161 164 161 165 162 161 160 159
120 123 127 129 132 133 140 141 142 142 141 142 144 138 129 128 128 130 120 117 118 124 123 121 120 120 116 114 113 110 119 125 128 129 131 132 132 132 130 129 126 121 125 128 130 131 130 132 131 131 122 126 127 124 123 127 125 123 121 131 135 136 134 137 139 146 149 152 147 147 147 152 156 153 157 159 154 153 156 154 158 159 159 161 161 161 167 163 164 165 164 164 163 162 161 160
119 119 124 125 128 136 135 138 141 141 140 141 143 143 138 130 132 134 116 120 121 121 117 118 113 119 115 112 111 109 108 119 123 127 130 131 132 129 127 124 123 122 126 130 128 127 125 126 124 126 129 132 128 130 127 128 125 124 127 128 132 134 136 135 137 144 144 151 155 149 144 147 154 158 158 160 156 156 156 157 157 161 161 159 164 166 167 164 168 168 165 166 165 164 163 162
115 119 119 123 128 130 133 135 136 139 139 140 141 141 143 143 139 134 125 125 125 121 119 118 118 118 115 110 107 104 102 110 121 127 128 130 128 126 125 120 120 124 125 123 125 124 120 121 125 128 131 127 132 134 133 129 128 130 129 132 132 134 137 138 141 143 142 147 155 158 147 144 147 157 160 162 162 162 161 158 158 165 167 164 163 162 165 169 168 166 167 166 166 165 164 165
115 118 126 127 126 129 130 135 133 132 132 136 139 137 141 142 142 140 137 132 130 129 123 120 118 115 111 108 104 99 102 114 121 126 128 128 127 122 120 123 124 124 123 121 122 118 118 124 124 122 120 126 128 130 134 134 135 135 134 131 136 135 132 136 139 141 145 145 150 157 156 152 147 151 151 156 158 161 165 162 159 161 165 163 163 170 170 170 165 167 168 168 167 167 166 166
115 116 122 127 131 130 127 129 129 131 133 135 134 135 137 141 142 141 140 139 138 134 130 125 122 118 111 107 104 102 108 118 123 125 126 123 122 120 120 118 121 115 117 116 116 118 117 120 118 119 121 122 125 128 126 128 128 133 137 140 135 140 139 137 141 143 144 145 146 150 158 160 157 157 154 149 151 154 158 166 169 166 170 169 169 168 164 164 167 168 169 169 168 168 168 170
108 111 115 113 127 118 123 124 129 131 128 129 130 133 135 138 141 140 140 138 139 137 135 131 126 113 110 107 106 108 115 119 123 122 118 119 118 117 116 116 117 116 113 113 113 114 116 114 115 115 115 120 122 126 128 126 129 130 132 137 141 143 136 136 138 137 146 149 151 153 154 156 160 162 163 164 158 162 164 159 163 168 170 168 166 170 168 167 166 168 169 169 169 169 170 171
105 106 112 108 109 108 113 121 125 126 129 132 135 136 139 139 137 140 140 138 139 138 136 135 128 115 115 112 119 120 119 120 120 118 115 112 112 113 114 113 114 115 110 110 112 111 113 114 120 120 124 122 122 126 125 126 126 133 135 137 139 149 147 146 145 142 140 148 151 156 158 155 162 162 162 161 158 159 155 156 157 161 163 168 170 174 169 166 168 168 170 170 170 170 171 171
100 106 104 105 103 108 107 115 118 123 127 132 134 136 138 137 137 141 139 138 138 138 137 136 133 123 120 126 123 118 119 116 113 113 111 111 109 109 110 109 106 107 107 108 110 113 115 118 119 120 120 121 123 127 128 129 133 136 140 135 140 143 146 139 145 147 146 147 155 153 156 161 156 154 156 159 156 160 161 164 162 160 165 170 171 174 175 176 173 175 171 170 171 171 171 172
99 100 99 101 102 104 107 112 115 117 119 126 130 131 129 137 138 139 139 137 137 136 135 135 133 126 125 127 118 115 106 101 100 108 108 106 104 102 103 104 107 110 109 110 107 107 108 109 111 110 108 115 117 123 121 123 126 129 130 132 134 139 138 137 135 137 136 140 141 144 151 149 148 148 149 155 157 158 161 163 165 166 167 168 169 172 175 176 176 176 173 170 171 172 173 172
96 95 97 98 101 103 106 111 112 118 121 124 127 128 134 138 138 136 140 139 139 137 136 133 133 126 124 125 115 107 100 96 98 102 106 99 100 102 105 103 107 109 110 115 115 108 108 108 110 110 111 115 111 108 114 119 126 128 136 138 139 134 135 136 138 139 141 142 146 150 145 147 145 147 147 152 154 157 160 161 162 164 167 169 170 171 173 170 174 174 171 170 170 171 172 173
91 94 94 96 99 104 108 110 109 114 117 121 125 128 133 137 132 124 127 135 139 138 137 135 134 124 122 119 110 101 97 97 100 100 99 97 100 103 99 100 108 109 111 113 116 118 121 121 122 119 119 120 117 123 124 127 127 129 135 133 134 135 137 141 141 143 143 145 144 146 145 142 145 147 149 148 149 152 155 158 162 163 166 168 169 171 170 170 170 168 178 174 174 171 172 173
97 95 94 96 98 103 107 105 108 111 114 117 120 126 131 136 133 129 127 126 136 137 136 132 130 124 119 113 97 96 96 98 99 97 95 97 100 99 98 95 95 102 105 107 111 106 109 112 121 125 127 128 130 130 129 133 133 133 132 134 138 139 139 142 141 144 145 145 144 143 143 143 148 151 155 151 159 160 159 158 160 163 168 171 170 172 171 170 170 171 170 171 175 172 173 174
100 102 104 100 99 106 98 101 105 107 114 115 118 121 128 134 136 128 129 128 129 136 135 133 132 122 116 105 96 96 97 98 97 97 97 96 96 94 93 94 94 97 103 106 109 112 113 115 117 122 124 126 130 131 128 130 130 131 132 132 134 135 139 138 142 141 141 143 143 143 143 141 144 154 159 161 162 163 164 165 166 168 165 166 168 171 174 174 173 175 172 169 173 177 179 177
91 91 101 106 107 107 102 100 104 102 104 110 114 116 122 130 136 133 128 129 129 136 135 132 130 120 110 100 96 96 97 97 97 97 96 96 94 94 92 93 96 100 103 103 105 111 116 119 123 125 129 128 129 131 134 136 139 140 142 141 140 146 136 139 135 140 141 139 143 148 151 149 150 154 151 152 145 149 158 160 165 165 163 162 165 167 170 170 171 174 170 171 172 174 176 179
87 89 92 99 107 107 107 99 100 102 103 106 109 112 115 118 126 135 132 130 129 130 135 133 131 127 106 100 96 94 95 96 97 98 97 97 95 93 92 90 93 99 102 105 106 111 115 120 119 120 122 126 129 130 131 130 134 134 136 135 142 148 149 151 146 145 143 146 150 151 152 151 149 148 147 147 147 150 157 157 160 163 162 168 171 175 175 176 178 171 171 175 174 176 179 183
91 93 95 99 104 107 106 103 98 101 105 106 108 113 114 118 127 134 131 128 125 127 130 135 130 120 106 102 98 93 94 97 98 99 99 97 94 93 91 93 94 98 102 107 109 114 118 115 114 114 120 125 128 129 127 128 131 131 134 135 138 142 144 140 145 148 155 153 153 147 145 145 143 145 146 146 145 151 152 153 155 161 163 164 169 175 176 177 179 179 177 177 176 181 182 184
102 98 97 99 102 107 107 105 99 98 100 105 109 114 118 122 125 131 131 128 127 127 128 134 135 123 109 104 99 95 94 96 99 101 99 98 95 93 93 95 101 106 106 111 111 112 112 113 114 115 119 123 124 125 126 127 130 132 133 136 138 139 138 139 141 144 142 144 155 157 151 143 144 143 149 145 145 148 147 152 155 159 163 165 167 171 174 176 175 178 181 180 181 183 183 184
113 106 102 98 97 100 104 106 103 101 103 105 113 111 114 119 124 131 129 126 130 128 126 125 134 124 108 101 99 96 97 99 100 101 100 98 96 95 96 98 104 103 107 102 104 105 105 108 107 112 116 119 123 125 127 127 129 132 133 134 137 137 137 139 139 141 143 146 145 145 153 155 156 161 156 153 149 148 149 151 154 153 165 168 168 168 172 176 177 177 180 178 181 182 183 183
126 116 103 96 93 94 99 104 106 102 104 102 107 109 116 119 117 121 129 128 129 129 130 131 132 133 116 103 100 96 101 102 101 100 99 99 97 96 98 98 95 92 96 97 102 99 102 100 103 102 110 116 117 123 127 130 131 131 132 134 135 136 138 138 137 139 137 141 140 144 147 149 154 159 158 163 163 155 156 158 156 158 162 164 166 173 174 175 175 178 176 175 181 184 185 184
126 121 113 99 92 90 93 98 104 102 101 103 112 101 107 110 112 117 124 121 123 129 131 131 132 131 127 114 107 104 102 100 99 96 95 95 95 94 91 95 93 89 90 93 94 94 95 96 100 100 106 116 118 121 126 130 132 134 134 136 137 136 137 138 138 140 141 140 142 144 147 147 145 147 147 158 166 165 167 163 159 163 165 167 172 173 173 175 177 176 176 183 183 183 182 184
130 126 121 112 99 93 91 95 102 106 101 106 107 102 107 105 108 113 117 118 120 125 132 132 133 126 128 108 102 100 99 98 97 96 97 95 93 95 92 88 90 88 86 85 89 90 89 95 102 105 109 113 119 124 127 129 128 130 133 135 135 136 137 136 136 139 141 142 141 139 142 143 144 144 149 151 152 158 169 167 148 158 158 162 166 169 172 175 177 178 179 181 181 181 182 181
131 129 125 117 106 98 92 93 100 106 105 105 97 98 99 103 106 108 111 110 115 120 128 132 128 123 127 115 103 99 99 98 100 99 101 100 98 98 97 94 93 88 88 86 85 86 92 98 103 108 109 115 120 123 123 125 128 129 131 131 133 133 132 137 138 138 137 135 141 142 144 144 145 146 144 144 145 149 159 158 172 168 164 164 168 169 174 179 177 177 177 176 179 180 176 175
133 130 127 121 115 106 96 91 93 98 103 102 94 94 100 101 99 103 109 114 113 116 127 131 124 115 126 114 106 100 98 100 101 102 100 99 99 99 102 96 94 92 90 91 88 90 91 98 103 108 111 115 116 119 122 124 126 128 130 130 129 129 128 130 133 135 132 134 136 140 142 142 143 144 144 148 149 150 151 157 160 163 166 175 173 176 173 174 175 174 174 171 172 174 169 164
134 134 131 122 109 99 91 87 89 93 102 102 94 92 94 96 100 103 106 109 111 115 123 131 128 119 126 114 110 110 101 107 103 102 97 98 97 103 97 94 92 97 97 95 90 91 88 93 99 103 110 112 116 120 121 123 126 124 125 128 131 133 132 135 139 140 138 138 143 143 143 144 148 149 149 150 151 153 153 155 155 157 159 164 162 166 168 169 172 174 172 170 172 170 166 159
136 134 132 126 114 105 97 92 86 90 96 102 99 92 90 95 99 101 105 103 107 111 119 130 130 121 126 114 107 106 101 102 102 103 100 99 102 107 102 98 95 97 101 100 102 98 90 91 93 97 105 112 114 118 120 122 123 122 123 127 132 134 137 141 144 145 146 145 148 149 149 151 149 152 154 150 147 148 146 155 157 156 155 158 163 167 165 167 171 171 170 172 173 171 166 168
134 133 132 128 127 116 108 101 87 87 88 96 98 95 87 92 94 97 99 103 105 110 117 120 129 130 122 107 105 101 100 98 98 98 99 101 101 109 111 95 98 100 109 108 106 99 96 96 97 102 108 112 117 118 120 120 120 123 128 133 137 140 138 140 144 146 147 148 151 151 150 153 153 158 157 150 148 148 149 150 156 161 159 160 162 164 163 166 168 172 175 175 174 169 165 167
134 132 131 132 128 125 121 108 100 91 86 88 91 94 91 91 92 94 97 100 103 104 105 106 129 130 123 109 104 101 98 97 97 98 99 101 100 99 101 117 121 112 115 110 109 105 98 101 107 111 116 120 122 118 118 120 125 125 128 132 131 126 130 133 140 145 142 144 142 139 145 149 152 149 151 155 154 152 153 155 157 160 164 165 166 165 166 168 170 169 172 176 176 163 159 169
135 131 131 126 126 123 123 120 108 106 89 82 88 90 92 90 92 94 95 99 101 99 103 106 112 128 129 111 102 100 98 97 98 99 100 103 103 101 104 105 125 135 122 115 113 116 108 99 103 109 112 117 121 124 128 131 134 137 135 138 130 127 130 133 133 134 136 138 134 135 137 141 142 143 150 152 157 152 152 151 154 158 162 165 164 168 165 170 164 167 170 174 176 163 165 167
134 134 134 129 122 124 124 121 117 107 95 85 86 88 86 90 90 90 95 100 96 95 99 102 108 123 128 112 101 99 99 97 99 101 100 104 105 111 115 123 145 143 145 133 123 117 123 120 117 122 112 120 136 127 128 125 131 139 149 147 137 137 140 147 133 139 141 144 145 143 146 144 146 147 149 151 154 160 161 158 157 158 160 160 162 165 161 163 162 168 168 174 180 167 165 165
134 134 133 133 132 127 123 117 114 115 100 78 77 86 88 86 90 91 94 90 91 91 96 99 102 115 127 109 99 98 99 97 99 100 105 110 111 112 143 143 145 125 145 146 146 134 131 132 142 134 133 130 151 147 147 138 133 136 147 152 153 141 150 141 150 156 154 150 152 155 153 157 151 152 153 159 162 166 164 160 153 158 161 165 165 163 161 163 168 169 167 170 181 169 170 167
133 133 133 132 132 129 123 123 119 117 106 90 81 72 85 85 88 90 90 89 88 88 89 96 99 110 127 127 97 97 97 97 97 101 100 100 103 118 143 144 119 118 121 125 136 142 144 148 148 144 150 142 144 141 146 155 153 157 153 155 155 159 161 152 162 162 163 163 156 161 162 159 155 159 160 166 172 172 165 164 162 158 161 170 181 182 159 170 176 181 181 180 184 176 179 190
132 132 132 132 132 131 128 124 114 113 107 95 78 68 75 84 86 83 87 87 84 89 92 97 98 108 126 126 112 100 97 96 97 98 98 101 101 142 143 121 101 104 102 109 111 117 129 132 133 132 134 134 136 138 139 133 135 143 140 139 141 138 142 144 148 146 152 154 155 156 162 164 162 163 161 161 167 168 174 169 174 173 171 181 178 178 179 183 185 174 172 188 184 188 184 189
131 131 131 132 132 131 129 122 117 112 106 99 83 68 70 79 79 76 73 83 83 85 88 92 100 108 118 126 110 102 99 102 104 99 110 117 142 138 130 122 108 102 104 109 114 117 118 115 118 124 118 117 119 124 123 125 124 127 134 130 129 135 135 139 139 141 142 142 141 145 155 161 161 168 161 163 164 167 166 167 178 180 171 177 168 152 159 172 175 156 162 170 178 182 177 164
129 130 130 131 132 131 128 126 122 112 110 98 89 73 68 75 81 85 80 83 85 82 91 99 107 115 125 125 106 107 109 113 123 132 140 138 141 119 118 121 109 103 99 98 99 111 105 101 103 113 116 110 107 114 115 120 122 122 123 124 125 129 130 134 135 136 132 132 139 149 153 158 160 151 148 154 159 150 165 165 161 150 174 171 172 152 151 162 172 159 164 166 176 177 172 165
124 127 128 130 131 131 128 122 121 114 110 100 89 87 69 63 76 83 90 93 97 102 107 110 112 110 120 117 105 101 99 108 130 123 115 112 110 108 115 114 109 104 101 97 95 100 97 100 102 109 109 104 104 107 111 115 118 117 117 127 131 137 137 139 140 141 138 139 145 151 152 148 153 157 154 158 151 157 152 150 149 159 161 162 166 156 159 166 170 159 157 170 173 171 172 167
119 120 127 128 129 130 128 124 115 114 107 101 92 85 81 65 75 82 88 90 95 102 99 91 95 109 122 123 106 103 104 114 133 111 104 104 108 110 107 105 108 103 98 96 93 90 90 98 103 103 103 98 101 106 111 109 114 115 123 127 130 130 133 135 140 144 146 143 142 141 139 144 148 144 154 149 152 143 137 141 150 156 147 145 159 160 161 162 163 159 156 156 155 161 166 167
122 123 122 127 127 129 128 124 120 116 109 108 100 99 85 68 73 81 77 81 92 98 82 87 100 106 120 122 104 105 110 115 122 117 104 104 104 100 101 104 101 104 101 99 96 92 91 95 96 96 98 94 99 104 101 109 112 114 117 120 122 121 121 128 131 138 142 139 142 141 146 146 147 139 148 147 145 140 136 137 140 137 141 145 155 161 160 159 158 156 158 155 157 159 161 165
120 123 124 125 125 127 127 127 119 114 111 105 98 87 92 83 71 77 79 90 94 94 80 87 94 104 115 116 107 108 107 103 113 122 100 102 103 99 97 100 104 99 100 97 93 88 85 84 85 89 96 102 102 107 111 115 118 116 110 111 116 123 126 128 132 134 137 138 133 140 146 144 136 136 140 141 140 139 137 132 130 136 140 147 152 162 160 151 143 152 154 153 155 155 163 162
122 125 126 126 123 124 124 127 122 116 111 107 104 87 85 82 80 82 86 90 87 74 69 81 87 100 113 119 108 109 107 110 120 121 108 101 98 97 96 96 99 95 97 96 94 89 84 81 81 85 87 93 94 103 107 115 115 119 121 115 116 120 126 126 133 137 138 140 141 138 129 134 133 132 132 135 132 129 131 132 138 140 145 149 146 155 159 153 146 142 150 151 151 155 160 162
125 125 124 123 122 123 123 123 121 118 116 111 106 93 79 78 64 76 82 79 79 88 72 76 87 96 114 112 111 109 111 120 112 116 111 97 96 95 92 92 95 96 94 92 90 88 83 81 77 77 79 85 91 91 102 104 108 112 114 122 126 126 131 129 134 138 141 144 134 128 128 130 125 124 126 124 114 114 122 126 127 135 144 148 149 152 156 155 148 143 143 150 155 153 151 156
