test/HelianthusTinyTest/asciifiles/nabio_16.asc
ncols  170
nrows  166
xllcorner  -106.083333333333
yllcorner  39.5916666666667
cellsize 0.00833333333332943
NODATA_value  -9999
[rows 84 to 125 of 166, columns 0 to 93 of 170]
149 146 148 151 152 160 179 191 198 214 223 215 206 193 186 184 179 189 197 183 170 164 167 157 152 149 146 146 147 146 148 153 156 164 174 170 158 154 163 198 214 211 226 193 179 229 241 262 262 247 256 247 234 209 236 259 263 253 237 227 218 200 185 169 166 166 169 181 199 194 178 174 169 162 161 161 161 162 161 164 162 162 161 162 164 163 162 162 164 163 163 163 163 162
144 149 150 152 159 160 177 195 209 217 203 208 202 193 181 176 174 180 189 192 183 162 153 153 149 144 145 146 146 147 148 148 148 156 151 146 146 173 187 214 234 234 213 217 197 182 209 235 260 264 271 260 238 227 241 270 267 253 238 227 210 203 188 173 166 165 163 167 175 192 178 181 166 161 161 163 161 161 159 161 161 161 164 165 165 164 164 163 163 163 162 162 162 161
144 146 149 148 154 167 178 195 211 210 203 198 187 183 178 174 173 169 175 188 189 176 152 151 146 145 145 145 144 144 143 141 143 143 144 159 182 198 205 216 228 242 246 212 217 219 201 200 216 223 237 249 254 247 247 275 280 248 261 248 230 205 175 170 167 163 163 162 166 169 171 167 165 161 159 159 161 160 164 162 162 161 162 169 168 164 164 163 162 163 162 162 161 161
144 141 152 154 152 162 175 186 197 198 191 188 178 176 173 169 179 178 168 167 180 175 162 152 147 143 144 144 144 140 140 140 140 141 154 167 182 184 195 215 228 227 241 245 241 232 223 203 252 241 252 252 243 270 263 252 263 277 266 244 215 193 171 170 165 162 162 160 159 165 166 169 164 161 160 161 161 166 166 164 161 162 162 168 165 164 164 164 163 162 162 164 160 161
147 142 144 152 154 157 168 178 190 184 175 170 170 161 170 157 168 163 156 151 161 164 159 160 141 141 143 144 139 139 140 149 140 141 143 146 146 153 184 203 214 209 220 223 239 246 225 237 262 273 277 237 238 235 243 229 241 238 246 246 232 205 180 171 166 162 161 159 161 159 161 166 166 161 161 163 164 166 164 164 161 161 160 161 161 161 160 163 162 162 160 161 161 161
150 143 141 144 153 152 167 175 172 172 162 157 159 151 151 151 153 153 147 147 144 147 149 149 145 140 141 140 139 139 152 156 166 163 146 146 162 146 148 167 172 183 184 203 206 214 225 228 246 258 245 228 225 226 235 234 222 212 217 229 219 202 185 175 166 163 159 162 165 161 161 161 165 163 164 166 164 164 164 162 160 160 160 161 160 162 163 162 161 162 162 162 162 161
149 146 146 141 146 149 166 160 162 167 153 149 154 153 146 146 151 147 145 142 141 141 147 144 143 139 139 137 137 139 144 151 154 178 187 186 179 189 197 184 173 201 238 226 227 212 212 201 217 246 244 232 208 209 213 226 226 209 199 195 191 189 186 168 163 157 158 158 161 161 162 161 161 161 159 161 163 160 164 161 160 160 160 159 159 160 161 160 162 163 164 162 162 162
149 150 146 139 145 144 149 146 159 159 146 145 162 147 142 142 153 146 139 139 142 141 139 142 140 139 141 138 137 139 140 147 157 173 192 212 197 195 208 205 175 190 230 228 236 242 241 234 226 253 231 226 216 201 191 196 185 201 195 186 181 174 157 157 158 157 159 158 158 160 158 157 157 157 159 158 158 158 159 160 160 161 160 160 161 160 161 162 163 163 163 163 162 162
152 149 144 149 138 139 142 149 154 146 142 149 146 142 139 142 149 144 139 137 136 139 138 138 137 138 138 139 136 136 139 147 149 155 178 200 205 202 212 222 199 197 200 208 231 241 246 258 258 262 261 246 231 214 199 188 180 175 176 171 160 162 164 163 162 162 159 158 158 158 159 163 166 164 161 163 161 160 162 160 159 160 160 161 162 163 163 164 164 163 162 161 162 161
152 147 149 156 156 143 139 146 149 140 146 149 139 139 139 141 147 146 138 136 136 136 136 136 135 136 136 142 144 141 136 143 148 152 159 158 180 207 214 222 222 224 222 192 204 219 231 245 254 246 249 240 223 206 191 201 193 193 166 165 160 185 193 174 166 162 160 159 159 158 163 163 164 173 169 169 162 161 161 160 160 161 163 165 164 166 165 167 164 163 161 162 163 161
147 149 161 160 162 146 141 134 137 136 146 143 136 142 146 142 142 141 142 136 136 135 133 136 133 133 133 136 144 148 144 136 144 147 153 156 169 186 202 213 220 237 251 222 211 211 225 225 250 253 242 225 242 244 231 218 206 200 188 192 200 215 207 190 172 170 159 159 158 158 162 161 161 161 161 161 161 161 159 160 161 163 165 165 168 165 163 162 163 162 161 164 162 162
165 170 168 173 162 151 152 142 134 133 135 136 135 139 142 144 143 139 136 136 133 133 133 133 133 133 133 135 138 142 144 136 136 152 161 181 171 189 191 195 224 225 243 233 236 209 226 240 261 262 253 254 261 259 240 216 209 197 196 199 214 232 221 200 194 177 163 162 167 163 166 166 161 160 161 163 162 161 161 160 162 165 166 166 168 165 164 163 162 164 165 166 165 166
173 175 175 176 176 169 156 143 137 135 133 133 136 136 139 142 143 136 133 133 134 133 133 133 133 133 133 133 133 138 142 136 142 147 161 181 199 221 218 233 233 217 233 252 243 228 214 239 262 268 254 238 240 228 220 216 203 203 222 211 220 229 220 202 185 171 164 170 180 178 173 171 164 161 161 161 160 161 160 160 160 161 162 163 162 163 163 164 163 164 167 166 166 166
164 157 167 160 171 170 149 145 145 136 133 132 131 134 138 139 139 136 133 133 139 139 133 133 133 133 133 133 133 137 136 136 144 147 156 173 197 213 228 237 245 210 218 228 239 243 244 225 238 261 249 229 230 213 210 233 236 226 240 253 241 232 223 204 185 171 172 185 196 175 168 163 162 161 161 159 160 162 162 162 162 161 162 163 165 165 164 163 167 168 167 166 166 165
170 175 146 146 152 173 169 153 151 141 134 131 133 131 136 133 133 133 132 131 133 142 139 133 133 133 133 133 133 133 135 142 144 145 150 156 183 200 210 218 213 194 200 213 231 239 241 227 222 246 259 247 240 228 213 206 201 221 239 231 224 226 215 205 200 185 195 206 186 171 166 163 161 159 161 161 165 166 164 162 162 164 164 164 165 164 165 165 170 168 166 164 165 163
152 165 157 148 146 156 164 152 147 136 136 142 136 133 133 130 130 130 130 130 132 133 139 133 133 133 133 133 133 133 135 136 136 147 148 153 164 182 199 190 182 190 218 225 231 221 204 215 230 236 248 258 249 249 245 230 209 193 206 214 201 192 192 200 185 198 194 185 180 171 168 163 161 160 163 166 166 163 165 166 165 165 165 164 166 164 165 167 169 166 164 163 163 163
151 149 149 140 139 153 165 147 142 139 135 142 144 142 136 138 133 133 130 130 132 132 132 133 133 133 133 133 133 133 135 135 136 136 136 136 145 158 163 178 207 213 221 233 195 196 219 229 216 227 251 230 227 233 248 237 219 202 187 184 186 177 174 172 185 172 174 172 166 166 166 168 166 168 166 166 166 164 166 166 165 166 165 165 166 165 166 171 171 168 166 164 166 163
147 138 151 142 136 149 164 145 138 137 132 135 139 139 135 133 131 133 133 130 130 130 131 132 134 133 133 137 137 133 135 140 145 136 136 136 137 138 142 185 193 210 225 233 189 211 224 211 214 178 206 217 216 224 245 233 223 212 198 194 188 188 184 179 172 177 167 162 162 162 163 166 166 166 168 168 166 166 167 169 165 162 162 167 166 165 167 170 169 168 167 165 163 163
139 136 136 134 134 143 139 142 133 133 130 130 132 132 133 130 130 130 130 130 130 130 130 132 137 139 133 134 139 144 140 144 158 148 145 150 145 151 139 139 171 197 208 200 180 189 213 183 172 178 178 189 209 237 249 235 227 214 201 223 207 196 187 184 177 174 174 170 169 168 168 166 166 163 163 166 166 166 166 167 166 163 162 164 164 165 166 165 167 167 164 164 163 164
139 137 136 136 131 137 139 132 130 130 128 128 130 130 130 130 130 130 130 130 130 131 132 133 134 139 138 135 137 141 147 155 169 178 169 166 164 161 153 139 140 170 184 170 156 164 167 162 199 225 225 211 206 251 242 225 227 240 238 226 209 202 187 182 179 177 172 169 171 166 166 166 166 168 171 168 169 166 165 163 163 161 162 162 162 163 164 164 164 164 164 165 164 164
131 128 130 136 128 128 127 127 127 127 128 127 128 128 128 128 128 129 130 130 130 130 132 132 134 136 140 139 137 142 147 155 158 155 164 166 161 161 159 151 140 141 145 145 158 158 188 159 211 227 240 233 217 249 239 245 265 259 251 236 226 212 205 194 190 187 182 180 171 169 166 166 168 171 169 168 166 166 164 166 167 165 163 164 164 164 164 163 163 163 164 163 165 164
130 128 125 125 126 126 127 131 132 132 133 128 127 128 128 128 130 130 130 130 130 131 132 132 133 136 143 147 138 140 151 158 147 163 172 168 185 185 166 164 161 142 145 166 196 218 199 208 184 192 227 236 232 251 250 261 263 250 245 240 225 219 211 201 197 189 185 182 174 172 171 169 168 169 166 168 166 166 166 169 172 169 165 163 168 166 165 164 163 164 166 166 165 165
128 125 125 128 128 133 134 136 136 136 139 132 130 128 128 128 128 130 130 130 131 132 132 132 133 134 140 152 143 142 142 143 144 152 158 175 188 190 193 188 177 164 145 148 189 211 236 229 217 213 194 222 224 251 254 242 236 229 217 219 211 209 201 198 196 190 187 188 176 173 171 169 169 168 168 168 166 166 168 169 172 171 168 168 166 164 163 164 164 166 166 166 166 165
125 130 131 128 131 133 139 142 142 144 146 136 132 130 129 128 128 129 129 130 130 130 130 134 133 132 136 144 147 140 149 152 155 171 177 176 177 185 196 204 202 187 183 167 154 193 224 245 233 229 210 225 235 256 258 245 242 230 228 211 209 206 203 201 200 200 194 185 182 175 171 171 171 171 168 166 166 163 162 162 165 165 164 164 163 163 164 167 167 167 166 166 166 166
125 128 131 134 136 135 137 142 148 145 142 138 132 130 129 129 129 129 129 130 130 135 130 130 137 140 153 139 139 152 167 167 158 160 173 174 181 177 187 196 196 194 186 197 191 166 212 236 255 236 217 208 260 264 250 224 225 219 216 218 216 216 216 214 212 209 200 182 173 172 171 168 166 168 164 162 162 162 162 161 163 161 165 171 167 166 165 167 168 166 165 165 163 164
130 128 128 131 134 145 146 147 152 151 151 142 138 132 130 129 129 129 130 130 132 131 130 134 133 138 156 156 156 168 176 179 162 158 174 188 193 196 196 193 194 196 192 204 205 191 171 241 254 243 253 245 260 250 242 251 230 235 236 236 231 222 216 230 225 209 187 169 170 171 168 163 163 160 163 163 164 169 170 166 166 169 164 167 165 164 164 164 165 164 165 164 163 165
134 133 133 135 136 136 142 161 164 153 146 144 144 137 130 129 129 130 130 130 134 131 135 137 134 140 148 150 156 166 169 179 167 166 174 185 193 196 196 189 190 193 197 220 228 208 185 200 235 236 239 261 268 262 251 247 247 247 249 242 239 236 237 239 212 202 182 177 168 165 166 166 166 166 166 166 168 168 169 166 166 165 164 164 163 163 165 164 165 165 164 165 164 165
146 142 142 145 147 148 139 139 136 135 138 139 140 134 131 129 130 129 132 134 137 132 136 135 140 141 150 155 161 164 172 173 164 163 167 174 182 189 193 199 196 193 194 202 213 229 215 191 189 208 220 227 248 264 263 261 247 227 225 231 226 225 231 214 200 193 184 177 174 169 168 168 166 166 163 166 162 163 162 162 165 164 163 162 163 163 163 163 164 164 166 166 165 163
141 146 149 158 162 161 145 136 133 133 132 133 132 130 130 129 130 129 132 140 141 135 143 140 134 153 147 147 153 161 164 164 158 157 161 168 178 189 196 207 196 196 196 202 215 238 229 221 208 208 244 248 239 249 235 258 254 242 220 213 213 211 206 203 193 184 176 169 170 171 168 162 160 160 159 159 160 161 161 160 161 162 161 162 163 163 163 163 163 163 165 166 166 167
142 142 144 149 160 161 156 141 135 132 130 130 130 130 130 130 130 130 130 137 139 143 150 152 143 135 140 138 152 161 164 149 164 161 161 171 181 193 204 207 201 199 207 210 206 219 234 241 225 216 228 264 264 255 240 219 216 210 203 203 203 203 203 203 196 184 174 168 170 171 168 169 163 160 163 166 166 162 162 168 165 165 164 164 164 165 164 164 163 163 163 164 163 164
132 133 139 139 150 160 165 157 140 135 133 132 132 132 130 132 131 130 134 136 140 152 155 151 140 137 135 142 147 156 161 150 145 150 158 171 179 195 200 210 201 199 204 220 228 215 235 243 232 236 241 265 262 255 254 250 243 238 227 215 208 200 191 198 197 188 176 168 169 169 170 168 168 167 166 166 166 166 166 165 165 164 164 163 164 164 163 164 164 163 163 164 163 165
134 139 142 141 139 142 170 170 152 141 137 134 133 132 136 139 134 134 135 135 138 146 147 142 147 154 140 137 144 140 152 147 140 156 152 165 167 178 183 185 198 203 199 212 234 241 241 257 243 244 232 239 260 262 264 258 256 247 225 205 203 199 189 189 189 184 176 165 165 168 166 164 164 163 163 162 162 162 162 162 162 162 164 163 164 164 164 163 164 163 163 163 165 166
136 142 144 145 144 139 149 167 161 154 140 139 134 134 141 148 139 136 136 137 136 140 142 140 140 135 145 137 134 140 147 138 145 147 145 156 171 178 190 188 193 196 193 208 235 231 256 248 245 242 229 215 207 235 251 251 250 232 220 205 203 198 190 183 185 171 167 160 160 165 165 163 162 161 161 162 162 162 161 162 162 162 164 162 161 162 163 163 163 162 163 164 167 167
135 139 143 147 150 144 143 141 175 162 148 142 137 136 137 154 143 140 139 137 139 140 135 134 135 134 134 134 134 135 135 135 137 138 142 147 156 167 174 177 182 188 191 196 223 210 240 260 258 243 244 229 226 204 196 233 235 227 206 202 194 192 191 187 185 167 161 159 158 160 161 163 161 161 161 161 162 162 163 162 163 166 164 163 164 165 164 164 164 165 167 166 167 167
129 133 139 144 154 162 144 143 171 175 161 150 145 139 141 143 141 139 137 137 136 137 137 137 134 135 135 134 136 135 135 137 137 137 138 138 147 164 167 175 178 180 180 201 196 201 246 257 251 250 244 237 241 229 195 202 230 215 200 197 192 200 191 179 169 162 160 159 159 160 159 160 160 160 161 163 162 162 162 163 166 166 166 166 165 165 165 165 167 167 167 168 168 170
130 132 135 138 148 159 155 149 153 179 173 162 153 156 153 145 138 139 139 137 137 137 137 137 134 134 136 135 135 137 137 137 138 140 138 138 141 150 159 171 177 182 182 193 202 220 240 248 249 235 221 237 236 229 219 207 183 213 205 202 197 190 188 181 180 164 161 160 159 160 162 163 162 162 162 163 163 166 166 166 165 165 166 170 171 169 168 169 169 169 169 171 170 171
133 134 138 141 144 154 159 154 157 162 185 178 169 161 145 146 156 144 166 141 143 141 138 137 137 137 137 137 137 137 137 137 138 142 142 139 140 143 150 164 171 190 193 213 222 237 243 247 232 223 210 208 209 203 212 216 199 183 194 202 197 190 178 168 163 162 161 161 161 160 160 160 159 160 163 167 167 164 166 166 166 165 165 167 170 169 169 168 168 168 168 169 171 170
138 133 134 141 149 156 167 164 162 167 171 185 185 168 163 156 158 153 174 177 159 143 140 140 139 138 137 137 137 140 137 137 138 145 147 145 141 143 153 169 178 185 188 201 207 223 240 248 231 249 231 229 204 199 188 200 197 181 185 197 192 184 174 166 161 159 160 159 158 159 158 160 164 164 167 169 166 164 163 163 164 165 164 166 167 166 167 167 167 168 168 168 168 171
144 141 138 137 138 144 154 165 166 167 173 181 196 190 179 173 167 161 177 188 172 151 148 145 140 139 137 138 140 140 140 138 140 143 150 151 142 143 156 167 174 179 184 196 217 235 252 256 246 234 229 226 214 204 191 183 183 173 173 163 175 174 175 174 158 158 159 161 161 163 163 165 164 164 165 167 165 164 164 166 165 165 164 166 165 165 165 167 167 167 167 168 168 171
147 144 145 143 138 143 146 164 170 175 178 186 187 190 190 189 178 169 167 167 164 164 145 142 140 139 143 141 141 140 140 140 140 145 150 156 158 145 153 161 170 176 187 193 209 240 252 237 240 223 209 210 205 208 213 207 200 182 191 176 169 158 158 161 160 158 162 162 164 163 163 164 165 167 165 164 167 167 164 166 164 165 165 166 165 165 165 165 167 167 168 167 167 170
141 144 151 150 147 148 151 157 164 170 162 170 170 172 168 161 157 156 145 150 151 148 143 150 143 143 145 143 143 142 140 140 141 142 143 161 164 163 161 167 172 177 185 188 209 234 237 248 236 250 246 225 229 221 215 213 204 202 197 183 176 172 176 183 174 172 166 162 161 163 164 161 162 164 164 164 164 163 166 166 166 165 165 165 165 166 166 165 165 167 167 167 166 167
143 148 159 161 159 156 156 159 162 159 162 167 169 176 181 169 167 164 169 169 164 156 162 164 153 148 147 145 147 151 143 146 151 154 149 146 158 167 169 172 182 175 186 196 198 217 236 243 248 231 226 215 209 196 195 192 186 183 178 178 181 184 184 187 182 172 167 165 164 164 164 164 164 162 163 163 164 167 164 165 166 168 170 169 167 167 166 168 168 168 168 168 167 166
