test/HelianthusTinyTest/asciifiles/nabio_8.asc
ncols  170
nrows  166
xllcorner  -106.083333333333
yllcorner  39.5916666666667
cellsize 0.00833333333332943
NODATA_value  -9999
[rows 84 to 125 of 166, columns 0 to 94 of 170]
115 119 111 109 112 -11 -21 -28 -31 -40 -45 -40 -35 -27 -23 -21 -18 -23 -28 -20 -12 -9 -11 -4 116 121 124 124 123 124 122 118 91 -6 -11 -9 91 118 -5 -24 -33 -32 -40 -21 -12 -43 -52 -69 -68 -56 -64 -55 -45 -28 -47 -64 -68 -59 -47 -39 -34 -22 -12 93 97 99 96 -10 -20 -17 88 93 101 113 118 118 121 119 126 120 124 127 138 130 125 138 144 145 138 143 147 151 153 160 121
116 117 114 -6 -10 -11 -19 -30 -37 -42 -34 -36 -32 -27 -20 -17 -16 -18 -23 -25 -19 -8 115 116 120 124 124 124 124 124 123 122 123 -2 121 127 126 -10 -18 -34 -46 -47 -32 -34 -22 -13 -29 -47 -67 -69 -74 -65 -49 -40 -50 -73 -71 -59 -47 -40 -28 -24 -14 89 98 100 103 98 89 -16 87 86 104 117 117 114 121 122 129 129 127 132 123 120 121 127 131 143 142 148 155 156 158 160 122
117 119 111 111 -8 -15 -20 -29 -38 -38 -33 -29 -24 -21 -18 -16 -15 -13 -15 -22 -23 -16 116 118 122 123 124 124 124 125 127 130 129 127 127 -3 -15 -24 -28 -35 -42 -53 -55 -32 -33 -35 -24 -23 -33 -38 -48 -57 -61 -55 -55 -77 -80 -55 -66 -55 -42 -24 -6 92 95 101 103 105 101 97 96 102 106 115 121 122 122 123 116 121 124 128 128 111 117 130 131 139 148 150 152 158 162 162 122
116 120 106 -8 106 -12 -19 -24 -31 -31 -27 -24 -19 -17 -16 -13 -18 -17 -12 -11 -18 -15 -8 114 121 125 124 124 126 130 129 131 131 131 117 -7 -15 -16 -22 -33 -42 -41 -51 -54 -50 -44 -38 -25 -59 -50 -59 -59 -52 -74 -69 -58 -68 -77 -69 -51 -31 -17 91 92 99 103 105 108 111 104 104 99 108 115 120 118 119 111 110 116 128 125 131 114 122 130 133 132 146 151 153 148 119 162 123
110 124 115 106 -7 -9 -15 -20 -26 -23 -18 -15 -14 -10 -14 -7 -12 -9 -6 116 -7 -9 -6 -6 127 126 126 124 130 130 130 120 130 130 127 124 126 95 -15 -27 -33 -30 -36 -38 -50 -55 -39 -48 -68 -76 -78 -46 -47 -45 -52 -40 -49 -48 -53 -53 -43 -24 -9 92 97 103 107 108 108 114 110 104 104 114 117 114 112 111 114 117 130 134 139 138 141 145 150 145 150 156 163 161 162 120 124
112 122 118 115 -7 107 -15 -18 -16 -16 -11 -7 -9 -4 115 -3 -5 -4 119 119 122 119 117 117 122 128 127 128 130 130 93 -2 -7 -5 124 125 -4 125 124 -6 -8 -15 -15 -25 -26 -32 -38 -41 -54 -63 -53 -40 -38 -38 -45 -44 -36 -28 -32 -40 -33 -22 -12 -5 97 102 108 104 103 108 111 112 107 112 110 107 113 114 113 124 140 141 146 145 143 143 144 149 156 157 157 157 156 120 125
110 113 113 120 117 -4 -14 -11 -11 -13 -6 111 -6 -5 119 114 114 118 115 123 125 125 120 123 124 128 128 130 130 130 124 118 115 -13 -18 -17 -13 -19 -23 -15 -9 -25 -49 -40 -40 -30 -30 -24 -33 -54 -53 -43 -27 -27 -29 -39 -39 -27 -20 -18 -15 -14 -12 93 101 111 112 113 107 108 107 111 113 115 122 116 114 126 115 127 140 136 148 153 153 151 153 155 151 146 148 157 158 161 159
110 112 112 127 113 115 108 113 -9 -10 113 114 -10 116 117 117 -5 119 126 127 117 125 127 118 126 127 127 129 130 129 128 122 -2 -10 -21 -32 -22 -22 -29 -27 -10 -18 -42 -41 -46 -51 -50 -45 -39 -59 -42 -39 -32 -23 -16 -19 -12 -21 -18 -12 -9 -5 107 107 108 111 109 111 113 110 117 123 124 126 123 133 127 136 132 131 141 132 145 153 145 153 150 145 142 146 147 153 163 164 123
105 109 114 109 122 124 117 110 -8 118 118 110 118 122 126 118 111 122 120 128 129 127 128 128 129 127 128 127 130 131 128 122 120 -1 -12 -25 -28 -25 -31 -37 -23 -22 -24 -28 -42 -50 -54 -64 -63 -66 -65 -53 -42 -30 -21 -13 -9 -6 -7 -4 100 99 97 99 102 103 109 111 113 116 113 107 103 108 114 112 119 127 119 134 141 147 140 137 139 138 139 135 136 149 157 163 120 125 128
-9 110 107 -9 -9 120 124 112 109 124 112 109 124 120 120 124 117 114 127 129 130 130 130 128 131 129 130 125 123 125 131 125 121 117 -3 -2 -13 -28 -32 -37 -37 -38 -36 -18 -25 -35 -43 -53 -60 -54 -56 -48 -35 -25 -16 -21 -17 -17 92 93 100 -11 -16 -4 96 102 106 108 110 116 106 106 107 95 102 101 118 123 126 132 134 130 125 120 126 123 129 122 138 146 122 156 158 123 121
109 109 -13 -12 -13 111 117 125 122 130 116 120 129 116 117 116 116 124 118 128 128 130 131 129 132 131 131 129 123 120 123 131 125 122 0 -1 -7 -16 -25 -31 -35 -47 -58 -36 -29 -29 -38 -37 -56 -59 -49 -37 -49 -51 -40 -32 -24 -20 -13 -15 -20 -29 -24 -13 89 93 107 110 112 115 108 110 112 115 116 118 121 126 130 129 129 124 119 119 117 124 137 148 150 155 161 147 159 159 154
-16 -18 -16 -18 -13 -6 -7 114 126 133 124 123 124 124 116 120 121 120 124 128 131 131 132 132 131 132 132 131 129 124 122 132 132 1 -3 -13 -8 -17 -18 -21 -37 -38 -51 -43 -45 -28 -38 -48 -66 -65 -59 -59 -65 -62 -48 -31 -26 -19 -18 -20 -29 -40 -33 -20 -16 -5 102 104 98 104 101 101 110 115 117 114 115 123 126 129 125 116 115 117 116 125 136 148 151 149 140 142 144 146 148
-19 -20 -19 -20 -19 -16 -9 114 120 123 133 134 129 128 124 117 121 128 131 132 130 130 132 131 131 132 132 132 132 129 125 130 125 120 -3 -13 -23 -36 -34 -43 -42 -33 -43 -59 -51 -39 -30 -48 -66 -72 -59 -46 -48 -38 -33 -30 -22 -22 -33 -26 -32 -39 -31 -21 -10 91 100 94 -6 -5 92 96 106 113 115 117 122 125 128 129 135 131 129 130 137 138 142 134 148 135 133 141 143 147 150
-15 -10 -15 -11 -17 -16 109 112 112 122 131 134 135 123 121 119 120 128 132 133 120 120 132 131 131 132 132 132 132 129 133 133 124 121 -1 -9 -22 -31 -41 -47 -53 -28 -33 -39 -46 -51 -51 -37 -46 -65 -55 -39 -39 -28 -26 -41 -43 -36 -46 -58 -46 -41 -34 -22 -10 90 90 -10 -16 89 99 106 110 112 115 120 122 118 121 123 128 133 129 131 127 124 130 138 130 126 128 142 150 154 156
-17 -19 110 111 -7 -18 -15 -7 -6 116 124 128 133 129 123 131 131 132 134 135 133 116 124 132 132 132 132 132 132 133 133 125 124 122 119 0 -14 -23 -29 -34 -31 -19 -22 -30 -41 -46 -48 -38 -34 -52 -63 -53 -47 -37 -28 -24 -21 -33 -46 -40 -34 -36 -29 -23 -19 -9 -16 -23 -10 95 100 106 112 116 116 116 110 110 114 122 123 121 121 123 128 129 133 131 117 123 138 149 151 161 160
-8 -15 -10 108 111 -9 -13 -7 109 126 122 115 122 131 132 135 136 136 138 136 133 132 124 132 132 133 132 132 133 133 133 133 132 120 120 1 -3 -13 -23 -17 -12 -17 -33 -37 -41 -34 -24 -30 -40 -44 -53 -62 -54 -55 -50 -39 -25 -16 -23 -29 -20 -14 -15 -19 -9 -18 -15 -9 -6 95 99 106 112 116 110 107 108 115 113 111 118 118 119 123 122 129 128 121 118 136 145 155 156 161 120
-8 -6 108 116 118 -8 -13 109 115 116 122 115 118 116 122 120 131 130 138 137 134 133 133 133 133 135 134 133 133 132 133 132 132 132 133 133 124 0 -2 -10 -26 -30 -34 -43 -19 -19 -33 -39 -30 -37 -56 -39 -37 -40 -53 -44 -31 -21 -11 -9 -11 -5 -4 -2 -9 -2 -2 91 99 100 101 100 102 102 104 105 109 112 108 111 114 113 116 119 123 127 125 113 114 125 138 152 150 120 121
108 119 -7 115 120 108 -13 110 119 120 126 123 117 117 123 131 127 130 132 138 137 134 136 134 131 134 133 128 128 133 133 126 122 132 133 133 133 133 128 -14 -18 -27 -37 -43 -15 -28 -35 -28 -29 -8 -24 -30 -29 -34 -51 -42 -33 -27 -18 -16 -11 -11 -9 -6 -2 -4 97 104 105 106 104 102 103 103 102 104 106 110 107 108 119 126 129 116 120 123 122 116 120 125 134 149 161 120 125
116 120 121 122 124 113 116 115 130 125 136 136 125 126 132 135 136 137 136 140 139 139 139 134 127 126 132 131 126 122 126 123 -2 3 123 3 124 4 133 132 -6 -21 -26 -22 -9 -15 -29 -11 -4 -6 -7 -13 -25 -43 -53 -42 -36 -27 -20 -33 -23 -16 -11 -8 -4 -3 -2 93 95 97 99 101 105 108 109 108 108 107 108 108 110 125 135 128 130 125 124 128 128 131 148 152 157 123 162
117 119 120 121 126 120 117 126 136 137 143 139 137 134 138 139 139 140 140 139 139 134 134 133 130 125 126 130 127 124 4 0 -6 -11 -6 -4 -2 -1 3 132 132 -4 -12 -4 3 -1 -1 1 -20 -35 -36 -26 -24 -55 -47 -34 -36 -46 -43 -34 -24 -20 -10 -7 -5 -3 -1 94 94 100 103 100 104 102 99 104 104 107 114 117 123 131 134 138 142 137 136 141 139 145 149 150 156 121 161
127 130 130 120 132 133 143 143 142 142 138 143 142 141 141 142 141 140 140 135 135 135 133 133 130 128 124 125 128 123 119 1 -1 1 -3 -3 -1 -1 0 5 132 132 127 127 2 3 -13 2 -27 -36 -46 -41 -29 -52 -45 -49 -68 -62 -54 -42 -35 -26 -22 -14 -12 -9 -7 -4 92 96 100 100 101 98 100 104 106 109 115 108 109 120 127 131 132 132 137 142 145 153 151 154 151 158 160
129 130 144 144 144 144 143 127 125 126 123 139 142 141 141 141 137 137 137 135 134 133 133 133 132 128 122 3 127 126 2 -1 4 -3 -7 -4 -14 -14 -3 -1 1 128 126 -2 -18 -31 -20 -25 -10 -15 -36 -42 -39 -56 -53 -63 -66 -53 -48 -45 -34 -30 -25 -19 -16 -11 -8 -6 -1 1 95 98 100 100 104 104 109 110 111 107 102 108 117 127 116 120 126 139 152 144 141 145 152 157 157
134 144 144 132 134 123 123 119 120 119 117 125 137 139 141 141 141 137 137 137 134 133 133 132 132 131 125 1 122 124 124 123 122 3 0 -9 -16 -16 -18 -15 -8 -1 126 124 -14 -26 -43 -38 -30 -28 -16 -32 -34 -55 -57 -47 -41 -37 -29 -30 -25 -24 -19 -17 -15 -11 -10 -10 -2 92 94 98 98 102 103 104 105 107 107 105 101 104 112 113 120 135 146 141 144 140 142 146 150 154 158
135 129 128 130 126 123 117 113 114 111 110 120 126 136 138 141 141 140 139 139 139 139 138 130 132 135 128 121 3 125 3 2 1 -7 -9 -9 -9 -14 -20 -23 -22 -14 -11 -2 5 -16 -35 -50 -40 -38 -25 -34 -41 -59 -61 -48 -47 -37 -36 -25 -24 -22 -20 -19 -18 -18 -14 -8 -5 -1 95 95 97 98 103 105 106 115 118 118 119 118 125 131 134 138 135 123 130 135 142 146 150 151 117
135 132 126 121 120 120 118 112 -4 111 113 118 125 136 137 137 138 139 139 138 138 122 137 138 127 124 0 125 125 2 -5 -5 0 -1 -7 -8 -12 -10 -14 -20 -19 -17 -13 -19 -16 0 -27 -42 -58 -42 -30 -24 -63 -65 -53 -33 -34 -30 -28 -29 -28 -27 -27 -26 -24 -23 -18 -6 0 1 94 100 103 101 108 113 118 119 119 125 122 131 120 108 118 122 131 126 124 137 144 152 158 158 119
127 132 131 126 122 109 -3 109 -6 -6 -5 115 119 125 136 137 139 139 138 138 126 133 136 130 132 120 -1 -1 0 -6 -10 -11 -2 0 -8 -16 -18 -20 -20 -18 -18 -19 -16 -23 -23 -15 -2 -45 -57 -47 -56 -49 -63 -52 -46 -54 -36 -40 -41 -40 -38 -31 -27 -36 -33 -23 -9 3 95 94 99 105 108 115 112 111 111 104 103 109 112 110 122 117 126 130 137 139 142 148 151 152 161 123 124
121 122 123 120 119 118 112 -11 -12 -6 -2 -1 112 119 134 137 137 137 137 138 129 133 123 126 130 124 3 3 0 -5 -6 -11 -4 -3 -8 -14 -18 -19 -19 -15 -15 -17 -19 -31 -37 -25 -10 -20 -41 -41 -44 -64 -70 -64 -53 -49 -50 -49 -52 -45 -43 -41 -42 -42 -24 -19 -5 -2 97 102 102 101 104 104 104 107 105 104 104 112 114 118 125 128 138 141 137 141 141 145 150 149 157 157 125
108 112 114 109 -5 -5 115 117 119 121 118 116 116 128 133 137 136 137 126 129 126 131 127 128 123 122 2 0 -3 -4 -8 -8 -2 -1 -3 -7 -12 -16 -18 -21 -19 -17 -17 -22 -28 -36 -29 -14 -13 -24 -30 -34 -51 -66 -65 -62 -49 -34 -33 -37 -33 -33 -37 -27 -17 -13 -7 -2 1 95 97 100 103 104 108 106 116 112 119 122 117 123 128 137 140 145 147 147 144 144 145 146 152 118 127
114 108 -7 -11 -13 -12 110 119 123 123 126 123 124 129 135 136 136 137 126 118 122 122 4 123 130 1 4 4 2 -2 -3 -3 1 2 0 -3 -9 -16 -20 -26 -19 -19 -18 -21 -28 -43 -36 -31 -24 -24 -48 -51 -42 -51 -39 -60 -55 -46 -30 -25 -25 -24 -21 -19 -12 -7 -1 3 94 95 97 108 115 116 122 121 123 123 124 134 131 133 136 137 139 148 150 154 155 155 150 150 150 147 128
112 112 109 -6 -11 -12 -9 114 121 124 127 133 134 133 133 134 134 136 135 126 119 4 1 0 5 128 124 126 2 -1 -3 5 -1 0 1 -5 -11 -18 -23 -24 -22 -21 -23 -26 -23 -31 -40 -45 -33 -27 -35 -66 -66 -58 -44 -30 -27 -24 -20 -19 -19 -19 -20 -19 -15 -6 0 96 94 94 97 98 107 115 112 108 109 118 119 108 117 120 126 127 131 132 136 143 158 159 161 157 117 160 124
124 122 115 116 -7 -11 -13 -9 115 121 124 125 124 126 133 124 133 135 129 121 122 -1 -1 1 123 128 130 7 5 1 -2 4 7 5 2 -5 -10 -19 -21 -26 -22 -20 -23 -31 -36 -28 -40 -46 -37 -41 -45 -67 -64 -57 -56 -51 -46 -42 -34 -26 -22 -17 -12 -16 -15 -9 -1 96 95 96 96 100 100 103 106 106 107 109 109 115 117 123 128 133 136 140 142 147 152 157 123 155 117 121 128
121 115 112 112 117 112 -16 -16 -6 114 119 122 123 125 120 117 128 128 122 121 119 3 3 5 3 1 124 129 6 124 4 6 126 3 5 -1 -1 -8 -11 -12 -20 -22 -20 -27 -39 -44 -44 -58 -46 -46 -37 -42 -61 -64 -65 -59 -58 -49 -32 -21 -20 -17 -10 -9 -10 -6 -1 98 100 99 101 104 107 110 112 115 118 118 121 125 127 127 126 136 137 139 144 150 153 155 119 120 122 129 132
118 112 110 -4 110 115 -6 -14 -10 -7 116 116 122 122 115 -1 118 121 121 121 121 117 5 119 7 129 5 128 133 126 6 127 8 8 9 4 -3 -8 -16 -14 -17 -18 -16 -24 -39 -37 -58 -50 -47 -45 -35 -27 -22 -39 -52 -52 -51 -37 -29 -21 -19 -16 -11 -6 -7 3 97 106 107 102 103 107 110 113 116 116 118 121 124 122 128 132 130 140 153 152 152 155 158 120 160 160 148 148 160
119 116 111 -6 -7 110 112 114 -18 -11 -3 113 118 120 119 -4 2 117 118 125 118 118 122 129 129 130 130 132 132 132 133 131 131 129 10 8 4 0 -5 -7 -9 -14 -15 -19 -32 -25 -43 -62 -61 -45 -46 -35 -33 -21 -16 -38 -39 -33 -22 -18 -13 -11 -11 -9 -7 96 104 109 112 110 109 109 112 113 116 117 119 118 119 122 124 115 123 133 140 132 139 145 150 145 139 150 143 147 158
129 122 115 110 -9 -12 110 112 -16 -18 -10 -4 -1 117 115 2 116 118 125 125 121 126 126 128 129 129 130 131 130 131 132 131 132 131 130 129 9 1 0 -5 -7 -8 -8 -21 -18 -20 -48 -59 -53 -51 -46 -40 -43 -35 -15 -19 -35 -26 -18 -15 -11 -17 -11 -3 4 102 105 108 110 110 113 111 115 116 115 113 116 121 123 118 115 114 116 121 126 131 134 133 139 135 135 133 139 134 139
126 124 120 116 -6 -11 -9 -6 -7 -20 -16 -10 -5 -5 -4 0 118 118 118 125 126 127 126 128 129 130 129 130 131 129 131 131 130 128 130 130 128 8 5 -2 -6 -9 -8 -16 -21 -31 -42 -49 -50 -39 -30 -39 -39 -34 -29 -22 -7 -25 -20 -19 -15 -11 -9 -4 -3 100 104 107 110 111 108 106 110 112 115 114 115 111 111 113 116 119 116 110 108 116 119 122 124 125 125 127 128 127 128
121 120 116 112 109 -8 -11 -8 -9 -11 -22 -19 -14 -9 0 0 -4 2 -9 116 4 117 125 127 128 128 129 130 127 128 131 131 130 11 11 129 129 127 9 3 -1 -15 -16 -26 -31 -40 -44 -48 -37 -31 -25 -23 -23 -20 -25 -27 -18 -6 -13 -18 -16 -11 -2 4 100 102 104 104 106 109 110 112 118 115 112 106 107 112 114 115 116 122 122 117 112 114 119 125 127 126 132 128 127 133 136
116 121 120 112 -6 -9 -15 -13 -11 -14 -15 -22 -22 -12 -9 -5 -6 -3 -14 -15 -4 5 118 119 125 126 128 130 127 126 128 130 129 9 9 10 128 128 7 0 -7 -11 -13 -20 -23 -31 -42 -49 -36 -50 -35 -35 -20 -17 -11 -18 -16 -5 -7 -16 -12 -6 1 5 103 107 105 109 113 114 115 112 107 108 103 100 108 114 116 120 122 122 125 123 121 124 127 130 133 131 137 137 138 130 126
109 112 116 117 115 111 -9 -13 -13 -14 -16 -20 -27 -24 -18 -15 -11 -7 -16 -22 -12 0 4 5 8 126 129 127 126 126 126 128 128 10 8 8 128 12 7 2 -3 -7 -10 -18 -28 -38 -54 -57 -47 -37 -34 -32 -26 -20 -12 -6 -6 1 1 7 0 0 0 1 107 108 108 104 106 105 106 104 106 108 107 107 110 113 115 116 119 120 125 124 130 132 135 131 135 136 142 142 142 127 119
-7 109 108 110 115 111 -5 -13 -16 -18 -19 -23 -23 -24 -23 -23 -17 -12 -10 -10 -7 -7 5 7 8 125 8 9 125 10 127 127 128 10 8 6 5 11 8 6 0 -4 -12 -17 -24 -41 -53 -39 -42 -30 -23 -24 -21 -23 -25 -22 -18 -5 -12 -2 3 104 105 101 105 108 103 103 104 105 107 105 105 104 107 109 108 109 113 115 121 120 122 124 127 133 134 138 136 142 139 145 146 139 129
113 109 -8 -8 -6 -6 -7 -10 -13 -16 -11 -15 -15 -15 -13 -8 -5 -4 2 1 0 3 6 3 6 7 7 8 9 10 11 127 11 11 127 5 4 5 5 3 -1 -5 -11 -13 -24 -37 -39 -48 -38 -49 -46 -31 -34 -29 -26 -26 -20 -19 -16 -6 -1 2 -1 -6 0 2 98 104 105 105 106 110 111 107 109 110 114 116 112 113 115 120 124 128 131 131 131 138 144 141 143 148 152 153 148
110 -8 -13 -13 -12 -10 -10 -11 -12 -10 -11 -13 -14 -17 -19 -13 -11 -9 -12 -11 -8 -2 -6 -5 2 4 6 7 7 6 10 9 8 7 9 10 6 2 0 -1 -9 -4 -12 -17 -19 -29 -38 -43 -48 -35 -32 -27 -23 -15 -15 -13 -8 -7 -3 -3 -5 -7 -7 -9 -4 2 5 100 104 105 105 105 109 111 113 114 110 110 114 117 115 111 112 114 120 124 131 129 130 133 137 142 144 157 153
