test/HelianthusTinyTest/asciifiles/nabio_11.asc
ncols  170
nrows  166
xllcorner  -106.083333333333
yllcorner  39.5916666666667
cellsize 0.00833333333332943
NODATA_value  -9999
[rows 0 to 40 of 166, columns 0 to 92 of 170]
-71 -70 -68 -68 -65 -64 -67 -67 -64 -60 -62 -62 -62 -63 -64 -64 -64 -66 -67 -65 -68 -68 -65 -63 -67 -66 -63 -63 -64 -60 -62 -62 -62 -64 -64 -61 -60 -61 -61 -61 -61 -61 -62 -62 -64 -65 -65 -66 -68 -68 -66 -67 -65 -63 -63 -64 -64 -64 -64 -64 -61 -59 -54 -54 -55 -53 -56 -54 -51 -51 -51 -51 -51 -50 -49 -48 -49 -48 -47 -46 -46 -41 -43 -41 -39 -40 -37 -39 -42 -42 -42 -39 -37
-71 -71 -71 -68 -66 -67 -68 -65 -63 -61 -61 -61 -63 -67 -67 -67 -66 -68 -69 -69 -69 -68 -65 -69 -72 -73 -72 -67 -72 -75 -72 -63 -63 -66 -63 -61 -62 -62 -63 -63 -63 -64 -65 -66 -67 -67 -66 -65 -66 -66 -65 -66 -66 -67 -69 -70 -68 -67 -66 -67 -60 -60 -58 -53 -52 -51 -56 -53 -51 -50 -48 -50 -50 -49 -49 -48 -48 -47 -46 -45 -44 -43 -40 -39 -39 -37 -37 -38 -41 -39 -40 -38 -37
-74 -72 -69 -69 -66 -68 -65 -64 -62 -62 -61 -61 -63 -66 -70 -68 -69 -69 -70 -76 -74 -70 -69 -72 -72 -75 -75 -75 -73 -79 -76 -67 -67 -65 -66 -63 -65 -64 -64 -65 -67 -67 -67 -66 -66 -65 -64 -65 -65 -65 -65 -68 -69 -68 -68 -69 -67 -68 -66 -61 -59 -57 -56 -58 -55 -51 -53 -51 -52 -52 -47 -44 -47 -46 -46 -46 -45 -46 -42 -43 -41 -41 -41 -40 -39 -39 -36 -37 -38 -37 -38 -36 -37
-76 -75 -72 -71 -70 -68 -65 -64 -63 -63 -64 -62 -61 -64 -70 -70 -70 -68 -75 -76 -75 -72 -72 -73 -75 -74 -76 -78 -77 -80 -73 -69 -68 -67 -66 -65 -64 -65 -65 -66 -68 -70 -68 -66 -65 -63 -64 -62 -63 -63 -69 -66 -65 -67 -68 -65 -66 -67 -68 -62 -59 -58 -59 -57 -55 -51 -49 -47 -50 -50 -49 -45 -44 -45 -42 -41 -44 -44 -42 -43 -41 -40 -40 -39 -39 -38 -35 -37 -36 -36 -36 -36 -37
-77 -77 -74 -73 -72 -67 -67 -65 -64 -63 -64 -63 -61 -61 -64 -69 -68 -67 -78 -75 -73 -74 -76 -76 -78 -74 -77 -78 -79 -81 -80 -73 -70 -68 -66 -65 -65 -66 -67 -69 -70 -70 -68 -65 -66 -66 -67 -67 -68 -66 -64 -62 -64 -62 -65 -64 -65 -66 -64 -63 -60 -59 -58 -58 -57 -52 -52 -47 -45 -48 -51 -49 -44 -42 -42 -41 -42 -42 -42 -41 -41 -39 -39 -40 -37 -36 -35 -36 -33 -34 -35 -35 -35
-80 -78 -77 -75 -72 -71 -68 -68 -67 -65 -65 -64 -63 -63 -62 -62 -63 -66 -72 -72 -71 -73 -75 -75 -75 -75 -78 -80 -81 -84 -86 -80 -72 -68 -67 -66 -67 -68 -69 -72 -72 -68 -68 -68 -68 -68 -71 -70 -67 -65 -62 -65 -63 -60 -62 -63 -64 -63 -63 -60 -60 -59 -57 -55 -54 -53 -53 -49 -44 -43 -49 -51 -49 -43 -40 -39 -39 -39 -40 -41 -41 -37 -35 -37 -37 -37 -36 -33 -34 -35 -34 -34 -35
-80 -78 -74 -73 -73 -72 -71 -68 -68 -69 -68 -67 -64 -66 -63 -63 -63 -63 -65 -67 -68 -69 -72 -74 -75 -77 -79 -82 -84 -87 -85 -77 -72 -69 -67 -67 -68 -70 -71 -70 -69 -69 -69 -71 -70 -72 -71 -68 -68 -69 -69 -66 -64 -62 -60 -60 -59 -59 -59 -61 -58 -59 -60 -57 -55 -53 -51 -51 -47 -43 -43 -46 -49 -46 -46 -42 -41 -40 -37 -38 -40 -39 -36 -37 -37 -33 -33 -33 -35 -34 -33 -34 -34
-80 -79 -76 -73 -70 -70 -72 -71 -71 -70 -68 -68 -68 -67 -65 -63 -63 -63 -63 -63 -64 -66 -69 -72 -73 -76 -79 -82 -84 -85 -81 -74 -70 -70 -69 -70 -70 -72 -73 -73 -71 -75 -73 -74 -73 -72 -72 -71 -72 -71 -68 -68 -67 -64 -66 -64 -64 -60 -57 -55 -58 -55 -55 -56 -54 -52 -51 -51 -50 -47 -42 -41 -42 -42 -43 -47 -45 -43 -40 -36 -34 -35 -33 -33 -33 -34 -36 -36 -34 -33 -33 -33 -33
-84 -83 -80 -81 -72 -78 -75 -74 -72 -69 -72 -70 -69 -68 -66 -65 -63 -64 -63 -64 -63 -65 -65 -67 -70 -79 -81 -83 -83 -81 -76 -74 -71 -71 -74 -73 -74 -74 -75 -75 -73 -74 -77 -76 -76 -75 -73 -75 -74 -73 -73 -69 -67 -66 -64 -65 -64 -62 -61 -57 -54 -53 -57 -57 -56 -56 -50 -48 -46 -45 -44 -43 -40 -39 -38 -37 -40 -38 -37 -39 -37 -34 -33 -34 -35 -32 -33 -34 -34 -33 -32 -32 -32
-86 -85 -82 -84 -84 -84 -82 -76 -74 -73 -71 -69 -68 -66 -65 -65 -65 -64 -64 -64 -64 -64 -65 -65 -69 -77 -77 -78 -74 -73 -73 -73 -72 -74 -76 -78 -78 -76 -75 -77 -76 -74 -78 -78 -77 -76 -76 -76 -70 -69 -68 -68 -68 -66 -66 -65 -65 -60 -59 -57 -56 -49 -50 -50 -51 -53 -54 -49 -46 -43 -42 -43 -39 -39 -38 -39 -41 -40 -42 -41 -40 -38 -37 -33 -32 -30 -32 -34 -33 -33 -32 -32 -32
-89 -86 -87 -86 -87 -84 -85 -80 -78 -75 -72 -69 -68 -66 -65 -66 -66 -64 -64 -64 -65 -65 -65 -65 -66 -73 -74 -70 -71 -75 -73 -76 -77 -77 -79 -79 -79 -80 -79 -79 -81 -80 -81 -79 -78 -76 -74 -72 -72 -69 -69 -69 -68 -65 -64 -63 -60 -58 -55 -59 -55 -52 -51 -55 -51 -50 -50 -49 -43 -44 -43 -40 -42 -43 -42 -40 -41 -39 -38 -36 -37 -39 -36 -32 -32 -30 -30 -29 -31 -30 -31 -31 -31
-91 -89 -90 -88 -88 -87 -85 -82 -79 -78 -77 -73 -71 -70 -70 -66 -65 -64 -64 -65 -65 -65 -65 -66 -66 -70 -70 -69 -74 -77 -83 -86 -86 -81 -82 -82 -83 -85 -83 -83 -81 -78 -79 -78 -80 -80 -79 -79 -77 -78 -79 -73 -72 -67 -69 -67 -65 -63 -61 -60 -59 -55 -56 -55 -57 -56 -56 -53 -52 -51 -46 -47 -47 -47 -46 -42 -41 -40 -38 -37 -35 -34 -34 -33 -32 -31 -29 -29 -29 -29 -30 -31 -31
-92 -93 -91 -91 -88 -87 -86 -83 -82 -79 -76 -74 -73 -71 -68 -66 -65 -66 -64 -64 -64 -65 -66 -66 -67 -70 -71 -71 -77 -83 -87 -89 -88 -85 -82 -87 -87 -84 -83 -84 -80 -79 -79 -75 -75 -79 -79 -79 -77 -78 -75 -73 -76 -78 -74 -70 -65 -64 -58 -56 -55 -58 -58 -57 -55 -54 -52 -52 -49 -46 -49 -48 -49 -48 -47 -44 -42 -40 -39 -38 -37 -36 -34 -32 -32 -31 -31 -31 -30 -29 -30 -31 -31
-96 -95 -94 -92 -89 -87 -84 -83 -84 -81 -79 -76 -74 -71 -69 -66 -69 -72 -72 -67 -64 -64 -65 -66 -66 -72 -72 -75 -80 -86 -89 -89 -87 -87 -88 -88 -87 -84 -87 -86 -80 -79 -77 -76 -74 -72 -71 -71 -69 -70 -70 -69 -72 -68 -67 -65 -64 -62 -59 -59 -58 -58 -56 -53 -53 -52 -51 -50 -50 -49 -50 -51 -49 -48 -46 -46 -45 -44 -41 -39 -37 -36 -35 -33 -32 -31 -31 -31 -31 -32 -28 -29 -29
-92 -93 -94 -92 -92 -87 -85 -87 -84 -82 -80 -78 -77 -73 -70 -67 -69 -70 -72 -73 -66 -65 -66 -67 -69 -73 -75 -78 -90 -90 -89 -89 -88 -89 -90 -89 -86 -87 -87 -90 -90 -84 -82 -80 -77 -80 -78 -76 -70 -67 -66 -64 -62 -62 -62 -60 -60 -60 -60 -59 -56 -55 -55 -53 -53 -50 -50 -50 -50 -51 -50 -50 -47 -44 -42 -44 -39 -38 -39 -39 -38 -36 -33 -31 -32 -31 -31 -31 -31 -30 -31 -31 -28
-90 -89 -87 -90 -90 -86 -91 -89 -86 -84 -81 -80 -78 -77 -71 -68 -67 -70 -70 -70 -70 -65 -66 -67 -68 -74 -77 -84 -91 -90 -90 -89 -89 -89 -89 -89 -89 -91 -92 -91 -91 -88 -84 -81 -79 -76 -76 -75 -72 -69 -67 -66 -64 -62 -63 -62 -62 -61 -60 -60 -59 -57 -55 -55 -52 -52 -52 -51 -50 -50 -50 -51 -49 -42 -39 -38 -38 -36 -36 -35 -34 -33 -34 -34 -32 -31 -29 -29 -30 -29 -30 -31 -29
-96 -96 -89 -86 -85 -85 -88 -90 -88 -88 -87 -83 -80 -79 -75 -71 -67 -68 -71 -70 -70 -65 -67 -67 -68 -74 -81 -88 -90 -90 -90 -89 -89 -89 -90 -90 -91 -91 -92 -92 -89 -85 -84 -84 -81 -77 -73 -72 -68 -67 -63 -64 -64 -62 -59 -58 -56 -55 -53 -54 -54 -50 -56 -54 -57 -53 -52 -53 -51 -47 -45 -46 -44 -42 -44 -44 -48 -44 -39 -38 -34 -34 -36 -36 -34 -33 -31 -31 -30 -29 -30 -30 -30
-99 -98 -95 -91 -86 -86 -85 -90 -89 -88 -87 -85 -84 -82 -79 -78 -72 -68 -69 -70 -70 -69 -66 -67 -68 -71 -83 -88 -90 -92 -91 -90 -89 -89 -90 -90 -90 -92 -93 -94 -91 -87 -84 -82 -81 -77 -74 -70 -71 -71 -69 -66 -64 -63 -61 -62 -58 -59 -57 -57 -53 -48 -48 -46 -49 -50 -51 -49 -46 -44 -44 -44 -46 -46 -46 -46 -46 -44 -39 -39 -37 -36 -36 -32 -30 -29 -28 -28 -27 -30 -30 -28 -29
-96 -95 -95 -91 -87 -86 -86 -88 -91 -89 -86 -85 -83 -82 -80 -78 -72 -68 -70 -71 -72 -71 -69 -66 -69 -74 -84 -86 -89 -93 -91 -89 -89 -87 -88 -90 -91 -92 -92 -92 -91 -88 -84 -81 -79 -75 -72 -74 -74 -74 -70 -66 -64 -63 -64 -63 -61 -61 -59 -58 -55 -53 -51 -53 -50 -47 -43 -43 -43 -47 -49 -48 -50 -47 -47 -47 -47 -43 -43 -42 -40 -36 -35 -35 -31 -29 -28 -27 -26 -26 -27 -27 -27
-89 -93 -92 -91 -89 -86 -86 -86 -90 -91 -89 -86 -84 -80 -78 -76 -74 -69 -70 -71 -72 -71 -71 -66 -66 -73 -81 -86 -88 -91 -92 -91 -88 -86 -88 -87 -90 -92 -92 -90 -85 -82 -81 -78 -77 -76 -76 -76 -74 -73 -70 -67 -67 -66 -65 -63 -62 -61 -59 -57 -55 -54 -55 -54 -52 -50 -51 -50 -42 -40 -44 -50 -48 -49 -44 -47 -46 -45 -45 -42 -40 -37 -35 -34 -33 -30 -29 -28 -28 -26 -25 -25 -25
-83 -87 -90 -92 -92 -90 -88 -86 -88 -89 -88 -86 -82 -82 -81 -77 -74 -69 -71 -74 -70 -71 -72 -72 -67 -72 -83 -86 -89 -90 -90 -89 -87 -86 -87 -88 -90 -91 -90 -87 -83 -83 -81 -84 -83 -82 -81 -79 -80 -76 -73 -71 -67 -66 -65 -64 -62 -60 -59 -58 -56 -55 -55 -54 -53 -52 -50 -48 -49 -49 -43 -41 -40 -37 -40 -42 -44 -45 -44 -43 -41 -41 -34 -32 -32 -31 -30 -28 -27 -27 -25 -26 -25
-77 -82 -88 -93 -95 -94 -91 -88 -86 -88 -87 -88 -86 -83 -79 -78 -78 -76 -71 -72 -71 -70 -69 -69 -68 -67 -78 -86 -87 -91 -87 -86 -86 -87 -88 -87 -88 -90 -88 -87 -90 -92 -89 -89 -85 -86 -84 -85 -83 -83 -78 -73 -72 -68 -64 -62 -61 -61 -60 -58 -57 -56 -54 -54 -54 -53 -54 -52 -52 -48 -47 -45 -41 -38 -38 -36 -36 -40 -39 -37 -39 -37 -35 -34 -33 -29 -29 -28 -28 -26 -27 -28 -25
-77 -79 -83 -91 -96 -97 -94 -92 -88 -88 -89 -88 -82 -89 -85 -83 -81 -78 -75 -76 -74 -71 -70 -68 -68 -68 -70 -79 -84 -85 -86 -87 -88 -90 -92 -91 -91 -91 -94 -90 -92 -94 -94 -91 -90 -90 -90 -89 -85 -85 -80 -73 -71 -68 -65 -62 -60 -58 -58 -56 -56 -56 -55 -54 -54 -52 -51 -51 -50 -48 -47 -46 -47 -45 -45 -38 -33 -35 -33 -35 -37 -35 -34 -32 -30 -29 -29 -28 -27 -27 -27 -24 -24
-75 -77 -79 -84 -91 -95 -96 -93 -89 -86 -89 -85 -85 -89 -85 -86 -84 -81 -80 -77 -77 -73 -69 -68 -68 -71 -69 -82 -86 -88 -88 -89 -90 -90 -90 -91 -93 -90 -92 -96 -94 -96 -97 -98 -94 -94 -94 -89 -84 -81 -78 -75 -70 -67 -64 -62 -63 -61 -59 -58 -57 -56 -55 -55 -55 -53 -51 -50 -50 -52 -50 -49 -48 -47 -44 -43 -42 -37 -32 -32 -43 -37 -37 -35 -32 -30 -29 -28 -27 -26 -25 -25 -25
-74 -75 -77 -81 -87 -92 -95 -94 -91 -87 -87 -87 -92 -91 -90 -88 -86 -85 -82 -82 -80 -76 -71 -68 -71 -73 -71 -78 -85 -88 -88 -89 -87 -88 -87 -87 -88 -88 -88 -91 -92 -95 -95 -96 -98 -96 -92 -87 -83 -79 -78 -73 -70 -67 -67 -65 -63 -62 -60 -60 -59 -58 -59 -55 -53 -54 -55 -55 -51 -49 -48 -47 -47 -46 -46 -47 -46 -43 -36 -37 -30 -31 -34 -33 -31 -30 -28 -26 -26 -27 -26 -27 -25
-73 -75 -76 -79 -82 -88 -93 -97 -95 -92 -89 -89 -94 -94 -89 -89 -90 -88 -84 -81 -80 -79 -72 -69 -73 -78 -71 -79 -85 -87 -89 -87 -87 -86 -87 -88 -88 -87 -86 -89 -91 -93 -94 -93 -95 -94 -92 -87 -83 -80 -76 -74 -73 -70 -67 -66 -64 -62 -61 -61 -61 -61 -61 -60 -57 -55 -58 -56 -54 -51 -49 -49 -48 -47 -47 -44 -43 -42 -42 -38 -35 -34 -32 -28 -29 -27 -28 -28 -27 -28 -28 -28 -28
-73 -73 -74 -79 -85 -91 -97 -100 -98 -95 -89 -89 -94 -95 -94 -92 -89 -88 -85 -84 -83 -79 -74 -69 -71 -76 -72 -79 -81 -81 -87 -83 -86 -86 -89 -89 -89 -84 -89 -91 -92 -88 -88 -91 -94 -93 -95 -91 -85 -83 -77 -76 -72 -69 -68 -67 -65 -66 -65 -63 -60 -57 -58 -56 -52 -52 -53 -53 -49 -49 -48 -47 -44 -44 -43 -43 -42 -40 -40 -39 -38 -37 -35 -33 -33 -32 -30 -30 -28 -28 -28 -29 -28
-73 -73 -74 -76 -83 -88 -93 -96 -100 -97 -93 -90 -90 -96 -98 -93 -90 -88 -86 -87 -85 -81 -76 -70 -69 -75 -72 -79 -83 -84 -87 -86 -85 -85 -87 -88 -85 -82 -85 -88 -91 -89 -86 -85 -84 -88 -94 -93 -91 -87 -81 -77 -73 -70 -69 -67 -67 -67 -66 -63 -59 -57 -55 -52 -49 -48 -47 -47 -45 -44 -44 -43 -43 -41 -40 -42 -44 -43 -44 -38 -37 -37 -38 -36 -33 -31 -32 -31 -28 -28 -29 -28 -27
-73 -73 -74 -77 -76 -82 -86 -90 -100 -100 -98 -93 -92 -94 -99 -95 -94 -92 -90 -87 -86 -83 -77 -76 -70 -69 -74 -83 -84 -87 -88 -89 -89 -88 -88 -87 -87 -80 -79 -91 -88 -86 -80 -80 -81 -86 -88 -89 -88 -85 -79 -76 -72 -70 -69 -69 -69 -66 -63 -59 -55 -53 -54 -52 -49 -47 -46 -45 -43 -42 -43 -40 -40 -37 -38 -42 -43 -43 -42 -41 -37 -34 -35 -34 -33 -32 -32 -31 -30 -28 -27 -27 -27
-74 -74 -74 -74 -77 -77 -79 -86 -91 -96 -100 -98 -96 -94 -96 -96 -95 -94 -92 -90 -87 -86 -86 -84 -70 -70 -74 -83 -85 -88 -89 -90 -90 -89 -87 -86 -86 -88 -85 -75 -71 -77 -75 -79 -79 -83 -86 -84 -80 -77 -73 -70 -68 -70 -70 -69 -65 -65 -61 -59 -59 -63 -60 -57 -52 -47 -50 -48 -49 -51 -46 -43 -41 -43 -41 -38 -39 -40 -40 -38 -36 -34 -32 -32 -31 -32 -31 -30 -29 -29 -27 -26 -26
-74 -75 -75 -77 -77 -78 -79 -79 -86 -87 -99 -103 -98 -97 -95 -97 -96 -93 -93 -90 -89 -90 -87 -85 -81 -70 -70 -82 -87 -88 -89 -91 -90 -88 -87 -85 -85 -87 -85 -82 -69 -62 -71 -75 -77 -74 -80 -87 -83 -79 -75 -72 -69 -66 -62 -61 -58 -56 -57 -54 -60 -62 -60 -57 -57 -55 -54 -52 -55 -54 -52 -49 -48 -47 -42 -40 -37 -40 -40 -40 -39 -35 -33 -32 -32 -30 -31 -29 -31 -30 -28 -27 -26
-73 -74 -74 -76 -79 -78 -78 -79 -82 -87 -94 -101 -101 -98 -100 -98 -98 -97 -93 -89 -92 -94 -90 -87 -85 -74 -71 -81 -87 -89 -89 -90 -89 -87 -88 -85 -84 -79 -76 -71 -55 -56 -54 -63 -69 -73 -69 -72 -72 -70 -76 -70 -57 -65 -64 -65 -61 -54 -47 -47 -55 -54 -51 -46 -57 -52 -50 -47 -46 -48 -45 -47 -45 -44 -42 -41 -38 -34 -34 -35 -36 -35 -34 -33 -32 -31 -32 -32 -32 -30 -29 -26 -24
-74 -74 -74 -74 -75 -76 -79 -81 -83 -82 -91 -106 -107 -100 -98 -99 -98 -96 -95 -97 -96 -95 -93 -90 -87 -79 -71 -81 -89 -90 -90 -90 -89 -87 -84 -80 -79 -78 -56 -56 -55 -68 -54 -53 -53 -61 -62 -61 -54 -60 -61 -62 -46 -49 -49 -55 -60 -56 -48 -44 -43 -51 -44 -51 -43 -39 -40 -42 -41 -39 -40 -37 -41 -41 -39 -36 -34 -31 -33 -34 -38 -35 -33 -31 -31 -32 -33 -31 -29 -29 -30 -28 -23
-75 -74 -74 -74 -75 -76 -78 -78 -80 -81 -88 -97 -104 -110 -102 -101 -99 -97 -96 -98 -98 -98 -98 -93 -90 -82 -71 -71 -89 -90 -90 -90 -90 -87 -87 -88 -85 -74 -57 -56 -73 -74 -71 -68 -60 -55 -54 -51 -50 -52 -48 -53 -52 -53 -49 -43 -44 -42 -43 -41 -41 -38 -38 -42 -36 -36 -35 -35 -38 -36 -35 -36 -38 -35 -35 -31 -29 -29 -32 -32 -32 -35 -33 -28 -24 -24 -34 -28 -26 -24 -23 -24 -22
-75 -75 -75 -74 -75 -75 -76 -78 -83 -83 -86 -94 -105 -113 -108 -102 -100 -102 -99 -99 -101 -97 -95 -92 -91 -84 -72 -72 -80 -88 -90 -91 -91 -90 -88 -87 -86 -58 -57 -72 -85 -84 -85 -79 -78 -73 -64 -62 -61 -61 -59 -59 -58 -56 -55 -59 -57 -51 -52 -53 -51 -53 -50 -48 -45 -47 -41 -39 -39 -38 -35 -34 -34 -33 -34 -34 -30 -30 -28 -29 -28 -28 -28 -24 -25 -25 -24 -23 -22 -26 -27 -21 -22
-76 -76 -75 -74 -75 -75 -76 -79 -82 -84 -87 -92 -102 -114 -112 -105 -105 -108 -110 -101 -102 -101 -98 -95 -89 -83 -77 -72 -82 -87 -90 -87 -85 -89 -80 -75 -59 -61 -67 -72 -81 -85 -83 -80 -76 -73 -72 -75 -72 -68 -71 -73 -70 -66 -67 -65 -66 -62 -58 -60 -61 -55 -55 -52 -51 -50 -48 -48 -48 -46 -38 -34 -34 -31 -34 -33 -32 -31 -31 -30 -25 -25 -28 -26 -29 -38 -33 -27 -26 -35 -31 -27 -24
-77 -76 -76 -75 -75 -75 -76 -78 -79 -84 -86 -92 -98 -109 -114 -108 -104 -101 -105 -102 -100 -102 -97 -91 -84 -79 -73 -73 -84 -83 -83 -80 -73 -67 -61 -62 -59 -75 -75 -73 -81 -84 -87 -88 -87 -78 -82 -84 -83 -75 -74 -78 -79 -74 -72 -69 -67 -67 -66 -65 -64 -61 -59 -56 -54 -54 -56 -56 -50 -42 -39 -36 -34 -40 -42 -38 -34 -39 -31 -31 -33 -39 -27 -27 -27 -37 -37 -31 -26 -32 -30 -29 -25
-79 -78 -77 -76 -76 -76 -76 -79 -80 -83 -86 -91 -98 -100 -113 -118 -108 -103 -97 -95 -93 -88 -85 -83 -82 -83 -76 -78 -85 -88 -90 -83 -68 -72 -77 -79 -81 -82 -77 -77 -81 -84 -86 -89 -91 -87 -88 -86 -84 -78 -79 -82 -82 -79 -77 -72 -71 -71 -71 -62 -59 -54 -53 -52 -50 -49 -52 -50 -45 -40 -40 -42 -38 -36 -37 -35 -39 -35 -38 -40 -39 -33 -32 -31 -29 -34 -32 -29 -27 -33 -33 -27 -25
-82 -81 -78 -78 -77 -76 -77 -78 -83 -84 -87 -90 -96 -101 -104 -116 -109 -103 -98 -98 -94 -88 -90 -96 -93 -84 -75 -75 -85 -86 -85 -80 -67 -81 -84 -84 -82 -80 -82 -84 -81 -85 -88 -90 -92 -94 -93 -88 -83 -84 -83 -86 -84 -80 -77 -76 -72 -72 -66 -63 -60 -60 -58 -55 -50 -47 -46 -47 -47 -48 -49 -45 -42 -44 -37 -41 -39 -45 -50 -46 -38 -35 -40 -42 -32 -32 -32 -31 -30 -32 -34 -34 -35
-81 -81 -81 -78 -78 -77 -77 -79 -81 -83 -85 -86 -91 -91 -101 -114 -111 -104 -106 -104 -96 -91 -104 -99 -90 -85 -77 -75 -87 -84 -81 -79 -74 -77 -86 -84 -84 -88 -87 -84 -86 -84 -86 -88 -90 -93 -94 -89 -89 -89 -87 -90 -85 -82 -83 -76 -74 -72 -71 -68 -67 -67 -67 -61 -57 -51 -48 -50 -48 -47 -44 -43 -43 -49 -41 -41 -43 -48 -51 -49 -47 -48 -46 -42 -35 -31 -32 -32 -33 -34 -33 -34 -33
-82 -81 -80 -79 -79 -78 -78 -78 -81 -83 -85 -89 -92 -101 -96 -103 -112 -108 -106 -98 -95 -95 -105 -100 -94 -86 -80 -79 -85 -84 -84 -87 -79 -73 -88 -87 -85 -88 -90 -87 -84 -87 -86 -89 -91 -95 -98 -99 -98 -95 -88 -83 -83 -78 -75 -73 -71 -72 -76 -75 -71 -65 -62 -60 -57 -54 -51 -51 -54 -49 -43 -46 -51 -51 -47 -46 -47 -48 -50 -53 -56 -50 -46 -40 -37 -31 -32 -37 -43 -36 -34 -35 -34
