test/HelianthusTinyTest/asciifiles/nabio_1.asc
ncols  170
nrows  166
xllcorner  -106.083333333333
yllcorner  39.5916666666667
cellsize 0.00833333333332943
NODATA_value  -9999
[rows 110 to 164 of 166, columns 0 to 95 of 170]
22 23 23 21 20 19 14 6 5 10 13 13 15 20 28 30 31 31 32 32 24 28 24 22 26 21 18 17 15 12 11 7 13 14 10 5 2 1 1 4 4 3 1 -10 -14 -4 9 1 -18 -18 -21 -39 -44 -39 -29 -26 -26 -26 -28 -22 -20 -19 -19 -20 -3 3 15 17 24 29 28 28 31 31 31 33 32 32 31 39 41 44 52 54 63 66 63 66 66 70 74 72 79 80 90 93
10 14 15 12 11 11 17 19 20 22 20 18 18 23 27 31 30 31 27 24 22 27 23 24 20 20 17 16 14 13 9 9 14 15 13 10 7 4 2 -1 1 3 3 -1 -7 -14 -7 6 7 -3 -9 -12 -27 -41 -40 -39 -26 -12 -11 -15 -11 -11 -15 -5 5 8 14 17 20 23 24 27 30 31 35 33 42 39 45 48 44 49 55 62 65 70 70 70 68 69 70 70 75 84 91 93
15 11 9 6 4 5 12 20 23 23 26 23 25 29 29 30 30 31 27 20 19 24 18 20 26 16 18 18 17 14 13 14 17 17 16 13 9 4 1 -5 1 1 2 0 -7 -20 -14 -10 -3 -3 -25 -28 -20 -28 -17 -36 -32 -23 -8 -4 -4 -2 0 2 9 14 18 22 22 22 24 35 41 42 47 47 49 49 50 59 56 59 61 62 63 71 74 77 77 77 74 73 73 71 93 94
14 14 12 10 6 5 8 16 22 25 27 27 28 28 28 29 29 30 30 22 21 18 16 15 19 25 21 23 17 15 13 20 15 16 16 12 8 2 -3 -4 -2 0 -3 -5 -3 -9 -17 -22 -11 -7 -13 -41 -41 -34 -21 -8 -6 -3 1 3 3 2 2 2 7 14 19 23 22 21 24 25 34 41 38 34 35 44 45 35 44 47 52 54 56 58 61 68 80 81 82 79 83 81 89 95
24 22 17 18 9 6 4 8 17 22 24 25 25 26 28 26 28 29 25 23 19 14 14 16 21 24 26 21 19 17 14 19 21 20 18 12 9 1 -1 -6 -1 0 -3 -10 -14 -7 -18 -23 -15 -18 -22 -42 -39 -34 -32 -28 -23 -19 -12 -5 -1 4 9 6 6 12 18 23 23 23 23 27 27 30 33 33 34 36 36 41 44 48 54 59 61 64 67 70 75 79 88 77 83 87 92 95
21 17 14 15 18 14 2 2 10 16 20 23 24 26 22 19 24 24 24 23 21 17 17 19 18 16 22 25 20 22 19 21 24 19 20 16 15 10 7 7 0 -2 0 -6 -17 -22 -21 -35 -23 -23 -15 -20 -37 -39 -40 -35 -34 -26 -10 1 2 5 11 11 11 14 19 25 27 26 28 31 33 37 38 42 44 44 47 50 53 52 53 62 62 63 68 74 76 78 85 86 87 93 96 96
19 14 13 11 13 17 10 3 7 9 18 18 24 24 17 14 20 23 23 23 23 20 19 21 20 25 19 25 29 23 20 24 22 22 23 19 13 10 4 5 3 2 4 -4 -17 -15 -34 -27 -24 -22 -14 -5 -1 -17 -29 -29 -28 -15 -8 0 3 5 10 14 13 21 24 32 33 29 30 33 36 39 42 42 44 47 50 48 54 57 55 65 75 74 75 78 80 85 82 82 72 72 83 93
20 18 13 10 9 13 14 16 1 6 13 16 20 22 21 12 17 20 21 22 21 20 24 25 25 26 27 29 29 29 29 28 28 27 24 23 20 17 13 11 9 6 5 2 -11 -4 -20 -38 -36 -23 -23 -14 -11 0 5 -16 -17 -11 0 3 7 10 10 12 14 23 30 34 37 36 35 35 38 39 42 43 46 44 45 47 50 42 49 58 64 58 64 69 74 69 64 74 68 71 80 85
28 23 17 13 8 5 13 14 2 1 7 11 14 19 17 16 18 20 21 22 24 23 23 25 25 26 26 28 27 29 29 28 29 29 28 27 23 17 16 13 11 11 10 0 2 0 -25 -35 -29 -28 -23 -18 -21 -13 5 2 -12 -5 3 6 9 4 10 17 22 28 31 34 36 36 39 37 40 42 41 39 43 47 48 45 41 41 42 47 52 57 60 59 64 61 60 59 64 59 64 82
26 24 21 18 10 6 8 11 9 -1 2 7 11 11 11 15 20 20 21 22 23 23 23 24 26 27 26 27 28 26 28 28 28 26 28 28 26 23 21 15 12 9 10 4 -1 -9 -20 -26 -27 -17 -9 -17 -17 -12 -8 -1 12 -4 1 2 6 10 11 15 16 26 31 33 36 36 34 33 37 38 40 40 42 38 38 39 43 45 42 37 35 43 46 48 51 51 51 53 54 53 54 75
22 21 18 15 12 9 6 9 8 6 -3 0 4 8 15 15 12 17 8 19 18 20 22 24 25 25 26 27 25 26 28 28 28 25 25 28 28 26 24 19 16 5 3 -6 -10 -17 -22 -25 -15 -10 -4 -2 -2 1 -3 -6 3 13 7 3 5 10 17 22 26 28 30 30 33 35 36 38 43 41 39 33 34 38 40 41 42 48 48 43 38 41 45 51 53 52 57 54 53 59 62 71
18 22 22 15 10 7 3 4 6 4 3 -2 -2 5 8 11 11 13 4 3 12 19 22 22 22 23 25 27 25 24 26 27 27 23 23 24 27 27 22 17 11 8 6 0 -2 -10 -20 -26 -14 -27 -14 -13 1 4 10 3 5 14 12 5 9 14 19 23 29 33 32 34 38 39 40 37 33 35 30 28 35 40 43 46 47 48 51 49 47 51 53 56 59 57 62 62 63 56 52 64
11 14 17 18 17 13 8 4 4 4 2 -1 -7 -4 1 3 6 10 3 -2 6 15 18 19 22 23 26 24 24 24 25 26 26 24 22 22 26 26 22 18 14 11 9 2 -7 -16 -30 -34 -24 -15 -13 -11 -5 1 8 13 13 19 19 24 18 19 18 19 33 33 34 31 33 31 32 30 32 34 33 34 36 40 41 42 45 47 50 50 55 57 60 57 61 61 66 67 67 53 46 64
9 12 11 13 17 14 11 4 2 1 0 -3 -3 -4 -4 -3 1 6 7 8 10 10 19 21 22 23 22 23 23 24 25 26 26 24 23 21 21 25 23 21 17 13 7 3 -4 -18 -30 -17 -20 -9 -3 -3 -1 -2 -4 -1 3 14 9 17 21 29 30 27 31 33 29 30 30 32 33 31 31 31 33 35 35 36 40 42 47 47 49 50 53 58 60 63 61 66 63 69 70 64 55 62
16 12 8 9 10 10 10 7 5 3 6 3 3 3 5 9 11 12 17 15 15 17 20 18 20 21 21 22 23 23 24 25 25 25 25 20 19 20 21 19 17 13 8 6 -4 -15 -17 -25 -16 -26 -24 -10 -13 -8 -5 -4 1 2 5 13 18 20 17 14 19 21 25 30 32 32 33 36 36 34 36 37 40 42 39 39 41 46 50 54 57 57 57 63 68 65 67 72 75 76 72 73
13 9 5 4 5 7 7 6 5 7 6 4 4 1 0 5 6 8 6 7 9 14 11 11 17 19 20 21 21 21 24 23 22 21 23 24 21 18 17 16 9 14 7 3 1 -8 -16 -21 -25 -14 -11 -6 -2 5 6 7 11 12 16 16 14 13 13 12 15 20 23 27 31 32 32 32 35 37 39 40 37 37 41 43 42 37 38 40 45 49 57 55 56 59 62 67 68 79 76 81
11 8 9 11 10 7 6 5 7 4 3 4 3 -5 -6 0 -4 -3 -7 0 11 6 3 14 18 20 20 18 16 17 21 20 18 20 20 23 24 16 13 14 7 -1 2 3 -4 -9 -17 -26 -21 -9 -8 -7 -8 -8 -5 2 4 12 14 19 14 14 11 16 19 20 23 28 30 33 31 30 33 36 40 35 35 34 35 37 39 33 31 32 37 42 46 49 52 57 55 56 59 66 61 59
11 8 10 13 11 11 7 9 10 8 12 8 4 -2 -7 -11 -9 -10 -4 -3 -2 5 8 12 17 18 15 12 14 18 21 17 16 17 20 21 23 19 13 9 7 5 -2 -4 -1 -10 -20 -25 -12 -7 -2 -2 0 0 -4 -1 5 13 25 26 26 22 20 23 25 27 26 29 31 31 36 31 35 35 35 31 37 30 30 29 27 34 28 29 34 40 45 46 47 42 40 48 58 57 47 54
14 19 21 21 19 12 14 9 11 7 6 5 5 8 -2 -9 -15 -17 -10 0 4 9 13 16 18 15 12 11 15 15 18 12 13 17 17 14 20 17 14 7 4 4 1 -7 -8 -14 -20 -23 -15 -10 6 6 18 16 17 18 20 24 25 22 23 27 23 16 17 22 26 26 27 31 30 29 21 30 31 34 33 27 25 19 21 23 30 27 29 33 43 46 49 45 42 46 51 47 52 58
19 16 12 9 5 3 9 3 -4 1 -3 -9 -8 -4 5 -9 -9 -15 -4 1 2 8 13 14 14 11 9 9 7 10 14 11 16 15 14 10 17 21 18 12 8 4 0 -2 -9 -16 -26 -20 -4 -3 6 13 2 -4 4 9 15 7 12 15 17 17 18 11 17 17 20 22 25 24 26 28 25 28 29 30 30 25 17 5 11 22 29 31 33 34 39 48 47 50 44 36 34 43 46 58
15 12 8 5 3 1 2 6 -1 -5 -3 -5 -12 -14 -8 -4 -5 -11 -1 2 4 8 11 14 10 6 6 3 0 6 10 10 15 7 10 6 9 13 19 15 12 4 -1 -6 -10 -17 -25 -12 -8 3 -1 -5 -11 -1 5 10 13 6 8 4 9 15 17 9 9 11 14 18 20 25 25 25 27 29 28 27 28 20 1 4 14 20 21 25 32 34 41 38 40 47 55 47 43 58 63 51
19 14 10 7 2 -6 -7 -2 2 -4 -8 -11 -15 -16 -19 -11 -4 -12 -9 -4 0 5 13 7 4 -2 -2 -5 -2 1 5 9 15 5 7 4 4 3 13 18 16 11 8 9 -8 -27 -16 -16 -6 -4 -20 -16 -14 -5 3 11 9 3 -4 -4 -1 6 9 5 -1 2 12 14 20 24 21 22 25 26 24 25 25 21 12 9 13 19 25 28 29 33 34 22 33 31 39 56 58 55 65 71
21 15 9 4 2 -3 -1 -3 -5 -11 -11 -18 -18 -20 -19 -12 -28 -26 -19 -10 -1 12 7 2 0 -11 -14 -13 -5 -4 2 14 2 -2 0 -4 -5 -2 12 9 12 -1 -6 -1 2 -12 -21 -15 -14 -21 -18 -11 -2 5 7 3 4 -3 0 -3 0 5 3 -4 -4 5 8 10 17 17 19 17 21 24 26 24 24 12 16 20 21 23 27 29 31 31 25 30 33 35 40 44 50 49 50 57
22 18 13 8 6 1 -2 2 -5 -3 1 -3 -13 -22 -23 -25 -32 -20 -7 -1 4 13 1 -11 -5 -11 -18 -16 -18 -10 0 13 -2 -13 -9 -6 -10 -12 -4 8 15 -1 -15 -14 -3 -4 -27 -29 -30 -21 -9 -3 -3 -6 -7 -4 -2 -3 -1 1 3 8 -4 -3 1 0 6 12 9 6 8 16 23 26 28 28 25 13 12 22 25 26 32 33 28 34 37 48 48 44 51 47 53 61 51 53
22 22 21 9 4 3 3 6 5 -1 -8 -9 -12 -21 -31 -23 -15 -10 -12 -9 -1 7 -5 -18 -19 -12 -22 -24 -16 -8 -2 7 -8 -21 -12 -12 -15 -11 -5 14 8 -7 -18 -28 -16 -10 -22 -37 -24 -17 -12 -21 -19 -14 -7 -2 0 3 -1 3 7 11 0 2 7 8 12 16 13 4 8 19 24 26 30 30 29 22 21 21 27 29 30 37 38 41 45 48 53 53 56 55 57 66 64 65
16 14 21 12 6 11 2 1 -2 -5 -13 -19 -17 -25 -32 -29 -28 -19 -11 -3 9 1 -11 -22 -26 -22 -26 -26 -18 -18 -3 7 -12 -25 -18 -27 -24 -15 -6 12 4 -4 -12 -24 -31 -18 -34 -37 -30 -26 -24 -26 -25 -19 -14 -7 -2 1 8 10 11 16 4 14 9 13 18 20 20 18 19 20 23 25 28 31 33 27 24 25 24 31 39 42 44 46 46 50 47 46 49 53 49 53 60 62
15 12 21 19 17 9 3 -4 -11 -10 -13 -17 -18 -20 -23 -31 -23 -19 -8 1 4 -1 -6 -17 -32 -34 -29 -22 -16 -10 0 4 -12 -24 -28 -28 -19 -10 -7 9 -8 -16 -18 -31 -50 -40 -41 -27 -14 -20 -21 -20 -13 -8 -13 -8 -4 0 3 10 14 21 16 13 15 22 23 23 25 23 20 19 21 23 26 31 33 36 33 26 33 37 36 40 31 41 35 41 34 40 42 45 45 47 53 56
12 14 16 21 12 0 -8 -5 -14 -17 -13 -4 -15 -19 -22 -30 -24 -13 -3 4 -9 -17 -12 -19 -31 -36 -23 -20 -12 -9 0 2 -20 -26 -28 -22 -13 -10 2 3 -7 -21 -30 -37 -36 -26 -26 -26 -18 -14 -20 -16 -5 0 -10 -12 -6 -2 3 9 11 11 19 23 25 27 25 27 27 27 24 21 19 19 23 29 30 32 34 33 39 28 24 29 27 19 24 29 27 29 37 46 47 51 54 59
6 9 13 18 20 5 -5 -7 -12 -8 -2 -3 -8 -15 -20 -26 -18 -9 -1 -7 -21 -23 -18 -27 -31 -24 -18 -22 -12 0 1 -2 -17 -32 -28 -21 -12 -8 5 -3 -15 -19 -37 -42 -30 -18 -12 -9 -7 -9 -12 -4 6 -2 -5 -5 -7 -4 2 10 13 13 17 22 25 29 27 32 34 32 27 28 18 20 22 26 28 24 22 32 31 34 31 33 30 20 19 18 26 30 40 46 50 50 52 56
-2 -2 9 13 20 20 10 10 3 8 3 -1 -10 -16 -25 -23 -17 -10 -6 -14 -27 -35 -29 -27 -21 -17 -10 -9 -10 -15 -9 -7 -17 -28 -25 -16 -12 -3 1 -12 -22 -37 -37 -31 -20 -27 -20 -18 -9 -1 0 2 6 3 5 1 -3 4 9 17 14 16 19 22 24 25 27 29 29 29 35 32 17 22 26 28 27 26 25 18 21 25 31 35 34 33 33 23 21 39 46 47 50 54 50 53
-11 -5 1 3 12 20 19 15 8 2 -7 -12 -16 -20 -27 -22 -16 -14 -14 -22 -31 -26 -30 -27 -22 -18 -19 -22 -27 -19 -12 -11 -23 -31 -31 -23 -18 -11 -23 -32 -38 -42 -38 -30 -17 -15 -12 -11 -6 -3 1 4 7 14 15 11 14 17 20 24 22 17 17 17 22 22 25 28 33 37 40 36 35 24 27 30 33 30 20 13 15 15 17 27 33 39 40 29 38 39 40 43 44 52 55 58
-23 -17 -9 -2 8 18 19 19 4 -5 -10 -14 -19 -22 -20 -20 -21 -28 -21 -32 -28 -21 -16 -37 -28 -27 -28 -37 -27 -21 -16 -21 -32 -27 -24 -17 -14 -23 -29 -23 -36 -27 -25 -42 -24 -22 -16 -9 -5 1 3 9 1 8 13 8 23 24 27 30 25 20 16 14 18 20 22 25 31 30 31 32 44 39 35 35 35 29 22 25 27 20 17 18 19 31 44 47 44 42 46 48 46 51 55 54
-30 -29 -12 -5 5 15 11 19 14 7 0 -3 -7 -9 -9 -11 5 -6 -11 -18 -20 -11 -23 -33 -28 -16 -16 -34 -33 -32 -21 -32 -28 -25 -13 -9 -10 -22 -26 -15 -26 -22 -14 -16 -5 -17 -9 -1 2 0 -2 3 11 16 23 11 15 21 24 25 30 23 24 22 15 16 20 27 28 30 31 33 35 42 43 39 39 34 30 32 31 28 27 29 22 28 41 45 50 50 49 52 47 53 56 59
-16 -23 -15 -6 1 16 7 7 12 16 15 11 10 0 12 8 3 1 5 5 -14 -26 -30 -33 -23 -14 -11 -12 -22 -16 -17 -16 -15 -7 2 11 12 -6 -11 -8 -19 -22 -13 -2 5 -3 5 12 10 8 6 6 7 11 12 25 32 28 27 26 31 34 31 27 18 21 22 25 29 29 32 35 36 38 43 46 42 40 38 39 34 33 31 34 35 39 44 45 48 54 48 50 54 55 58 62
-3 -14 -14 -4 0 13 10 -6 -6 4 3 1 5 -5 1 -2 -18 -25 -11 0 -2 -9 -26 -33 -24 -16 -11 -5 -2 -2 3 2 6 6 10 1 3 5 14 11 1 -4 -5 6 7 18 14 18 14 14 19 15 18 24 24 27 34 36 33 31 35 28 30 39 16 19 14 13 24 24 29 31 32 39 40 45 46 44 48 47 40 39 35 37 41 42 44 47 50 51 61 52 53 56 59 64
5 -8 -14 -8 1 13 -1 -17 -11 -2 -2 -13 -16 -14 -12 -8 -25 -18 -7 -1 -9 -8 -18 -28 -33 -23 -14 -18 -18 -20 -11 1 -6 -25 -16 -17 -18 -18 -10 2 11 18 20 26 25 29 26 30 30 32 28 31 37 33 39 35 37 42 43 38 44 46 36 38 24 22 29 23 25 27 27 30 35 39 42 47 49 55 53 56 60 48 45 40 40 46 45 49 50 53 58 58 57 54 57 55
0 -9 -22 -12 -2 13 4 -14 -18 -10 -3 -8 -16 -22 -19 -21 -22 -4 -12 -27 -18 -7 -19 -33 -33 -25 -20 -28 -23 -21 -3 -6 -22 -33 -26 -31 -34 -36 -28 -17 -4 -2 7 0 9 23 29 30 25 32 33 31 14 14 21 23 24 19 14 22 25 35 39 43 38 32 33 38 36 38 42 40 46 48 48 41 44 46 47 49 58 57 55 45 49 49 39 45 47 54 57 62 67 71 63 61
-1 -9 -21 -15 -5 1 9 -2 -17 -17 -14 -6 -11 -21 -28 -24 -16 -7 -35 -34 -19 -10 -18 -30 -39 -28 -20 -16 -8 -2 -16 -11 -23 -47 -41 -44 -34 -24 -22 -20 -16 -12 -10 -2 6 17 19 27 35 35 25 18 0 -3 6 5 12 15 16 21 25 30 30 30 49 40 45 50 51 52 52 50 50 51 51 51 51 55 57 45 52 62 55 57 54 53 46 48 56 58 64 60 71 74 75 70
-2 -10 -28 -20 -15 -7 2 10 -8 -23 -17 -14 -14 -19 -27 -21 -13 -19 -31 -26 -12 -25 -25 -32 -38 -27 -14 -14 -22 -34 -25 -16 -26 -41 -36 -27 -23 -22 -9 -5 -1 4 0 4 7 4 14 29 25 9 4 4 -11 -5 -5 1 5 8 13 16 23 22 28 30 35 40 46 45 45 42 42 42 42 34 35 48 43 45 54 53 50 45 50 62 61 63 67 49 55 54 64 68 67 65 64 75
-1 -9 -26 -24 -18 -20 -4 7 -9 -28 -21 -17 -20 -23 -28 -23 -21 -28 -27 -17 -29 -48 -38 -35 -24 -20 -13 -21 -35 -39 -24 -27 -27 -39 -32 -22 -15 -9 -20 -15 -11 -9 -5 -5 -8 3 32 33 10 -5 -16 -9 -13 -12 -10 -4 -4 -1 5 9 14 25 35 39 42 42 38 40 40 25 27 32 27 17 32 30 33 36 42 47 38 39 45 54 52 52 55 57 58 61 65 60 52 54 58 60
0 -10 -24 -30 -26 -17 -11 3 3 -10 -9 -10 -16 -18 -22 -28 -21 -25 -31 -23 -37 -28 -27 -23 -17 -16 -29 -33 -27 -24 -38 -45 -39 -51 -39 -31 -28 -32 -30 -29 -26 -19 -21 -16 -6 9 33 23 5 -13 -11 -6 -13 -5 5 10 10 13 21 22 29 39 35 31 35 35 34 36 37 31 23 19 18 15 25 18 23 23 28 37 45 47 47 52 52 55 55 58 55 58 58 56 55 49 48 52
-2 -14 -18 -16 -22 -24 -14 -6 3 4 -4 -13 -20 -14 -20 -17 -14 -17 -25 -36 -30 -36 -30 -28 -30 -20 -13 -17 -21 -16 -28 -36 -36 -32 -36 -31 -22 -30 -30 -24 -21 -28 -27 -17 -8 9 32 12 -8 -10 -7 -1 2 7 11 17 21 25 34 32 32 32 27 29 29 31 28 26 32 26 26 9 6 2 7 16 27 27 27 32 39 47 49 52 51 53 56 54 55 50 49 51 51 50 48 50
0 -10 -2 -7 -15 -24 -20 -12 -8 -6 2 -2 -2 -6 -11 -12 -17 -15 -27 -35 -27 -21 -17 -12 -17 -14 -5 -2 -2 -2 -13 -21 -18 -14 -18 -14 -12 -7 -9 -7 -17 -6 0 -2 7 28 27 15 -7 -17 -15 -7 -5 0 9 18 29 25 30 15 21 21 22 21 27 27 20 18 22 12 19 22 11 7 12 15 25 30 32 36 42 41 42 47 51 51 50 48 51 52 49 49 52 47 45 46
2 7 2 -3 -8 -20 -27 -22 -16 -14 -12 -12 -15 -22 -19 -26 -26 -24 -29 -37 -29 -29 -28 -16 -7 -3 -9 -10 -8 -2 3 2 9 9 7 8 9 13 15 13 11 15 21 21 20 9 17 7 -10 -9 -4 6 14 9 14 18 22 14 4 9 21 15 11 15 19 14 9 12 18 4 9 14 18 20 21 22 27 32 36 32 34 40 45 47 46 48 47 47 48 47 49 52 54 52 47 47
19 14 9 0 -9 -18 -31 -27 -24 -22 -25 -27 -22 -27 -21 -22 -31 -25 -22 -37 -28 -22 -20 -11 -6 -16 -25 -27 -21 -14 -8 -11 0 2 -5 -3 -11 -1 -5 -12 -14 -8 -7 -8 0 8 18 -1 -14 -5 2 6 15 21 22 19 19 5 2 7 10 14 3 5 10 8 -1 2 2 -1 -2 3 12 19 22 27 28 27 29 33 36 39 40 41 43 46 48 47 48 51 52 53 54 57 54 56
21 12 6 -1 -11 -19 -27 -21 -15 -18 -26 -22 -15 -7 -15 -11 -23 -12 -27 -32 -24 -16 -13 -6 -10 -23 -35 -39 -30 -21 -11 -14 -11 -2 -21 -29 -20 -14 -28 -31 -25 -15 -1 2 1 8 4 -15 -9 -3 7 11 6 -1 6 12 15 9 1 -1 1 4 -6 -7 -3 -3 -8 -18 -8 -7 -17 -5 5 12 18 26 22 20 17 19 25 28 31 32 42 47 48 50 50 50 54 55 58 56 60 59
16 14 8 0 -11 -15 -13 -13 -7 -15 -12 -14 -10 -4 -6 -11 -17 -26 -30 -32 -25 -20 -27 -22 -17 -29 -39 -31 -22 -17 -24 -24 -9 -10 -7 -13 -31 -36 -36 -27 -18 -12 -4 -18 -14 9 0 -11 -5 2 5 2 -6 -4 5 3 7 9 2 -3 -8 -5 -7 -2 -11 -4 -6 -12 -8 7 4 -3 4 16 12 10 18 22 18 21 20 17 20 22 41 46 49 49 51 53 55 54 56 60 60 64
25 19 12 4 -5 -9 -2 1 -7 -6 -4 -1 0 -9 -20 -26 -33 -26 -22 -28 -29 -30 -32 -27 -26 -29 -32 -33 -33 -32 -25 -12 -6 -28 -33 -14 -26 -35 -31 -25 -15 -10 -22 -23 -9 5 -10 -18 -10 -3 0 -5 -4 1 -3 -1 2 -3 -7 -8 -4 5 13 19 14 13 6 7 1 12 11 24 14 24 21 10 21 33 39 35 22 23 30 28 37 45 49 52 53 55 55 57 58 60 62 65
24 24 17 10 3 1 0 7 10 5 6 -1 -7 -12 -19 -27 -27 -19 -17 -15 -33 -26 -20 -28 -27 -19 -23 -37 -28 -18 -15 -24 -26 -34 -31 -21 -34 -33 -24 -19 -11 -9 -26 -18 -5 0 -21 -24 -11 -7 -9 -15 -13 -7 -13 -7 1 -3 -8 -13 -4 1 10 20 22 27 32 26 23 26 35 32 37 33 27 16 10 18 29 41 32 37 38 42 46 47 48 50 53 55 55 56 62 63 67 67
24 24 19 11 13 13 15 11 3 -2 -2 -4 -13 -20 -25 -25 -22 -19 -12 -10 -22 -22 -18 -12 -17 -12 -17 -34 -39 -33 -26 -54 -35 -30 -28 -34 -48 -32 -22 -17 -15 -24 -25 -18 -15 -1 -21 -26 -16 -8 -13 -22 -16 -19 -19 -11 -3 -19 -21 -15 -12 4 11 10 9 19 26 31 35 35 38 41 39 39 41 29 19 14 30 37 46 50 46 44 48 50 53 53 52 53 54 54 59 57 61 58
23 24 19 18 18 16 9 0 -8 -11 -10 -9 -10 -15 -18 -17 -15 -14 -11 -5 -12 -13 -7 -4 -12 -15 -20 -35 -30 -22 -42 -52 -49 -45 -46 -48 -38 -27 -17 -23 -23 -30 -29 -24 -7 -7 -19 -28 -18 -12 -24 -26 -23 -25 -22 -11 -15 -28 -22 -6 -3 5 -2 -2 0 9 14 19 24 29 35 40 41 39 43 43 37 31 41 46 53 51 53 51 53 49 46 54 56 59 57 59 60 54 50 54
23 23 21 19 18 19 13 5 0 -10 -8 -1 -1 -7 -7 -8 -9 -7 -6 -2 6 -1 -2 -16 -18 -26 -31 -38 -25 -19 -34 -45 -45 -40 -31 -40 -44 -25 -22 -33 -33 -34 -34 -24 -2 -15 -38 -29 -21 -17 -20 -31 -33 -28 -17 -12 -28 -31 -23 -16 -16 -9 -10 -5 -1 7 14 19 23 28 37 39 41 43 43 42 46 46 51 52 49 51 49 44 41 48 50 51 53 56 60 59 55 52 43 39
18 20 20 19 19 19 19 11 10 5 2 6 5 4 2 3 3 -1 4 7 0 -11 -17 -22 -23 -35 -33 -26 -16 -15 -26 -30 -44 -28 -21 -31 -43 -33 -28 -40 -36 -28 -29 -18 -5 -21 -38 -33 -34 -28 -40 -41 -32 -23 -18 -35 -41 -31 -28 -26 -16 -10 3 6 12 13 19 24 23 26 32 34 36 38 38 41 44 45 43 49 45 44 43 39 42 48 47 50 53 56 56 57 55 53 45 40
15 16 19 19 19 19 18 18 17 15 13 9 10 11 15 12 15 14 9 -1 -5 -11 -14 -11 -19 -19 -20 -32 -13 -13 -30 -31 -35 -25 -16 -31 -49 -41 -38 -36 -32 -26 -17 -12 -10 -23 -36 -34 -40 -38 -44 -44 -35 -24 -38 -46 -39 -28 -20 -16 -12 2 12 16 19 22 23 25 30 28 32 32 34 36 35 35 38 42 45 42 40 39 42 43 45 46 39 43 51 53 54 53 52 52 50 43
18 19 19 19 19 16 19 19 19 18 17 17 16 17 16 16 16 15 11 12 12 11 7 10 9 -4 2 -10 -5 -8 -7 -11 -7 -11 -21 -28 -41 -42 -32 -25 -22 -16 -16 -19 -12 -15 -20 -26 -32 -40 -47 -47 -35 -39 -43 -34 -24 -17 -9 -5 -1 2 10 10 16 20 18 23 23 25 29 30 32 37 34 31 31 36 40 40 35 37 40 43 44 44 44 45 51 54 50 51 49 47 48 44
