test/HelianthusTinyTest/asciifiles/nabio_10.asc
ncols  170
nrows  166
xllcorner  -106.083333333333
yllcorner  39.5916666666667
cellsize 0.00833333333332943
NODATA_value  -9999
[rows 86 to 128 of 166, columns 0 to 95 of 170]
123 119 116 117 110 104 100 91 84 84 88 91 96 98 101 102 103 105 102 97 96 103 116 118 122 123 124 124 124 125 127 130 129 127 127 114 103 95 92 85 79 72 69 89 87 86 95 95 87 83 76 67 63 69 68 49 45 69 59 69 80 95 110 115 119 125 127 129 124 120 119 125 129 138 144 146 145 146 140 145 148 152 152 135 140 153 156 163 172 174 176 182 187 186 191 187
122 127 112 110 112 106 100 96 91 91 93 95 100 101 103 105 100 101 106 107 101 103 109 114 121 125 124 124 126 130 129 131 131 131 117 109 103 102 97 87 79 80 72 70 73 78 83 93 65 73 65 65 72 52 57 66 57 48 57 72 89 100 114 116 122 126 128 132 134 127 127 123 131 139 144 141 143 134 134 139 151 149 154 137 146 154 157 155 170 175 176 172 188 186 192 195
116 124 122 112 110 109 103 99 94 97 101 104 104 108 104 110 106 108 111 116 110 108 111 110 127 126 126 124 130 130 130 120 130 130 127 124 126 118 102 92 87 90 85 83 74 70 82 75 58 50 47 76 76 77 72 82 74 75 70 71 79 94 107 115 121 126 130 132 132 137 134 127 128 137 140 137 135 135 137 141 154 157 163 161 165 169 174 169 174 179 187 185 186 188 193 196
112 122 124 121 110 112 104 101 102 102 107 110 109 114 115 114 112 113 119 119 122 119 117 117 122 128 127 128 130 130 117 114 109 112 124 125 112 125 124 110 108 103 103 94 93 88 83 81 69 61 71 81 84 83 78 78 85 91 88 81 87 96 104 111 120 126 131 127 126 132 135 135 130 135 133 130 137 138 137 147 163 165 170 169 167 167 168 173 179 181 181 181 180 188 193 196
116 119 119 126 117 113 105 107 107 105 111 116 111 112 119 119 114 118 121 123 125 125 120 123 124 128 128 130 130 130 124 118 115 104 100 101 104 99 96 103 108 95 75 82 82 90 90 95 87 70 71 79 92 92 90 82 83 93 98 100 102 103 104 117 124 134 135 136 130 132 131 135 137 139 146 139 138 149 139 150 163 160 172 177 177 175 177 179 175 170 171 181 182 184 183 188
115 112 117 127 119 121 114 119 109 108 119 120 108 116 123 123 112 119 126 127 123 125 127 124 126 127 127 129 130 129 128 122 114 107 98 89 96 97 91 92 107 100 80 81 76 73 74 78 82 65 80 83 89 96 101 99 104 97 100 104 107 111 131 131 132 134 132 134 136 134 140 147 147 150 146 157 150 159 155 155 165 156 169 176 169 177 174 169 166 170 171 178 187 188 191 197
110 114 120 115 128 124 123 115 110 118 123 116 118 122 126 124 116 122 126 128 129 127 128 128 129 127 128 127 130 131 128 122 120 115 105 94 92 94 90 85 96 97 95 92 81 74 71 61 62 58 59 71 80 90 97 103 107 110 110 112 123 123 120 122 126 127 132 134 136 140 137 130 127 131 137 135 143 151 142 158 165 171 164 161 162 161 163 159 159 173 182 187 188 194 196 189
110 115 112 109 109 120 124 118 115 124 118 114 124 126 126 124 117 119 127 129 130 130 130 128 131 129 130 125 123 125 131 125 121 117 114 114 104 92 88 85 85 83 84 99 93 86 79 71 65 70 69 75 85 94 100 97 100 100 116 117 123 104 101 112 120 126 130 132 134 139 129 129 130 119 126 124 141 147 149 155 158 154 149 144 150 147 153 146 161 170 190 181 182 191 189 185
114 114 106 107 106 117 123 131 128 130 116 120 129 122 117 122 122 124 124 128 128 130 131 129 132 131 131 129 123 120 123 131 125 122 116 115 109 101 95 89 86 76 66 85 90 91 83 84 68 66 74 85 74 73 81 88 94 97 103 102 98 91 95 103 113 117 131 133 135 138 131 134 136 139 140 142 144 150 154 152 152 148 143 142 140 148 161 172 174 179 185 171 183 183 178 178
103 102 103 101 106 111 111 120 132 133 131 130 130 124 122 120 121 126 130 128 131 131 132 132 131 132 132 131 129 124 122 132 132 116 113 104 109 101 100 98 84 83 72 79 78 92 83 75 60 59 66 65 60 62 75 90 93 99 100 98 91 82 86 97 100 110 125 128 122 128 125 125 134 139 140 137 138 147 149 152 148 140 138 140 139 148 159 172 175 172 164 166 168 170 172 179
101 99 100 99 100 103 109 120 126 129 133 134 129 128 124 123 121 128 131 132 130 130 132 131 131 132 132 132 132 129 125 130 125 120 113 104 95 85 87 79 79 88 79 66 73 82 90 75 58 54 66 77 75 83 87 90 96 96 87 93 87 82 88 97 106 115 123 118 109 110 116 120 129 137 138 140 145 148 152 152 159 154 153 154 161 162 166 158 172 159 157 165 167 171 174 182
105 108 104 107 102 103 114 117 118 128 131 134 135 130 126 125 126 128 132 133 126 125 132 131 131 132 132 132 132 129 133 133 124 121 115 108 97 89 81 77 71 92 88 82 76 73 73 85 77 60 69 82 82 91 93 80 79 85 76 66 76 81 87 97 106 114 114 106 101 113 123 129 133 135 139 144 145 141 144 146 151 157 153 155 151 148 154 162 154 150 152 166 174 178 180 187
102 100 116 117 111 101 103 111 113 122 130 135 133 135 129 131 131 132 134 135 133 122 124 132 132 132 132 132 132 133 133 125 124 122 119 116 104 96 90 87 89 99 96 90 82 76 75 84 86 71 62 71 76 83 91 95 97 87 77 82 86 84 91 95 98 106 101 96 106 118 124 129 135 140 140 140 133 133 138 145 147 145 145 147 151 152 157 154 141 147 162 173 175 185 184 183
110 105 108 113 116 109 105 111 115 126 128 121 128 131 132 135 136 136 138 136 133 132 124 132 132 133 132 132 133 133 133 133 132 120 120 117 112 104 96 100 105 101 88 84 82 86 95 90 83 78 71 63 70 70 74 82 94 101 96 91 97 102 102 98 106 99 102 106 109 119 123 129 136 139 134 130 132 138 137 135 141 142 143 147 145 152 151 144 141 160 169 180 180 185 189 190
111 111 113 122 123 111 105 114 121 122 129 121 118 122 128 125 131 130 138 137 134 133 133 133 133 135 134 133 133 132 133 132 132 132 133 133 124 116 114 107 93 91 86 80 99 99 88 82 90 85 69 83 84 82 71 78 89 97 105 107 105 110 112 113 107 113 113 115 122 123 125 124 126 125 127 129 133 136 132 135 138 137 140 143 146 150 148 137 137 148 162 176 175 189 189 193
113 125 112 121 126 113 106 116 125 126 133 129 123 123 129 131 134 130 132 138 137 134 136 134 131 134 133 128 128 133 133 126 122 132 133 133 133 133 128 104 99 93 84 79 102 92 85 92 90 108 95 90 90 86 73 80 87 92 99 101 105 104 107 110 113 111 120 127 128 129 128 126 126 127 126 127 130 133 130 131 143 150 153 139 144 147 146 140 144 148 157 173 185 188 194 195
122 127 127 128 131 118 122 121 130 131 136 136 132 133 132 135 136 137 136 140 139 139 139 134 127 126 132 131 126 122 126 123 115 119 123 119 124 119 133 132 110 98 93 97 107 102 91 105 112 109 109 104 94 80 71 81 85 92 98 86 95 100 105 108 111 112 113 117 119 120 123 125 129 131 132 131 131 131 132 132 134 148 159 152 154 149 147 151 152 155 171 176 181 191 186 195
123 125 126 127 133 125 123 132 136 137 143 139 137 134 138 139 139 140 140 139 139 134 134 133 130 125 126 130 127 124 120 117 110 105 110 112 114 115 118 132 132 112 104 111 118 115 114 117 98 86 85 93 95 69 76 86 85 77 79 86 94 97 105 108 110 111 114 118 118 123 127 124 127 125 122 127 127 131 138 141 146 154 158 162 166 161 160 165 163 169 173 173 180 189 185 193
134 137 137 125 139 140 143 143 142 142 138 143 142 141 141 142 141 140 140 135 135 135 133 133 130 128 124 125 128 123 119 117 115 116 113 113 116 115 116 121 132 132 127 127 117 118 103 118 93 85 77 82 90 72 78 74 58 62 70 79 85 93 96 102 104 106 109 111 116 119 124 124 125 121 124 127 129 132 138 132 133 143 150 155 155 156 161 166 169 176 175 178 175 182 185 193
136 137 144 144 144 144 143 134 131 132 130 139 142 141 141 141 137 137 137 135 134 133 133 133 132 128 122 119 127 126 117 115 120 113 109 111 103 104 113 114 116 128 126 114 100 89 98 94 106 102 85 79 83 69 71 62 59 70 75 77 87 90 93 99 100 105 107 109 114 115 119 121 124 123 127 127 133 133 134 130 125 132 141 150 140 144 150 163 176 168 165 169 176 181 181 196
141 144 144 139 141 130 129 125 125 125 123 132 137 139 141 141 141 137 137 137 134 133 133 132 132 131 125 116 122 124 124 123 122 118 116 108 102 101 100 102 108 116 126 124 103 93 80 84 89 92 101 88 87 70 68 76 81 84 90 90 94 95 98 100 101 104 106 105 112 115 117 121 121 125 126 127 128 131 130 129 125 128 136 137 143 159 169 165 168 164 166 170 174 178 182 194
142 135 134 137 133 129 123 118 120 117 116 126 132 136 138 141 141 140 139 139 139 139 138 130 132 135 128 121 120 125 119 118 117 110 107 108 108 104 98 95 96 103 106 114 120 101 86 73 82 84 94 86 81 66 63 74 76 84 85 94 95 97 97 99 99 99 103 107 110 113 119 119 120 121 126 129 129 139 141 142 142 142 148 154 157 162 159 146 154 159 166 170 174 175 186 197
142 139 133 128 125 127 124 118 113 116 119 124 131 136 137 137 138 139 139 138 138 128 137 138 127 124 116 125 125 117 111 111 116 115 110 108 106 107 103 98 99 100 104 99 102 116 93 80 66 80 90 95 63 60 71 87 87 90 91 91 91 92 92 93 94 94 99 109 115 116 118 123 126 124 131 137 141 143 143 149 146 154 143 131 141 146 154 150 148 160 168 175 183 182 187 197
134 139 138 132 128 115 114 114 112 112 112 120 125 131 136 137 139 139 138 138 132 133 136 130 132 125 115 115 116 111 107 105 114 116 109 102 100 98 98 100 100 99 101 96 95 102 113 78 67 77 69 75 62 71 76 70 85 82 81 81 84 89 92 84 87 95 107 117 119 117 122 128 132 138 135 135 134 127 126 132 136 133 145 141 149 154 160 163 165 172 175 176 185 191 193 196
128 128 129 127 125 124 118 107 106 112 115 116 118 125 134 137 137 137 137 138 129 133 129 126 130 124 119 119 116 112 110 106 112 113 108 104 100 99 99 102 102 100 99 89 85 95 105 98 81 81 79 61 56 61 71 75 73 75 72 77 79 80 81 80 94 98 109 112 120 125 125 124 128 127 128 130 128 128 127 135 138 142 149 151 162 165 161 165 165 169 174 173 180 182 194 198
113 118 119 115 113 113 121 123 125 127 124 122 122 128 133 137 136 137 132 129 126 131 127 128 123 122 118 117 114 112 108 109 114 115 113 109 106 102 100 97 99 101 101 97 92 85 91 102 104 94 90 86 74 59 60 62 75 86 87 84 87 87 84 92 100 102 108 112 115 119 120 123 126 127 131 130 139 136 143 145 141 146 152 161 164 169 170 170 167 168 169 170 176 187 195 197
119 114 111 107 105 107 115 125 129 129 132 129 131 135 135 136 136 137 133 123 122 128 120 123 130 117 120 120 118 115 114 114 117 118 116 113 107 102 99 94 99 99 100 97 91 80 86 89 95 95 75 72 80 72 82 65 69 77 90 94 94 94 96 98 103 109 113 118 118 118 120 131 138 139 145 144 146 147 148 158 155 157 159 161 163 172 174 179 179 178 175 174 174 171 197 199
118 118 115 113 107 107 109 119 127 131 133 133 134 133 133 134 134 136 135 126 124 120 117 117 121 128 124 126 118 115 113 121 115 116 116 111 106 100 96 95 96 97 95 94 95 89 82 78 88 91 86 59 60 67 79 90 92 94 98 99 99 98 97 97 102 110 114 119 118 117 120 121 131 138 135 131 132 141 142 131 141 143 149 151 154 156 160 167 182 183 184 181 185 184 193 200
130 128 121 122 111 107 106 109 121 126 130 131 130 132 133 131 133 135 129 127 122 115 115 117 123 128 130 123 121 117 114 121 123 121 118 111 107 99 97 93 97 98 95 89 85 91 82 77 84 81 78 59 61 67 68 73 77 80 86 92 96 100 104 101 101 107 114 120 118 119 119 123 123 126 129 130 131 132 133 138 141 146 152 157 160 164 166 170 177 181 191 179 185 190 197 201
127 121 117 118 122 117 103 103 112 119 124 128 129 132 126 123 128 128 128 127 125 119 119 122 119 117 124 129 122 124 120 122 126 119 121 115 115 109 105 105 98 96 98 93 83 78 79 66 77 77 84 80 64 61 60 66 67 73 88 97 97 100 105 106 105 109 115 121 124 122 124 128 130 134 135 139 141 141 145 149 150 150 150 160 161 162 168 174 177 179 188 188 190 198 201 202
124 117 116 114 116 121 112 104 108 111 121 122 128 129 121 116 123 127 127 127 127 123 121 124 123 129 121 128 133 126 121 127 123 123 124 119 113 108 102 103 101 100 102 95 83 84 67 74 76 78 85 93 96 83 72 72 73 84 90 97 99 101 105 109 108 117 120 130 130 125 127 130 133 136 139 139 141 144 147 146 152 155 154 164 176 175 175 180 182 187 185 184 172 172 185 198
125 122 116 112 111 115 117 119 101 107 115 119 123 126 125 113 119 123 124 125 124 123 128 129 129 130 130 132 132 132 133 131 131 129 126 123 120 116 112 110 107 104 102 99 89 94 80 63 64 77 77 85 87 97 102 83 82 88 96 99 103 105 104 107 109 120 127 132 135 133 132 132 135 136 140 140 143 141 142 145 148 139 146 156 164 156 163 169 174 169 163 175 167 171 182 188
135 128 121 116 109 106 116 117 103 101 108 113 116 123 120 119 121 124 125 125 127 126 126 128 129 129 130 131 130 131 132 131 132 131 130 129 124 117 116 111 109 109 108 97 100 98 76 66 71 73 77 82 79 86 102 99 86 93 99 101 105 100 105 112 118 126 129 132 133 133 136 134 138 139 138 136 140 144 146 142 138 138 139 144 150 155 158 157 163 159 159 157 163 157 163 185
132 130 125 122 112 107 110 113 111 99 103 108 112 112 113 117 124 123 124 125 126 127 126 128 129 130 129 130 131 129 131 131 130 128 130 130 128 124 121 114 110 107 107 102 97 90 80 74 74 83 90 82 83 86 91 96 108 93 98 98 101 105 106 111 111 123 128 130 133 134 131 130 134 135 138 137 139 134 134 136 140 143 139 133 131 140 143 145 148 148 149 151 152 151 152 176
128 126 121 118 115 110 108 110 109 107 98 101 105 109 117 117 113 119 108 122 120 123 125 127 128 128 129 130 127 128 131 131 130 127 127 129 129 127 124 118 114 103 101 93 89 83 79 75 84 89 94 96 95 98 94 92 99 109 103 99 101 105 112 119 124 125 127 127 130 132 133 135 141 138 136 130 131 135 137 138 139 146 145 140 135 137 142 149 151 149 156 153 151 157 160 171
122 127 126 118 112 109 104 105 107 105 104 98 98 105 109 112 111 114 104 104 113 121 124 124 125 126 128 130 127 126 128 130 129 125 124 126 128 128 123 115 110 106 104 99 96 89 81 74 86 74 85 86 97 100 106 99 101 110 108 101 104 109 115 120 126 130 129 132 136 137 138 135 130 132 127 124 132 137 140 144 145 145 149 147 144 148 151 154 157 155 161 161 162 154 149 163
114 117 121 122 121 116 109 106 105 105 103 99 94 96 101 104 107 111 103 98 106 117 120 121 124 126 129 127 126 126 126 128 128 126 123 123 128 127 123 118 113 109 106 100 91 84 71 67 76 84 87 88 93 97 104 109 109 116 116 122 114 115 114 115 130 131 131 128 130 129 129 127 129 131 130 131 133 137 138 139 142 144 148 148 153 156 158 154 159 160 166 166 166 151 142 163
111 114 113 116 121 116 113 106 104 101 100 97 97 96 96 97 102 106 108 108 111 110 121 123 124 125 124 125 125 125 127 127 128 125 123 122 121 126 123 121 116 112 105 101 94 82 71 83 81 90 94 95 96 95 94 97 99 110 104 113 118 127 128 124 128 131 126 126 128 129 130 129 128 127 130 132 131 132 137 139 144 144 146 147 150 157 158 161 160 165 162 169 170 163 153 160
119 115 110 111 112 112 111 108 106 103 108 104 104 104 106 110 112 113 119 117 117 119 122 119 122 123 123 124 125 125 126 127 127 127 127 120 119 120 121 118 115 111 106 104 95 85 83 75 84 74 76 89 87 90 93 94 98 98 101 109 114 117 113 109 114 116 122 127 129 129 129 133 134 130 133 134 137 139 136 136 138 144 147 152 155 155 155 161 167 164 167 172 176 177 172 174
115 111 106 106 107 108 109 107 107 108 108 105 105 102 100 105 107 108 106 107 110 115 112 112 118 121 121 123 123 122 126 124 123 122 124 125 121 117 116 115 107 112 105 101 99 91 84 80 75 86 88 92 95 101 102 104 107 108 112 112 110 108 108 107 111 116 119 123 128 128 128 129 132 134 136 137 134 133 137 140 138 134 135 137 143 147 155 153 154 157 161 166 168 181 178 183
113 110 110 113 112 109 107 106 109 105 104 105 103 96 95 100 97 98 93 101 112 106 103 114 119 121 121 119 116 118 122 121 118 121 120 124 124 116 112 112 105 97 100 101 95 90 83 74 80 89 90 92 90 91 93 98 100 107 110 115 110 110 106 112 115 116 119 125 128 130 128 126 130 133 137 132 131 131 131 134 135 130 127 128 133 139 143 147 150 155 153 154 157 166 160 158
113 110 112 116 113 113 108 110 112 109 113 109 105 98 93 90 91 91 97 97 98 105 108 112 119 118 116 112 114 119 122 117 115 117 120 121 124 118 111 108 105 104 96 94 97 89 81 76 87 91 97 96 97 97 94 97 101 109 123 124 124 119 116 119 122 124 123 126 128 128 133 129 132 132 131 128 134 126 126 125 123 130 124 125 130 137 142 143 144 138 136 145 156 155 144 152
117 122 125 125 122 114 116 111 112 107 106 106 106 109 98 92 86 84 90 101 103 109 114 118 119 115 112 111 115 114 119 111 112 116 117 113 120 116 112 106 102 102 99 92 91 86 80 78 85 89 103 103 115 113 115 115 117 122 122 119 119 125 119 112 114 118 122 123 123 128 127 125 117 126 127 131 130 123 121 115 116 119 125 123 125 129 140 143 146 141 138 143 148 144 149 156
