test/HelianthusTinyTest/asciifiles/nabio_2.asc
ncols  170
nrows  166
xllcorner  -106.083333333333
yllcorner  39.5916666666667
cellsize 0.00833333333332943
NODATA_value  -9999
[rows 84 to 125 of 166, columns 0 to 93 of 170]
161 164 163 160 159 155 147 142 139 131 128 132 135 142 145 146 149 144 141 147 153 156 155 160 163 167 168 168 168 169 168 164 161 157 153 155 159 163 157 141 135 136 129 144 151 128 122 113 114 120 116 121 126 137 125 115 113 118 125 129 133 141 147 154 155 155 154 147 141 142 149 152 154 156 156 156 155 155 155 155 155 155 156 155 155 155 156 156 155 156 156 156 156 157
165 162 161 159 156 155 148 140 134 130 136 134 138 142 147 149 151 148 144 143 147 157 162 162 165 168 168 168 168 169 168 168 167 161 165 166 166 153 147 134 126 126 135 134 143 149 137 125 114 113 110 115 124 129 123 111 112 118 124 129 136 139 145 152 155 156 156 155 151 143 150 148 155 156 156 156 156 156 156 155 155 156 155 154 154 155 155 156 156 156 157 157 157 157
166 164 162 163 158 152 148 140 133 133 137 139 144 146 149 151 151 153 151 145 144 150 162 164 167 168 168 168 168 168 167 166 167 167 166 159 149 142 139 133 128 122 121 135 134 133 140 141 134 131 125 120 117 120 120 109 107 120 114 120 128 139 150 153 155 157 156 157 155 154 153 155 155 156 156 156 156 156 155 155 155 155 155 154 154 155 155 156 157 157 157 157 158 158
165 167 159 158 159 155 149 144 139 139 142 144 148 149 151 153 149 149 154 155 149 151 157 162 167 167 168 168 168 166 166 166 166 165 162 156 149 149 143 134 128 129 123 121 123 127 131 140 118 123 118 118 122 111 113 119 113 108 113 122 134 143 153 154 156 157 157 157 157 156 156 154 156 156 156 156 156 155 155 155 156 155 156 154 155 155 155 155 156 157 157 156 158 158
162 166 165 159 158 156 152 148 142 145 149 152 153 156 152 158 154 156 159 162 157 156 158 158 167 167 168 168 166 166 166 166 166 166 166 166 166 163 148 139 135 137 132 131 124 121 130 125 114 109 108 125 125 126 122 129 123 124 121 121 127 139 149 153 156 157 157 157 157 157 157 155 156 156 156 156 156 156 156 156 156 156 157 156 156 157 157 157 157 157 158 158 158 158
159 165 166 165 158 159 152 149 151 150 156 158 157 161 161 161 160 160 165 165 167 165 164 164 167 167 167 167 166 166 162 160 157 158 166 166 158 166 165 156 154 149 149 140 139 135 131 129 121 116 121 129 130 130 126 126 132 136 134 129 133 140 147 151 155 157 158 157 156 157 157 157 156 157 156 155 156 156 156 156 157 157 158 157 157 157 157 157 157 157 157 157 157 158
161 163 164 167 163 160 153 155 155 153 159 163 159 159 164 165 161 164 166 167 167 167 165 167 167 167 166 166 166 166 167 164 161 151 147 147 151 146 142 149 153 141 124 130 129 136 136 141 134 121 122 128 138 138 136 130 130 138 142 144 145 146 147 154 157 158 158 158 157 157 157 157 157 157 157 156 156 156 156 156 157 157 158 158 158 158 158 157 157 157 157 157 157 157
161 159 163 167 164 165 161 164 156 156 164 165 156 163 166 166 160 165 167 167 167 167 167 167 167 167 167 166 166 166 166 166 160 153 145 136 143 143 137 139 153 146 128 129 125 123 123 127 130 118 128 130 135 141 145 143 148 141 143 147 149 151 159 159 159 158 158 158 158 157 158 158 158 157 157 158 157 158 157 157 158 157 158 158 157 158 157 157 156 157 157 157 158 157
158 160 164 160 167 166 166 162 158 163 166 162 164 166 167 166 163 166 166 166 166 167 166 166 166 166 166 166 165 165 166 166 165 161 151 141 139 141 136 132 142 143 141 138 128 123 121 116 116 114 115 121 128 136 142 147 150 152 151 153 158 158 156 156 157 157 158 158 158 158 158 157 156 156 157 156 157 157 156 158 158 158 157 157 157 157 157 156 156 157 157 158 158 159
157 161 159 157 157 165 166 163 161 166 164 162 166 166 167 166 164 165 167 166 166 166 166 166 165 166 165 166 166 167 165 166 165 162 159 159 151 139 135 132 131 131 132 145 140 133 127 122 118 121 120 124 132 139 146 142 145 144 156 156 158 148 145 152 156 157 158 158 158 158 157 156 156 153 155 155 157 157 157 157 158 157 157 156 156 156 156 156 157 157 158 157 157 158
161 160 154 155 154 163 166 168 167 167 163 165 167 165 164 166 166 166 166 166 166 166 165 166 165 165 165 165 166 164 166 165 166 165 161 160 156 148 141 136 133 125 119 132 137 137 131 131 120 118 123 131 123 122 129 134 139 142 147 146 141 136 139 146 152 153 158 158 158 158 157 157 158 157 158 158 157 158 158 157 157 157 156 156 156 156 157 158 158 158 158 157 157 157
152 150 151 149 154 158 158 165 168 168 168 167 167 166 165 165 165 166 166 166 166 166 165 165 165 165 164 165 166 166 165 165 164 162 159 150 155 147 146 144 131 130 122 127 126 138 130 124 115 115 118 118 115 116 124 135 138 143 144 142 136 128 132 141 144 150 157 157 155 157 156 156 157 158 158 157 157 157 157 158 157 156 156 156 156 156 157 158 158 157 157 157 157 156
149 147 148 147 148 151 157 164 167 167 168 168 167 167 166 166 165 166 166 166 166 166 165 165 165 165 164 164 164 165 166 165 166 164 159 151 142 133 134 128 128 134 128 118 122 130 136 124 114 112 118 125 124 130 133 135 141 141 132 137 133 129 133 141 148 153 156 154 149 150 153 154 157 158 157 157 158 158 158 158 158 158 157 157 158 158 158 157 158 157 157 157 157 157
152 156 152 155 150 151 161 163 164 167 168 168 168 167 166 166 166 166 166 166 166 166 165 165 165 165 165 164 164 165 165 165 166 164 161 154 143 136 129 125 122 138 134 129 125 122 122 131 125 115 120 129 129 137 138 128 126 131 125 118 124 128 132 140 148 153 153 147 143 151 155 157 157 158 158 158 158 158 158 158 158 158 158 158 157 157 157 158 157 156 156 157 157 157
150 148 162 162 158 149 151 158 159 166 167 168 168 168 167 167 167 166 167 167 166 166 166 165 165 165 165 165 165 165 165 165 165 164 163 161 150 142 137 134 136 145 142 136 128 125 124 130 133 121 116 121 125 130 137 140 142 133 125 128 132 130 135 140 142 148 144 139 147 154 156 157 158 158 158 158 157 157 157 158 158 158 157 157 158 158 157 157 156 157 157 157 157 157
157 152 156 160 162 157 154 158 161 167 167 165 167 167 167 167 167 167 167 167 166 166 166 165 165 165 165 165 165 165 165 165 165 164 163 161 158 150 142 147 151 147 134 131 129 133 140 136 129 126 121 116 121 120 123 130 138 145 140 136 142 145 145 142 148 142 144 148 150 154 156 157 158 158 158 157 157 157 157 157 157 157 157 158 157 158 157 156 156 157 158 158 157 157
158 159 160 165 166 158 153 161 165 166 167 165 164 165 166 166 167 166 167 167 166 166 166 165 165 166 165 165 165 165 165 165 165 165 165 165 164 160 159 153 139 137 133 127 145 144 134 129 135 131 120 129 130 128 121 126 134 142 148 149 148 151 152 153 149 152 152 153 156 156 156 156 157 156 156 156 157 157 157 157 157 157 157 157 157 158 157 156 156 157 158 158 157 158
160 166 158 164 167 160 154 162 166 166 168 167 166 166 167 167 167 166 166 168 167 166 166 166 165 165 165 165 166 165 165 165 164 165 165 165 165 165 165 149 146 138 131 127 147 137 132 138 136 152 140 135 136 132 122 128 133 137 143 145 148 147 149 151 153 151 156 158 158 158 157 157 156 157 156 156 157 157 156 156 158 159 159 157 157 158 157 156 157 157 158 158 158 157
165 167 167 167 168 163 165 165 167 167 168 168 167 167 167 167 168 168 167 168 168 168 167 166 166 165 165 165 165 164 165 165 160 163 164 162 164 162 164 164 155 144 139 143 152 148 137 150 155 153 152 148 139 126 121 127 131 137 142 133 139 144 148 149 152 152 152 155 155 155 156 156 157 158 158 158 157 157 157 156 157 159 159 159 159 158 158 158 158 158 158 158 157 157
166 166 167 167 168 166 166 168 169 169 170 169 169 168 168 169 169 169 168 168 168 166 166 166 166 165 165 165 165 165 163 161 157 152 156 158 159 159 161 164 164 156 150 156 160 158 157 159 144 132 131 138 140 120 124 132 131 125 126 132 138 142 148 150 151 151 153 155 154 156 157 156 157 156 155 156 156 157 158 158 159 159 159 159 159 159 159 159 159 159 158 158 157 157
169 170 170 166 171 171 171 171 171 171 169 170 170 170 169 169 169 169 168 167 167 167 166 166 166 165 165 165 165 165 163 161 160 161 158 158 159 159 160 162 164 164 164 163 160 160 148 159 138 131 125 128 135 121 126 123 113 116 120 126 131 137 140 145 147 148 149 151 153 155 156 156 156 155 155 157 157 157 158 157 157 158 159 159 159 159 159 159 159 159 158 158 158 158
170 170 172 172 172 172 171 168 168 168 167 169 170 170 169 169 168 168 168 167 167 167 166 166 166 166 164 163 165 165 162 160 163 158 155 157 149 150 158 159 160 164 163 158 145 135 143 140 151 146 131 127 128 119 121 116 114 120 123 125 132 135 138 142 144 147 148 150 152 153 154 155 156 156 157 156 158 157 157 157 155 157 158 159 158 158 159 159 159 159 159 159 158 158
172 173 172 170 171 168 167 166 166 166 165 167 169 169 169 169 169 168 168 167 167 167 166 166 166 166 165 162 164 164 164 164 164 162 160 154 148 147 146 148 154 159 163 162 148 138 127 130 135 137 146 133 132 120 119 124 127 130 135 134 138 139 142 144 144 147 148 147 152 153 154 155 155 156 157 157 157 157 157 156 155 156 157 158 158 160 160 160 159 159 159 159 158 158
172 170 169 170 169 167 166 163 164 162 162 166 168 169 169 169 169 169 168 168 168 168 167 166 166 166 166 164 163 165 162 162 161 156 154 154 154 149 145 141 142 149 151 158 161 146 132 122 128 130 139 132 127 118 116 123 124 130 130 138 139 140 141 142 143 142 145 149 150 152 154 154 155 155 157 157 157 159 159 159 159 159 160 160 160 160 160 159 159 159 159 159 159 158
172 171 169 167 166 167 166 163 160 162 163 166 167 169 169 168 169 169 169 168 168 166 167 167 166 165 162 165 165 162 157 157 161 160 155 154 151 153 149 144 145 146 149 144 147 158 138 127 118 127 135 139 116 114 121 133 132 134 136 135 135 136 136 137 138 139 142 150 153 153 154 156 157 156 158 159 160 160 160 160 160 161 159 157 158 159 160 159 159 160 159 159 158 158
169 171 170 169 167 161 160 160 159 159 159 164 166 167 168 168 169 168 168 168 167 167 167 166 166 165 161 160 161 157 153 152 159 161 155 148 146 144 144 146 145 145 146 141 141 147 156 125 118 124 119 123 116 121 124 120 130 128 127 128 129 134 136 130 132 139 148 155 154 154 156 158 158 160 159 159 158 157 156 158 158 158 160 159 160 160 160 160 160 159 159 159 158 157
167 168 167 167 166 166 163 155 154 158 161 162 163 165 168 169 169 168 168 168 166 167 166 165 166 164 163 162 161 158 157 152 158 158 154 149 146 145 144 148 148 146 144 134 130 139 151 143 128 127 126 115 112 115 121 122 122 122 121 125 126 127 127 126 138 142 150 152 156 158 157 157 158 157 157 158 157 157 156 158 159 159 161 161 161 161 161 160 160 160 159 159 158 158
159 163 163 161 160 160 164 165 166 166 166 165 165 167 168 169 168 168 167 166 166 167 166 166 165 164 162 161 159 158 155 155 159 159 158 155 151 148 146 143 145 146 146 142 137 131 136 147 149 140 134 131 122 114 115 116 122 131 132 129 132 132 129 136 143 146 149 152 154 155 155 157 157 158 159 158 160 159 160 160 160 160 161 161 161 161 161 160 160 160 160 160 159 157
163 160 158 155 153 154 161 166 167 167 168 167 167 168 168 168 168 168 167 165 164 166 163 165 166 162 163 163 162 160 158 159 161 161 160 158 153 148 144 139 145 144 145 142 136 126 130 134 140 140 123 121 126 121 128 117 119 124 134 138 137 139 140 142 146 150 153 155 155 155 156 159 161 161 162 161 162 161 161 162 162 162 162 161 161 161 160 160 160 159 160 160 160 159
163 163 161 159 155 154 157 163 167 168 168 168 168 168 168 168 168 168 168 166 165 164 162 161 164 166 165 165 162 160 158 163 159 160 160 156 152 146 141 140 142 143 140 138 141 134 128 125 132 136 131 114 114 118 125 134 136 138 142 142 142 142 141 141 145 150 153 156 155 154 156 156 159 161 160 159 159 161 161 158 160 160 161 161 161 161 161 161 159 159 158 159 158 158
168 167 164 165 158 155 153 156 164 167 167 168 168 168 168 167 168 168 167 166 164 161 161 162 164 166 166 164 163 161 160 162 164 163 161 157 153 145 143 138 142 143 141 134 131 136 128 124 129 127 124 114 115 118 119 121 124 126 131 137 140 143 147 144 145 148 153 156 156 155 155 157 156 158 158 158 159 159 159 160 160 161 162 162 162 162 162 161 160 159 157 159 158 157
167 164 162 163 165 163 150 151 159 164 165 167 167 168 166 165 167 167 166 166 165 163 163 164 163 162 164 166 164 164 163 163 165 162 162 159 159 154 151 150 143 142 143 138 128 125 125 117 124 124 130 126 116 115 115 117 118 122 133 141 142 144 148 148 148 150 153 157 157 157 157 159 159 160 160 161 161 161 162 162 162 162 162 162 162 162 161 161 160 160 158 158 157 156
166 162 162 160 162 165 159 152 155 158 164 165 167 167 164 161 165 166 166 166 166 165 164 165 164 166 164 166 167 165 163 165 164 164 164 162 157 154 147 148 146 145 147 139 128 129 118 121 123 125 130 137 140 128 120 120 121 129 134 141 142 144 148 151 150 155 157 160 160 158 158 160 160 161 162 161 161 162 163 162 163 163 162 162 161 161 161 160 159 159 159 159 160 160
166 165 162 159 158 161 162 164 148 154 160 163 166 166 166 159 163 165 165 166 165 165 166 166 166 166 166 167 167 166 166 166 166 165 164 164 162 159 156 155 152 148 147 144 133 139 125 116 117 124 124 130 132 141 145 129 127 131 140 143 146 147 148 149 150 157 160 161 161 161 160 160 161 161 161 162 162 162 161 162 162 161 162 163 163 163 162 162 161 161 162 160 161 161
170 167 165 162 157 153 161 163 150 148 155 160 162 165 164 163 164 165 165 166 166 166 166 166 166 166 166 167 166 167 166 166 166 166 166 165 164 160 159 156 154 153 153 142 144 143 123 117 120 121 124 127 125 131 146 142 131 137 143 145 147 143 147 152 156 159 160 161 161 161 162 161 162 162 161 161 162 162 162 162 160 161 160 162 162 163 163 162 162 162 162 162 162 162
169 168 166 165 159 154 157 159 158 146 150 155 159 159 159 162 165 165 165 165 166 166 165 166 166 167 166 166 167 166 166 166 166 165 166 165 165 163 162 158 155 152 152 147 142 134 126 122 121 128 134 127 128 131 135 140 151 138 141 142 145 148 149 152 152 158 160 161 161 161 160 160 161 161 162 161 161 160 160 160 161 162 161 159 158 160 161 161 162 162 162 161 162 161
167 167 165 163 161 157 155 157 156 154 144 147 152 156 162 162 159 163 155 164 163 164 165 166 166 166 166 166 166 166 166 166 166 165 165 165 165 164 163 160 158 148 146 137 133 127 124 122 129 133 138 140 139 142 138 136 144 151 146 143 145 148 153 157 158 160 160 160 160 161 161 162 163 162 161 159 159 161 161 161 161 162 162 161 159 160 161 162 162 162 162 162 162 162
165 167 167 163 159 156 151 153 155 152 151 145 145 153 155 159 158 160 151 150 159 164 165 165 165 165 166 166 166 165 166 166 166 164 164 164 165 165 163 159 154 151 149 143 140 133 126 122 130 121 130 130 142 144 149 143 145 152 151 144 147 151 155 157 160 161 161 161 162 162 163 162 160 160 159 157 160 161 162 163 163 163 163 163 162 163 163 163 163 163 163 163 163 162
160 162 165 165 165 162 156 152 152 152 150 146 140 142 148 151 154 157 149 144 153 161 163 163 165 165 166 166 165 165 165 166 165 164 164 163 165 164 163 160 157 154 151 145 135 128 119 118 123 129 131 132 137 142 148 152 152 156 156 159 155 155 154 155 161 162 162 160 161 160 160 159 160 160 160 160 160 161 162 162 162 163 163 163 164 164 164 163 164 163 163 163 163 162
158 160 160 162 165 162 160 152 151 148 147 144 144 142 143 143 148 153 155 155 157 157 164 165 165 165 164 165 165 165 166 165 165 164 163 163 162 164 163 162 159 155 149 146 139 126 119 127 125 133 139 139 141 139 137 140 143 152 147 154 157 161 161 160 160 162 160 160 160 160 160 160 159 159 160 160 160 160 162 162 163 163 163 164 164 164 164 164 164 163 164 163 162 163
164 161 157 158 159 159 158 155 153 151 154 151 151 150 153 156 158 159 163 162 162 163 164 163 164 164 164 164 165 165 165 165 165 165 165 162 161 162 162 161 158 155 151 148 139 128 127 122 127 121 123 132 130 134 136 137 141 142 144 151 155 156 154 151 154 155 158 160 160 160 160 162 162 161 161 161 162 163 162 161 162 163 164 164 165 164 164 164 164 164 163 163 162 161
161 158 153 152 154 155 156 155 153 155 155 152 152 149 147 153 153 155 153 154 156 160 158 157 162 163 164 164 164 163 165 164 164 163 164 164 162 160 159 158 152 155 149 145 144 135 128 124 122 129 132 136 139 145 146 147 150 151 153 153 152 150 150 149 152 155 157 158 160 160 160 160 161 162 162 162 161 161 162 163 162 161 161 161 163 163 164 164 164 164 164 164 163 160
