test/HelianthusTinyTest/asciifiles/nabio_13.asc
ncols  170
nrows  166
xllcorner  -106.083333333333
yllcorner  39.5916666666667
cellsize 0.00833333333332943
NODATA_value  -9999
[rows 110 to 164 of 166, columns 0 to 95 of 170]
47 47 47 48 48 48 50 57 58 54 52 51 51 49 46 46 46 46 46 46 48 47 48 49 48 50 52 53 55 59 60 64 59 59 62 66 69 70 70 67 68 69 70 79 82 74 66 71 84 84 85 92 94 92 89 88 88 88 88 86 85 84 84 85 75 72 64 62 60 59 59 59 59 59 59 59 60 60 60 59 59 58 58 59 60 61 61 61 62 63 64 63 65 65 68 68
52 50 50 51 52 52 49 49 48 48 49 49 50 48 47 46 46 46 47 48 49 47 48 48 50 50 53 55 57 58 61 62 58 58 59 62 65 67 69 71 70 69 69 72 76 82 77 68 67 74 79 81 88 93 93 92 88 81 80 82 80 80 82 76 71 68 65 62 61 60 60 60 59 59 58 59 57 58 57 57 58 58 59 60 61 62 62 62 62 62 63 63 64 66 68 68
50 52 53 56 57 57 51 48 47 47 47 47 47 46 46 46 46 46 47 50 50 48 51 50 48 54 52 52 54 57 58 58 56 56 57 60 63 67 70 74 70 70 70 72 77 85 82 79 74 74 87 88 85 89 84 91 90 86 78 76 76 75 73 72 68 65 62 60 61 61 60 58 57 57 56 56 57 57 57 58 58 59 59 60 60 62 63 64 64 64 64 64 64 64 68 68
50 50 51 53 56 57 55 50 48 47 46 46 46 46 46 46 46 46 46 49 49 51 53 54 51 48 50 49 54 57 58 53 58 57 57 61 64 69 73 74 72 71 74 75 74 78 84 86 80 77 81 93 93 90 86 78 77 75 72 72 72 72 72 72 69 65 61 60 61 61 60 60 58 57 58 59 59 57 57 60 58 58 58 59 59 60 60 62 65 65 65 65 66 66 68 69
47 47 49 49 53 56 58 55 50 48 47 47 47 47 46 47 47 46 48 48 50 54 55 53 50 49 48 50 52 55 57 53 51 53 56 61 64 70 71 75 72 71 73 79 82 77 84 87 83 84 86 93 92 90 90 89 87 85 81 76 74 71 68 70 70 66 62 60 60 60 61 60 60 60 59 59 59 59 59 58 58 58 59 59 60 61 61 62 64 65 66 65 66 67 68 68
47 49 50 50 49 50 60 60 53 50 49 48 47 47 48 49 48 48 48 48 49 51 52 50 52 54 50 49 51 50 54 52 50 55 54 59 59 63 65 66 71 72 71 76 84 86 86 91 87 87 83 85 92 92 93 91 91 88 80 73 72 71 67 67 67 65 62 59 59 60 59 59 59 58 58 57 57 57 57 58 58 58 58 60 60 61 62 63 64 64 66 66 67 68 68 68
48 50 51 52 51 49 53 59 57 54 50 49 48 48 50 52 49 48 48 49 48 50 50 50 50 48 51 49 48 50 52 49 51 52 51 55 61 63 68 67 69 70 69 74 84 83 91 89 87 87 82 77 74 84 89 89 89 83 78 73 72 70 67 65 65 60 60 57 57 59 59 58 58 57 57 57 57 57 57 57 58 59 59 60 63 63 63 64 65 66 65 66 64 64 66 68
48 49 51 52 53 51 51 50 62 57 52 50 49 48 49 54 51 50 49 49 49 50 48 48 48 48 48 48 48 48 48 48 49 49 50 52 55 59 62 63 65 67 68 70 80 75 86 92 91 87 87 82 81 73 70 83 84 81 73 72 69 68 68 66 65 60 58 57 56 57 58 58 57 57 57 57 57 57 58 57 58 59 58 59 61 60 61 62 63 63 62 64 63 64 66 67
46 47 49 51 54 57 51 51 61 62 57 53 51 49 50 51 50 49 49 49 48 49 49 49 48 48 48 48 49 48 48 49 49 49 49 49 52 58 59 62 63 64 64 72 70 72 88 91 89 89 87 85 86 82 69 72 82 77 71 70 68 71 68 63 60 58 57 57 57 57 57 57 57 57 57 58 57 57 57 58 59 59 59 59 59 60 60 60 62 61 61 61 62 62 63 66
46 47 48 49 52 56 55 52 54 64 61 57 54 55 54 51 49 49 49 49 49 49 49 49 48 48 49 48 48 49 49 49 49 50 49 49 50 53 56 61 63 65 65 69 72 79 86 89 89 84 79 85 84 82 78 74 65 76 73 72 70 67 67 64 63 59 58 57 57 57 58 58 58 58 58 58 58 59 59 59 58 58 59 61 61 60 59 60 60 60 60 61 61 61 62 65
47 48 49 50 51 54 56 54 55 57 66 63 60 57 51 51 55 51 59 50 51 50 49 49 49 49 49 49 49 49 49 49 49 50 50 49 50 51 53 58 61 68 69 76 80 85 87 88 83 80 75 74 75 72 76 77 71 65 69 72 70 67 63 59 58 58 58 58 58 57 57 57 56 57 58 60 60 59 59 59 59 58 58 59 61 60 60 60 60 60 61 61 61 62 63 64
49 47 48 50 52 55 59 58 57 59 61 66 66 59 58 55 56 54 62 63 56 51 50 50 50 49 49 49 49 50 49 49 49 51 52 51 50 51 54 60 63 66 67 72 74 80 86 89 83 89 83 82 73 71 67 71 70 64 65 70 68 65 61 59 58 57 57 57 56 57 56 57 59 59 60 61 59 59 58 58 58 58 58 59 59 59 60 60 61 61 62 62 62 62 62 63
51 50 49 49 49 51 54 58 59 59 61 64 70 68 64 61 59 57 63 67 61 53 52 51 50 50 49 49 50 50 50 49 50 51 53 53 50 51 55 59 62 64 65 70 78 84 90 91 88 84 82 81 77 73 68 65 65 61 61 58 62 61 62 61 57 57 57 58 58 58 58 59 59 59 59 60 59 59 59 59 58 58 58 59 59 60 60 60 61 61 62 63 63 61 61 63
53 51 52 51 49 51 52 58 60 62 63 66 67 68 68 67 63 60 59 59 58 58 51 50 50 50 50 50 50 50 50 50 50 51 53 55 56 51 54 57 60 63 67 69 75 86 90 85 86 80 75 75 73 74 76 74 71 64 68 62 60 57 57 58 57 57 58 58 59 58 58 59 59 60 59 59 60 60 59 59 58 58 58 59 59 60 60 61 61 62 62 63 63 63 62 63
50 51 53 53 52 52 53 55 58 60 57 60 60 61 59 57 55 55 51 53 53 52 51 53 51 51 51 51 51 50 50 50 50 51 51 57 58 58 57 59 61 63 66 67 75 84 85 89 85 89 88 81 82 79 77 76 73 72 70 65 62 61 62 65 61 61 60 58 58 58 59 58 58 59 59 59 59 58 59 59 59 58 58 59 60 60 60 61 62 62 63 64 64 65 64 65
51 53 56 57 56 55 55 56 57 56 57 59 60 62 64 60 59 58 60 60 58 55 57 58 54 52 52 51 52 53 51 51 53 54 52 51 56 59 60 61 65 62 66 70 71 78 85 87 89 83 81 77 75 70 69 68 66 65 63 63 64 65 65 66 64 61 60 59 59 59 59 59 59 58 58 58 59 60 59 59 59 60 61 60 59 59 60 60 60 61 62 63 63 65 65 66
52 53 53 52 53 55 56 57 55 58 60 59 61 68 69 64 68 68 72 66 57 61 64 56 53 52 52 54 57 56 53 55 57 55 56 53 53 60 62 62 66 72 70 69 75 79 85 89 87 80 79 78 79 78 77 72 70 66 64 61 65 64 67 63 62 61 61 59 59 58 59 60 59 59 58 59 60 60 60 60 60 62 62 62 61 60 60 60 60 61 61 61 62 63 63 63
52 53 52 51 52 52 55 54 53 55 53 56 59 66 71 74 73 74 68 68 68 62 60 57 54 54 56 59 58 55 54 58 59 59 57 56 54 60 62 64 66 67 73 75 73 80 87 89 82 78 74 75 73 73 76 74 69 65 58 58 58 59 61 60 59 59 60 59 59 59 58 59 59 59 59 60 59 62 62 62 63 61 63 63 62 61 60 60 60 61 62 61 62 62 61 62
50 49 48 48 49 52 51 53 53 56 57 59 59 56 66 73 79 80 75 65 63 59 56 54 53 56 58 59 57 58 56 61 60 59 59 60 58 60 62 65 68 68 70 78 79 83 87 88 84 81 69 68 61 63 62 62 60 58 58 59 59 58 60 63 62 61 60 60 60 59 60 60 63 60 60 60 60 62 63 65 65 64 63 64 64 63 60 60 60 61 62 61 61 61 62 62
48 50 51 53 57 58 54 59 66 61 66 72 71 67 59 73 73 78 68 64 64 59 56 56 56 59 60 61 62 61 59 61 59 60 60 63 60 58 60 63 65 68 71 73 79 85 89 87 75 74 68 64 71 76 70 67 63 68 65 63 62 62 61 66 62 63 62 61 61 61 61 61 62 61 61 61 61 63 66 70 68 65 63 63 63 63 62 60 60 60 61 64 64 62 62 62
50 51 53 55 57 60 59 56 63 67 65 68 74 77 72 68 69 76 66 63 62 59 57 55 59 62 62 65 68 63 61 62 59 64 62 65 63 61 60 61 63 68 72 76 81 86 89 83 79 70 73 76 81 74 69 66 65 69 67 70 67 64 63 67 67 66 64 63 63 61 61 62 61 61 61 62 62 65 73 71 67 66 66 65 63 63 61 62 62 60 61 61 62 62 63 62
49 51 53 54 59 67 68 64 60 66 70 73 77 78 80 74 68 77 74 69 65 61 55 60 63 69 69 72 70 67 64 62 59 65 64 66 67 68 62 60 61 64 65 65 79 89 85 85 77 75 87 84 83 76 70 65 67 71 76 76 74 69 68 70 74 72 66 65 62 62 63 63 62 62 63 63 63 65 68 69 67 66 65 64 64 63 63 66 64 65 63 61 62 62 63 64
48 50 53 57 59 64 63 64 67 72 73 79 79 81 80 75 85 85 82 75 67 56 60 65 67 78 81 81 72 71 67 59 67 71 69 73 74 72 62 64 62 72 77 72 69 82 87 84 83 87 86 81 74 69 67 70 70 75 73 75 73 70 71 76 75 70 68 67 64 64 64 64 63 63 62 63 64 67 66 66 65 65 64 64 63 64 66 64 64 64 63 62 61 61 61 62
48 49 51 54 55 60 63 59 66 65 61 66 75 82 83 84 86 82 72 66 61 55 65 77 71 78 84 83 84 78 68 59 71 82 78 75 79 82 74 64 61 71 85 84 74 75 89 90 90 87 80 75 74 77 78 75 74 75 74 72 71 67 76 75 72 73 69 66 67 69 68 65 63 62 62 62 63 67 68 65 64 64 63 63 64 63 63 60 60 61 60 61 61 62 61 62
48 48 48 53 56 58 58 55 56 63 70 71 75 81 86 83 79 74 76 73 66 59 71 82 84 79 85 86 83 75 70 63 76 87 81 81 84 81 74 61 64 77 87 89 85 80 88 92 88 86 82 87 86 83 78 74 73 70 73 70 68 65 73 71 68 68 65 64 65 70 67 64 63 62 61 62 62 64 65 65 64 63 63 62 62 61 61 60 60 60 61 61 62 63 63 64
50 51 48 52 55 53 59 60 63 66 75 79 78 83 86 85 85 81 75 68 57 64 77 85 86 85 87 87 84 85 71 62 81 88 86 88 88 85 75 62 67 74 82 88 90 86 91 92 90 89 88 89 89 86 83 78 74 72 67 66 65 62 70 64 67 64 63 62 63 64 64 64 63 63 62 61 61 63 64 64 65 63 61 61 60 60 60 60 61 61 61 61 61 61 63 63
50 52 48 49 50 54 57 65 72 72 74 78 79 81 82 86 83 81 72 63 61 67 71 82 88 89 87 86 83 77 68 64 81 87 88 88 87 79 77 63 78 86 87 90 97 92 93 89 84 87 87 87 83 78 82 78 75 72 70 66 63 61 63 64 63 61 61 62 61 62 63 64 64 63 63 62 61 61 62 64 62 62 62 61 64 62 63 62 64 63 62 62 62 62 62 62
52 51 50 48 52 60 68 66 75 78 75 66 77 80 82 86 83 77 67 61 74 82 78 83 87 89 86 85 79 77 68 66 86 88 88 87 83 79 68 67 77 87 89 91 91 89 89 89 86 83 87 85 76 72 80 81 77 74 70 66 65 65 62 61 60 60 61 61 61 61 62 63 64 65 64 62 62 62 62 62 61 64 65 64 65 67 66 65 66 66 64 62 62 61 62 63
54 53 51 49 49 56 65 68 73 69 64 65 70 77 81 84 80 73 65 72 83 84 82 86 87 86 84 85 80 68 67 70 86 89 88 87 82 77 65 72 85 87 91 93 89 86 83 79 77 79 82 74 67 73 76 76 77 75 71 65 64 64 62 61 60 60 60 59 59 60 62 62 65 64 64 63 63 64 65 63 63 63 64 63 64 67 68 68 66 65 63 62 61 61 62 62
60 61 53 52 49 49 53 53 58 55 59 63 72 78 83 83 79 74 70 79 85 88 86 86 84 83 76 76 77 82 76 75 86 88 87 86 81 72 68 82 88 91 91 89 87 89 87 86 79 71 71 70 67 69 68 71 74 69 65 62 63 63 62 61 61 61 61 60 60 61 59 61 65 64 63 63 63 64 64 67 66 65 64 63 63 64 64 67 68 63 62 62 61 61 61 62
70 64 58 56 52 49 50 51 55 59 68 73 77 80 84 82 79 78 77 83 86 85 87 86 84 83 84 85 87 85 79 79 87 89 89 87 87 81 87 89 91 92 91 89 86 84 82 80 76 73 70 68 66 62 61 64 62 61 61 60 61 62 63 63 62 62 61 61 59 59 58 59 60 63 63 62 62 63 66 68 68 68 68 65 64 62 62 66 63 63 63 63 63 61 62 63
78 74 68 61 54 50 50 50 57 66 71 75 79 81 81 81 82 85 82 87 85 83 81 89 86 86 87 89 87 85 84 86 88 87 87 86 84 87 89 87 90 88 88 92 88 87 85 79 75 70 69 64 70 65 62 65 59 59 58 58 60 62 63 64 63 63 62 62 60 61 61 61 58 59 61 61 61 63 65 65 64 67 68 68 68 65 61 61 62 63 62 62 62 61 62 62
82 82 71 64 56 51 53 50 52 56 61 64 69 71 71 73 58 70 74 81 82 75 84 88 86 82 82 88 88 88 85 88 87 87 82 78 80 87 88 85 88 87 83 85 75 85 79 71 69 71 72 69 63 61 59 63 62 60 60 60 58 61 61 61 64 64 63 61 61 61 61 61 60 59 59 60 60 62 63 63 63 64 65 65 67 66 62 62 60 61 61 61 62 61 62 63
73 78 73 65 58 51 55 55 53 51 52 54 55 62 54 56 60 62 58 59 78 85 86 87 84 80 77 79 85 83 84 84 83 75 66 59 59 74 80 76 86 87 82 71 65 73 66 61 62 64 66 66 66 63 63 59 57 58 59 59 58 58 59 60 63 63 62 62 61 61 61 60 60 60 59 59 60 60 61 61 63 63 64 64 63 63 62 62 61 60 62 61 61 62 62 63
61 72 72 63 59 52 54 65 66 57 57 61 57 67 60 64 79 83 74 63 66 73 85 87 85 82 77 70 69 68 63 65 61 62 59 66 66 64 58 60 68 72 74 64 64 59 60 59 60 61 60 61 60 59 59 58 57 56 57 58 57 59 59 57 64 63 65 66 63 63 62 61 61 60 60 59 59 60 59 59 61 62 63 63 62 62 62 61 61 61 62 61 61 62 62 64
55 66 72 67 58 52 60 76 70 62 63 74 77 75 74 71 83 79 70 64 73 73 81 85 87 84 80 83 83 84 78 65 73 86 84 85 85 85 79 67 60 58 57 55 56 55 56 55 55 55 56 56 55 56 55 56 56 55 55 56 55 55 58 58 62 62 61 63 62 62 62 62 61 60 59 58 58 57 58 58 59 60 61 62 62 61 62 61 61 60 61 62 62 61 62 62
58 67 77 70 61 52 56 73 76 70 64 69 76 80 79 80 81 67 75 84 80 71 82 87 87 85 83 86 85 85 69 72 85 88 87 88 89 90 88 85 72 70 63 69 62 57 55 55 57 55 55 56 62 62 60 60 60 61 63 61 60 58 57 56 58 60 60 59 59 59 58 59 58 58 58 60 60 59 59 59 59 59 59 61 60 60 63 62 62 60 61 62 63 64 63 63
58 67 76 73 63 58 54 62 76 76 74 67 72 80 83 82 77 69 87 87 81 74 81 86 89 86 83 81 74 68 82 77 85 95 91 93 89 86 86 85 84 80 78 70 64 59 59 56 55 55 58 61 69 72 65 66 64 63 63 61 60 59 60 60 56 58 57 56 56 56 56 57 57 57 57 58 58 57 58 60 59 60 59 59 59 60 62 61 61 61 62 62 64 64 64 64
59 68 80 76 73 66 58 54 68 79 76 74 75 78 83 80 75 80 85 83 76 84 84 86 89 85 79 79 84 88 85 82 86 91 89 87 86 86 77 73 68 65 68 65 63 65 61 56 57 63 66 66 79 74 74 69 66 65 64 63 61 62 60 60 59 58 57 57 58 59 59 59 59 61 62 59 60 60 58 58 59 61 60 60 60 61 62 61 60 60 62 63 63 63 63 64
58 66 80 79 74 77 63 56 69 82 79 76 78 81 83 81 80 83 83 79 85 96 88 88 83 82 78 83 88 90 85 86 86 90 88 85 82 77 85 82 79 76 72 73 75 65 55 55 62 73 83 77 81 80 78 72 73 71 66 65 64 61 58 58 57 58 59 59 59 63 63 62 63 66 63 63 63 62 61 60 63 63 61 59 60 60 60 60 61 62 62 62 62 61 62 63
58 67 78 81 80 74 69 58 58 69 69 70 76 77 80 83 80 82 85 82 88 84 84 83 80 80 86 87 85 84 89 94 90 98 90 87 87 88 87 87 86 84 85 83 74 62 55 58 65 80 79 75 80 74 65 64 64 64 62 61 60 57 59 60 59 60 60 60 60 62 64 65 66 67 64 67 66 66 65 63 61 60 61 60 60 59 60 61 60 61 61 61 61 63 63 62
59 70 74 73 77 78 72 65 58 58 63 73 78 74 79 77 75 78 82 87 85 87 85 85 85 82 77 81 83 80 86 89 89 87 89 87 85 87 87 86 84 87 87 83 75 62 55 62 76 78 75 70 67 64 64 62 61 60 58 59 59 59 61 61 61 61 62 63 61 63 63 68 69 70 69 67 64 65 65 64 62 61 60 60 60 60 60 60 60 62 62 62 62 62 63 63
58 67 59 65 72 78 76 71 67 66 59 62 62 67 72 73 77 76 83 86 83 81 79 76 79 78 69 66 66 67 78 83 82 79 82 80 78 73 75 73 82 72 67 69 63 56 57 61 74 83 81 74 73 69 64 62 59 60 59 64 62 63 62 63 62 62 64 65 64 67 65 65 68 69 68 68 65 64 64 63 62 62 62 61 61 61 61 62 61 61 62 62 62 64 64 64
57 55 58 60 66 76 80 78 74 73 71 72 74 79 78 81 82 81 83 87 84 84 84 79 71 66 73 74 73 66 61 62 60 60 61 61 60 59 59 60 61 60 58 58 59 62 60 63 77 77 71 65 62 64 63 62 61 64 67 66 62 64 66 65 64 65 67 67 65 69 68 67 66 66 66 66 65 64 63 64 64 63 62 61 62 62 62 62 62 63 62 62 62 62 64 64
49 52 55 59 66 74 82 80 79 78 80 81 79 81 79 79 84 81 80 87 84 81 80 74 69 78 83 84 82 78 72 75 64 62 70 68 77 67 71 78 80 75 74 74 67 63 60 68 80 72 66 65 62 61 61 62 62 66 67 66 66 65 68 68 67 67 70 69 70 71 71 70 68 66 66 65 65 65 65 64 64 63 63 63 63 62 62 62 62 62 62 62 62 62 62 62
49 53 56 59 68 75 80 76 73 75 80 78 73 67 74 72 80 73 82 85 81 77 75 69 73 82 87 89 85 82 76 78 75 67 83 86 83 79 86 87 85 80 67 65 66 63 64 80 75 70 64 63 65 69 65 64 63 65 68 69 68 68 73 74 71 71 75 82 75 74 81 73 70 68 67 65 66 67 68 68 66 66 65 65 63 62 62 62 62 62 61 61 62 61 63 63
50 52 56 59 68 72 71 71 65 73 71 72 69 64 66 71 76 81 83 84 82 80 83 81 78 84 89 85 82 80 83 83 73 74 71 78 86 88 88 85 82 77 70 82 79 63 67 77 71 66 65 66 72 71 66 67 66 65 67 71 74 73 74 70 77 72 73 77 74 69 70 72 70 67 69 69 68 67 68 68 68 69 68 68 64 62 62 62 62 61 61 61 61 62 63 63
48 50 53 57 61 66 60 59 65 64 62 60 60 68 77 81 84 81 79 83 83 84 85 83 82 84 85 86 86 86 83 76 69 85 87 78 84 88 86 84 79 75 83 84 75 64 76 82 76 69 67 72 70 67 70 69 67 70 73 74 71 67 66 64 66 66 68 68 70 67 68 65 68 65 66 70 67 64 63 64 68 68 66 67 65 63 62 62 61 61 61 61 62 63 63 64
48 49 50 55 58 59 59 57 56 58 58 60 66 71 77 81 81 77 76 75 85 82 79 83 83 79 82 87 84 79 78 83 83 87 86 82 87 87 83 81 76 74 85 81 70 66 83 84 77 73 74 80 78 73 78 73 68 70 74 78 71 69 66 64 64 63 62 64 64 64 62 63 62 63 65 68 70 68 65 63 65 64 64 63 63 63 62 62 61 61 61 61 63 63 63 64
49 49 50 54 54 54 53 55 59 60 60 62 71 77 80 80 78 77 72 70 80 80 78 74 78 74 78 86 89 86 83 101 87 85 84 87 95 86 82 80 79 83 84 81 79 67 83 84 80 74 78 83 79 81 82 76 70 81 83 79 77 68 66 67 67 65 63 62 62 62 61 61 62 62 62 65 67 69 65 64 62 61 62 63 62 62 61 61 62 62 62 62 62 61 63 62
49 49 50 50 50 52 56 59 65 69 67 67 68 73 75 75 74 73 71 65 72 73 68 65 73 76 79 86 84 81 90 99 96 93 94 95 89 84 80 82 83 86 85 83 71 72 81 85 81 77 83 85 83 84 83 76 78 85 83 71 70 68 70 70 70 68 67 66 64 63 62 61 61 62 61 61 63 65 63 62 60 61 60 61 61 62 63 61 61 61 61 61 62 62 64 63
49 49 49 50 51 50 54 58 60 68 66 60 61 65 66 67 68 66 65 62 60 62 62 75 77 82 84 88 82 79 86 93 93 90 85 89 92 83 82 86 87 87 87 83 67 78 89 85 82 80 81 86 87 85 80 76 85 86 83 79 79 74 74 71 70 68 67 66 65 64 62 62 61 61 61 62 61 61 60 60 61 61 62 63 64 63 62 62 62 61 62 61 62 63 66 67
51 50 50 50 50 50 51 55 56 58 60 58 59 59 60 60 60 61 60 59 62 70 76 79 80 85 85 82 77 76 82 84 92 84 80 85 91 86 84 90 87 84 85 80 69 82 89 87 87 85 90 90 87 83 80 88 90 86 85 84 79 74 69 68 67 67 66 64 65 65 63 63 63 62 63 62 62 62 62 61 62 63 63 65 64 63 63 63 62 61 61 61 62 63 65 67
52 52 50 50 50 51 52 52 52 54 55 57 57 57 55 57 55 56 58 62 65 70 73 71 77 78 78 84 74 74 84 84 86 82 77 85 96 90 88 87 86 83 79 75 73 82 88 87 89 89 92 92 88 83 89 94 90 85 81 78 76 69 66 66 65 65 65 64 63 64 63 64 63 63 64 64 63 63 62 63 64 64 64 64 63 63 65 65 63 62 62 62 63 63 64 66
51 50 50 50 51 53 51 51 51 52 53 53 54 54 54 55 55 56 58 57 58 58 60 59 60 64 62 71 66 69 68 72 69 72 80 83 90 91 85 82 81 77 78 80 75 77 80 83 86 90 94 95 88 89 91 87 83 79 73 70 69 69 67 67 66 65 66 65 65 65 64 64 64 63 64 65 65 64 64 64 65 65 64 64 64 64 64 64 63 62 63 63 64 65 65 66
