test/HelianthusTinyTest/asciifiles/nabio_18.asc
ncols  170
nrows  166
xllcorner  -106.083333333333
yllcorner  39.5916666666667
cellsize 0.00833333333332943
NODATA_value  -9999
[rows 42 to 83 of 166, columns 0 to 93 of 170]
165 165 165 165 165 164 164 163 164 165 165 167 169 175 188 188 204 191 186 188 189 182 196 191 183 176 166 167 168 168 168 163 168 165 168 177 179 179 182 182 180 180 181 182 185 188 191 193 199 199 196 192 187 187 178 178 175 172 171 165 164 163 160 162 160 157 156 153 160 164 164 163 167 168 167 169 176 176 170 168 168 163 158 156 156 154 152 152 157 161 162 157 155 156
164 164 164 164 164 165 163 164 164 164 165 165 167 172 185 186 199 200 194 207 188 183 183 188 184 177 170 167 168 167 164 163 167 168 163 175 176 179 183 185 182 182 182 185 188 193 196 195 195 197 203 196 193 190 188 185 183 181 175 172 170 168 164 160 160 160 157 158 160 166 171 176 177 177 174 177 182 180 173 165 165 166 161 156 154 154 154 150 154 161 164 162 156 152
164 163 163 163 165 163 165 165 165 165 165 165 167 169 175 182 191 191 211 202 190 181 178 177 178 175 172 165 165 165 168 169 171 171 165 171 176 179 184 186 190 190 187 188 192 194 196 185 189 188 190 190 189 185 181 178 175 178 177 175 175 168 164 161 159 157 160 161 165 164 168 174 180 185 181 183 185 178 171 168 164 162 161 159 158 156 154 151 149 150 158 159 159 155
163 163 163 163 163 163 163 163 165 164 164 165 167 167 172 177 183 187 200 201 191 185 183 180 180 175 169 167 167 165 165 167 168 167 168 175 176 179 182 185 187 190 193 193 190 187 185 185 184 182 183 185 190 189 182 178 172 171 169 169 167 166 165 162 160 159 163 162 163 166 168 171 177 177 176 170 171 170 165 162 162 159 156 158 158 155 154 152 149 147 157 159 158 157
163 163 163 163 164 163 162 164 164 164 164 164 167 168 171 174 177 184 196 193 187 185 180 180 180 175 172 168 167 168 167 171 172 168 175 175 176 183 187 195 193 193 195 196 193 190 187 185 179 176 173 171 178 176 175 176 174 172 169 167 167 164 164 161 159 163 167 172 168 168 168 166 166 163 168 166 166 166 162 158 155 158 156 153 157 156 154 150 149 145 152 159 157 157
163 163 163 163 164 163 163 164 166 165 164 164 166 168 169 172 177 182 191 199 188 186 183 177 175 172 170 169 169 172 170 172 172 168 175 180 180 181 187 190 193 196 201 204 201 196 193 184 182 184 179 182 171 171 171 172 168 168 168 167 164 163 161 163 161 162 165 169 172 169 165 163 163 161 160 161 161 161 159 154 153 152 151 151 150 151 150 149 148 143 145 154 155 157
163 163 162 162 162 162 162 163 165 167 165 164 164 165 166 169 173 180 188 193 196 185 182 177 175 171 171 172 171 171 172 177 175 173 168 174 175 179 183 186 193 197 198 196 198 193 187 187 190 187 184 182 182 180 176 172 171 172 169 166 167 163 166 162 163 168 168 175 175 172 168 167 165 163 163 161 159 156 156 156 159 155 152 157 154 151 149 146 146 142 142 142 143 148
163 163 163 162 162 162 163 165 166 167 165 164 164 164 164 166 169 172 178 182 191 185 182 174 174 172 172 174 175 177 174 177 177 174 170 168 174 177 182 183 186 188 189 192 198 201 204 203 198 193 193 187 190 186 182 176 175 172 166 171 172 169 164 163 163 175 180 180 175 171 168 168 167 167 163 162 163 161 159 161 159 157 157 162 159 158 155 150 153 148 147 148 142 139
163 163 163 162 162 162 162 164 164 164 163 162 163 164 165 166 168 172 175 179 191 185 180 180 177 172 175 177 177 182 180 174 177 174 172 169 169 169 173 177 181 187 195 201 203 206 212 216 212 209 209 201 194 187 176 176 173 167 172 175 175 172 169 170 166 172 178 183 178 178 172 172 166 171 168 166 166 165 165 162 161 162 162 164 162 157 157 160 156 149 147 146 145 143
163 163 163 162 161 161 161 162 164 164 165 162 166 167 163 165 166 167 170 172 180 184 182 178 174 174 179 182 185 182 177 179 177 177 177 177 174 172 169 175 183 192 198 206 209 206 201 214 219 201 201 190 181 179 182 180 173 179 185 183 179 175 172 175 172 175 180 186 186 184 186 178 171 171 176 174 171 174 171 167 166 164 163 162 162 162 159 158 158 154 152 146 143 143
162 162 162 161 161 160 161 162 165 165 167 166 164 169 167 165 167 167 170 173 178 185 178 175 174 180 184 188 188 182 182 182 182 180 180 184 184 180 180 174 174 180 186 195 201 209 195 206 211 206 193 195 192 190 190 182 176 187 193 185 189 184 178 178 170 175 180 180 186 189 186 186 181 181 185 186 182 181 178 174 168 164 162 164 163 162 159 156 156 154 150 147 148 147
162 162 162 162 161 160 162 162 162 165 170 170 165 165 165 166 167 169 170 175 182 185 179 174 182 182 185 191 185 180 188 188 180 177 177 180 183 183 182 171 171 177 177 184 196 192 191 196 198 206 213 198 199 193 184 185 196 195 201 204 197 194 191 186 178 175 182 189 194 192 182 175 189 187 189 188 183 177 174 170 167 164 168 168 163 162 160 160 160 150 148 150 148 147
162 164 164 162 162 160 162 162 162 162 170 170 172 170 170 170 170 172 175 178 189 187 178 177 187 188 196 190 185 188 191 180 180 180 177 177 177 176 177 172 172 177 178 180 183 185 187 187 198 198 201 194 193 190 204 206 201 195 201 209 206 201 194 187 183 186 186 194 198 190 182 175 181 186 184 187 186 178 174 171 170 166 164 163 162 162 162 157 155 153 151 154 151 148
164 164 164 162 162 161 162 162 162 162 164 167 167 169 172 175 172 172 174 173 180 186 182 176 181 187 196 193 196 189 190 188 188 185 182 180 180 177 174 177 177 174 174 177 177 180 181 180 192 196 199 200 198 206 211 206 195 190 208 203 201 198 193 187 189 191 194 198 193 193 180 172 172 178 175 183 192 189 184 182 174 168 164 164 164 163 159 158 156 154 155 155 154 151
165 165 167 164 162 162 162 162 162 162 162 162 163 164 163 172 164 164 164 167 167 168 169 172 174 178 183 201 196 190 201 188 187 184 179 175 175 175 176 182 183 174 180 188 187 185 191 187 185 198 203 201 203 222 214 200 195 194 192 190 187 184 182 190 187 189 179 171 179 186 186 177 169 166 169 175 181 182 176 183 179 171 166 165 164 163 160 161 160 160 157 155 153 155
167 167 168 164 165 164 162 162 161 162 164 166 164 162 162 163 165 164 166 171 179 175 175 181 180 182 178 190 186 181 185 187 185 179 176 174 175 179 179 185 185 174 184 196 199 192 196 198 188 195 208 222 233 229 206 208 214 203 201 203 198 191 184 176 176 174 173 170 166 169 172 175 171 166 161 162 169 172 169 175 178 178 175 171 168 166 166 165 165 157 157 153 149 155
172 169 168 167 167 166 165 164 161 161 163 164 166 167 167 170 172 177 175 178 186 175 195 191 187 185 181 196 189 183 176 176 175 175 185 193 185 181 180 181 179 177 185 199 202 197 203 201 195 189 199 208 235 230 225 219 219 214 212 210 209 204 201 187 179 176 177 167 164 160 160 158 166 166 162 156 160 165 164 165 169 175 183 185 179 174 174 167 162 162 155 155 146 152
175 172 172 172 170 172 169 165 163 161 163 164 164 166 167 167 172 183 180 183 191 183 195 198 188 189 198 191 189 185 179 175 180 195 196 190 179 182 182 182 182 176 185 191 199 204 211 206 199 196 214 214 219 222 229 226 211 203 196 198 184 190 196 189 184 190 184 176 174 169 169 163 161 158 161 158 152 162 157 157 165 168 172 176 176 172 171 164 163 162 157 155 151 147
166 173 177 175 173 175 172 165 164 161 162 169 169 172 172 169 169 171 180 187 198 196 209 196 188 182 183 188 184 178 175 178 189 195 193 187 182 186 188 182 178 179 178 185 193 207 221 210 204 238 232 211 203 193 203 224 223 214 201 189 182 181 174 176 173 170 172 170 173 177 170 163 163 158 154 154 154 150 150 156 155 162 165 168 171 168 168 164 161 161 162 153 149 147
162 166 167 166 170 169 168 165 161 161 164 166 168 168 174 177 175 172 172 174 183 191 196 191 182 184 175 177 175 172 175 182 194 201 190 185 190 190 190 179 181 179 179 182 190 200 214 216 219 215 219 214 214 200 193 195 206 204 200 195 190 186 178 172 168 167 167 167 167 167 164 160 157 155 154 151 156 152 148 148 146 147 157 162 165 168 165 164 160 155 150 148 148 149
159 160 162 162 165 162 162 162 165 161 161 166 168 172 169 174 177 177 178 173 177 192 196 188 190 182 175 172 167 176 178 183 197 201 192 190 190 179 180 185 193 189 182 182 187 195 211 230 224 201 196 208 204 197 189 191 195 202 206 202 194 187 182 175 170 167 167 164 161 163 159 155 152 152 151 149 151 148 148 148 150 148 146 148 147 159 156 158 153 152 151 151 150 149
159 159 159 162 162 159 162 163 165 166 166 162 163 174 178 180 182 185 188 191 180 189 199 198 191 187 176 169 166 177 187 191 198 203 194 187 183 179 187 198 201 198 190 185 190 199 218 213 209 196 190 185 188 193 182 191 189 190 195 200 191 185 181 179 175 172 168 164 159 157 159 155 155 151 150 149 154 159 158 152 157 146 144 140 140 144 146 152 149 150 150 153 157 153
159 159 157 159 159 159 162 159 159 162 167 172 170 166 168 167 170 173 180 185 188 200 200 185 183 177 173 166 163 174 178 198 201 191 181 186 190 195 201 201 193 192 191 195 196 208 198 202 200 198 187 185 179 174 176 188 188 180 184 186 185 178 175 168 167 171 177 170 167 160 155 154 155 155 152 154 155 160 169 166 163 161 155 153 142 144 141 144 138 146 150 154 157 155
156 157 159 159 157 159 159 159 159 159 161 177 182 185 178 174 171 179 170 173 185 206 195 197 188 177 172 163 169 183 180 187 192 185 187 191 195 195 203 206 198 189 184 182 195 193 193 187 183 187 188 183 176 173 185 196 183 177 171 171 179 183 176 170 162 158 158 156 161 156 157 157 159 158 157 160 164 166 163 169 169 164 160 157 155 151 153 149 143 141 143 141 143 140
155 155 156 156 156 157 159 167 162 166 162 171 181 182 182 179 185 193 185 173 181 191 203 195 188 182 173 163 167 184 185 192 183 183 200 194 192 183 191 202 200 196 198 195 187 178 173 172 172 173 170 175 172 169 175 189 192 176 170 171 170 168 168 165 175 162 161 161 164 161 159 159 157 155 157 163 166 166 163 157 156 157 161 161 155 154 144 140 147 151 158 154 152 139
155 155 156 156 156 156 158 164 162 167 168 165 174 185 186 187 186 193 188 180 188 201 200 190 181 174 173 162 163 174 183 182 180 200 198 195 192 185 180 191 201 203 209 209 206 196 209 186 176 169 158 156 156 156 156 173 163 168 165 173 177 174 162 165 172 169 168 164 165 165 164 154 155 155 160 160 160 160 159 157 150 149 154 152 146 144 144 155 155 156 161 161 165 160
154 154 156 156 156 156 156 164 162 170 176 167 170 178 174 173 177 179 183 185 185 198 196 185 177 173 169 161 162 168 176 174 180 188 199 196 191 188 187 180 176 181 191 198 206 207 206 192 180 179 180 172 165 156 156 156 156 158 156 156 153 162 162 158 155 155 155 160 161 159 154 153 154 155 157 159 155 155 155 151 150 152 150 152 155 164 154 149 153 161 158 154 151 157
155 156 156 156 156 159 157 161 161 167 175 175 174 171 181 186 183 177 182 190 185 204 190 191 182 175 167 161 158 164 171 177 186 185 200 200 191 192 191 185 183 175 172 184 198 206 198 190 193 186 178 171 165 168 162 156 159 158 156 156 152 152 154 158 153 150 151 153 153 152 152 152 154 152 152 152 150 148 150 148 155 154 152 155 161 166 161 155 154 153 157 154 156 152
154 156 156 157 159 161 160 161 164 160 167 172 179 175 178 188 195 195 188 182 182 202 195 188 182 174 164 158 159 170 180 188 193 188 191 199 196 204 189 185 177 177 180 172 177 192 195 198 192 177 177 177 183 182 167 166 162 162 169 173 168 156 151 154 155 154 152 150 151 151 151 151 154 152 149 152 155 153 153 158 163 161 161 160 161 166 166 163 160 151 154 152 148 150
156 155 158 158 160 161 158 161 164 161 164 170 175 178 182 187 200 187 185 175 185 187 187 187 177 167 161 155 161 167 178 188 190 185 201 208 213 216 194 198 219 188 184 172 174 168 177 191 201 201 192 190 181 173 160 158 159 158 162 173 171 162 156 150 152 150 150 150 149 149 150 149 152 153 156 157 153 153 158 166 167 169 170 171 166 169 167 167 160 153 149 151 148 147
156 157 160 164 164 164 164 164 165 166 165 166 167 172 175 180 187 198 189 177 174 171 164 170 167 163 154 154 164 177 174 177 179 188 193 205 219 204 196 216 206 182 180 188 191 170 163 171 183 195 186 181 179 175 166 158 156 155 155 156 157 153 153 154 152 150 150 150 150 150 149 149 150 152 156 157 156 160 160 167 167 167 166 165 162 161 165 164 161 158 154 147 147 150
157 161 166 169 169 164 161 161 167 166 167 172 177 177 175 183 186 195 192 193 186 182 170 164 157 158 154 154 169 179 181 177 182 185 193 191 188 211 208 196 183 182 188 216 213 193 175 160 165 180 182 174 171 170 165 157 154 152 153 153 153 153 150 150 150 150 152 160 155 151 150 153 155 158 157 161 159 164 164 167 167 164 163 163 160 161 159 158 158 156 149 144 152 152
159 166 172 172 166 161 159 160 161 167 164 170 180 183 183 190 180 179 191 183 179 182 175 169 160 155 153 153 169 174 179 177 174 185 185 185 185 196 208 201 195 199 206 219 211 198 188 183 160 160 164 164 160 152 152 150 150 151 151 151 151 151 151 149 151 151 155 155 153 152 150 153 158 162 161 158 156 161 167 170 172 170 169 163 163 166 166 164 159 154 146 142 145 150
159 158 159 161 159 154 160 157 163 162 160 164 171 186 192 187 180 173 178 170 170 173 174 170 161 151 151 157 164 170 171 175 174 169 176 179 193 197 188 204 205 213 205 195 195 175 170 170 166 164 161 158 157 158 152 153 150 150 154 153 151 151 155 159 158 154 154 152 152 150 157 162 164 158 158 156 158 156 160 167 172 170 167 167 163 163 161 164 160 153 147 141 143 152
154 154 156 154 154 156 156 156 161 158 157 160 167 177 193 195 183 172 169 169 166 163 164 165 161 156 151 151 159 164 164 164 166 170 175 188 198 198 201 182 182 201 200 191 189 190 182 179 170 174 174 174 171 167 161 163 157 155 157 157 152 151 153 159 166 159 154 154 154 152 154 166 164 161 161 160 158 156 156 164 167 170 167 164 163 161 158 155 161 151 145 142 140 148
151 154 156 154 154 156 154 153 152 153 154 157 164 171 178 185 185 185 178 175 171 166 163 157 157 151 150 151 156 157 164 164 167 169 171 176 179 185 188 180 179 188 197 201 205 204 193 179 180 180 180 177 174 171 168 168 163 160 157 160 153 153 153 155 165 165 157 154 154 155 155 160 168 168 164 161 161 156 154 159 164 166 163 162 162 158 156 157 159 152 152 146 139 136
153 151 151 157 154 150 153 157 159 159 154 154 159 164 170 172 177 186 183 175 175 175 169 165 159 156 149 150 152 157 162 166 164 161 165 163 166 172 172 193 188 193 197 204 208 210 212 182 184 185 179 174 173 171 165 160 160 157 160 160 157 157 163 158 163 167 156 154 158 159 158 160 162 171 166 164 164 161 162 156 156 158 164 161 163 163 165 165 159 154 147 143 140 137
152 149 149 148 151 152 156 157 166 167 159 159 156 159 162 165 169 183 185 182 180 177 172 166 162 156 149 149 149 156 159 162 159 166 175 178 178 180 182 193 201 198 188 204 196 209 203 204 201 190 179 174 168 164 162 164 164 163 163 160 164 170 170 166 163 166 160 165 170 172 170 166 165 173 173 165 165 166 164 159 155 151 153 160 163 166 167 164 157 155 149 144 140 136
152 149 148 150 151 154 156 159 164 164 162 160 157 159 159 162 168 180 177 179 177 172 166 164 161 157 152 149 149 155 163 169 159 167 178 187 182 185 187 187 193 196 185 185 193 207 209 213 211 188 180 174 170 164 168 174 171 174 174 174 171 180 176 169 164 166 172 183 179 177 170 167 173 172 171 166 164 164 164 167 164 164 155 151 156 163 163 164 159 157 149 144 139 133
153 149 149 150 151 153 156 161 166 168 166 167 164 162 162 165 171 177 177 172 168 166 162 162 162 153 148 148 149 155 163 169 159 168 175 186 184 178 176 179 182 186 182 182 193 201 204 208 191 196 190 178 174 174 182 177 183 189 189 188 182 184 182 174 166 169 181 190 186 179 170 170 169 168 162 162 164 165 167 171 169 168 164 153 149 154 158 156 148 148 147 142 138 136
148 155 153 150 153 156 159 159 164 173 171 171 170 167 164 167 175 180 179 177 170 165 162 156 159 154 152 148 148 151 156 165 159 169 178 175 175 172 162 161 163 161 162 182 196 187 196 207 201 188 182 193 198 176 192 185 187 199 205 199 185 178 174 168 166 169 179 195 193 184 167 164 163 160 159 159 160 161 162 168 171 167 162 158 147 147 148 141 142 142 141 141 141 138
148 148 155 153 156 156 161 162 168 177 181 179 177 174 170 171 174 177 179 174 169 163 162 157 153 151 146 146 148 148 153 156 156 169 170 174 175 162 156 166 174 180 167 166 180 190 204 213 214 195 196 221 196 180 199 200 199 204 208 199 189 180 173 166 165 163 174 184 195 183 170 165 159 159 157 157 158 156 161 164 167 164 154 149 149 149 143 144 150 148 146 144 142 138
