test/HelianthusTinyTest/asciifiles/nabio_4.asc
ncols  170
nrows  166
xllcorner  -106.083333333333
yllcorner  39.5916666666667
cellsize 0.00833333333332943
NODATA_value  -9999
[rows 0 to 37 of 166, columns 84 to 167 of 170]
7823 7844 7891 7846 7759 7738 7743 7812 7821 7788 7762 7735 7735 7740 7735 7758 7742 7758 7798 7800 7802 7823 7878 7941 7982 7978 7933 7944 7796 7888 7919 7932 7959 7946 7975 7987 8004 7995 8020 8059 8040 8035 8047 8069 8061 8070 8081 8107 8107 8109 8128 8130 8147 8171 8179 8184 8174 8202 8209 8209 8161 8170 8183 8186 8200 8203 8186 8190 8199 8228 8254 8269 8268 8254 8193 8212 8237 8209 8248 8249 8252 8322 8338 8313
7864 7867 7873 7879 7756 7778 7760 7810 7844 7784 7760 7760 7762 7731 7748 7780 7767 7758 7776 7803 7814 7804 7887 7945 7988 7969 7963 7952 7834 7911 7959 7957 7996 7986 7972 7984 7995 8026 8027 8048 8073 8051 8070 8091 8083 8083 8083 8099 8108 8118 8130 8152 8177 8185 8173 8173 8207 8198 8207 8215 8183 8211 8209 8197 8197 8222 8191 8220 8234 8266 8264 8290 8281 8252 8260 8270 8270 8291 8263 8287 8268 8303 8321 8312
7829 7831 7878 7860 7805 7857 7799 7863 7813 7824 7797 7775 7746 7735 7744 7742 7726 7794 7797 7796 7841 7852 7946 7980 8000 7983 8009 7930 7821 7844 7958 8002 8024 7993 8008 8007 7999 8020 8040 8055 8060 8064 8063 8076 8090 8098 8120 8108 8115 8121 8119 8141 8185 8174 8190 8185 8184 8200 8225 8245 8225 8206 8185 8183 8205 8222 8207 8236 8264 8274 8280 8295 8284 8279 8280 8259 8260 8267 8278 8297 8321 8282 8323 8281
7837 7808 7901 7824 7865 7887 7847 7827 7816 7804 7805 7772 7784 7763 7733 7731 7744 7764 7767 7791 7823 7826 7957 8018 8018 7978 8026 7988 7864 7839 7914 8036 8081 8085 8091 8097 8067 8029 8049 8049 8077 8115 8097 8076 8096 8115 8109 8116 8145 8100 8139 8137 8164 8179 8186 8182 8185 8217 8204 8219 8226 8234 8203 8220 8221 8260 8258 8268 8284 8294 8304 8308 8316 8312 8323 8337 8331 8344 8355 8355 8344 8322 8322 8320
7854 7895 7889 7859 7882 7905 7869 7866 7845 7826 7801 7795 7810 7779 7762 7738 7731 7740 7764 7788 7802 7835 7919 8000 8019 7837 7979 8034 7909 7922 7945 8035 8085 8081 8117 8114 8108 8074 8018 8063 8086 8123 8080 8076 8110 8110 8138 8141 8149 8145 8170 8141 8157 8173 8173 8207 8188 8207 8212 8226 8223 8235 8230 8221 8250 8272 8297 8284 8302 8336 8321 8325 8282 8310 8344 8357 8333 8377 8367 8365 8337 8341 8286 8329
7827 7817 7853 7910 7899 7859 7889 7874 7857 7840 7810 7828 7801 7831 7788 7762 7756 7754 7775 7814 7810 7900 8011 8019 8052 7938 8019 8058 7886 7931 8029 8063 8078 8084 8116 8135 8140 8140 8140 8115 8139 8104 8110 8102 8075 8123 8130 8138 8146 8154 8171 8160 8173 8193 8185 8215 8225 8212 8256 8250 8275 8261 8235 8267 8281 8306 8278 8278 8280 8330 8330 8357 8343 8355 8348 8345 8378 8390 8390 8401 8394 8422 8393 8335
7837 7953 7943 7923 7838 7879 7894 7880 7863 7857 7851 7849 7811 7842 7857 7828 7811 7752 7766 7837 7811 7946 8043 8036 8086 8052 8019 8083 8007 7982 8057 8080 8087 8104 8121 8145 8151 8143 8145 8170 8129 8129 8159 8129 8093 8118 8133 8128 8155 8161 8170 8163 8174 8179 8192 8191 8247 8212 8256 8248 8264 8286 8286 8306 8281 8296 8290 8291 8325 8334 8354 8363 8362 8376 8373 8354 8381 8403 8407 8423 8433 8428 8409 8392
7925 7920 7823 7826 7885 7885 7895 7897 7879 7875 7853 7907 7860 7871 7899 7882 7819 7770 7789 7795 7818 7863 7987 8009 8067 8063 8063 8088 8006 7973 8073 8095 8107 8114 8130 8142 8141 8138 8161 8179 8143 8184 8184 8190 8204 8189 8168 8151 8154 8152 8170 8189 8189 8191 8195 8201 8261 8267 8256 8264 8310 8295 8316 8316 8305 8305 8308 8317 8317 8354 8354 8349 8381 8387 8393 8363 8425 8422 8395 8413 8418 8452 8477 8486
7858 7937 7886 7860 7846 7885 7902 7894 7907 7885 7879 7899 7913 7872 7882 7868 7871 7867 7803 7796 7747 7863 7898 7933 8019 8106 8126 8085 8045 8012 8048 8097 8122 8122 8134 8165 8165 8174 8167 8154 8185 8188 8179 8201 8215 8206 8204 8185 8196 8179 8175 8188 8218 8203 8201 8218 8225 8279 8290 8303 8309 8323 8319 8323 8311 8305 8337 8347 8337 8372 8366 8347 8378 8390 8397 8397 8413 8429 8425 8414 8411 8447 8467 8473
7933 7997 7894 7848 7879 7872 7902 7905 7895 7899 7927 7918 7913 7923 7902 7902 7851 7789 7789 7779 7821 7868 7815 7925 8012 8072 8134 7979 7921 7955 7976 8073 8124 8128 8154 8169 8153 8158 8181 8150 8188 8185 8185 8185 8231 8212 8235 8221 8204 8199 8175 8212 8196 8237 8248 8247 8247 8260 8255 8303 8313 8307 8304 8310 8314 8310 8299 8349 8347 8357 8376 8359 8387 8408 8417 8397 8459 8436 8415 8446 8437 8484 8495 8479
7943 7970 8004 8013 7956 7988 7912 7894 7912 7915 7899 7927 7935 7976 7950 7914 7768 7911 7795 7769 7790 7830 7832 7933 7986 8084 8125 8077 8052 7935 7987 8027 8114 8161 8152 8153 8180 8181 8177 8167 8181 8178 8199 8194 8213 8245 8242 8264 8200 8199 8218 8192 8223 8237 8254 8280 8239 8256 8279 8291 8306 8303 8297 8328 8341 8341 8327 8327 8360 8383 8366 8369 8381 8417 8432 8429 8433 8464 8430 8455 8492 8501 8476 8473
7897 7954 7997 8012 8002 7988 7931 7901 7910 7915 7926 7913 7947 7983 7987 7941 7918 7948 7897 7806 7780 7822 7922 7930 8012 8052 8102 8149 8116 8103 8083 8034 8097 8141 8180 8180 8177 8212 8171 8177 8191 8207 8205 8252 8214 8239 8244 8239 8231 8191 8173 8223 8241 8274 8264 8268 8258 8280 8291 8296 8289 8304 8325 8335 8346 8358 8352 8325 8348 8377 8406 8403 8362 8417 8428 8444 8444 8451 8452 8462 8483 8503 8508 8495
7889 7931 7955 7897 7953 7971 7881 7880 7875 7894 7909 7923 7964 7976 7998 7998 7963 7973 7958 7940 7866 7862 7907 7985 8045 8086 8110 8116 8126 8149 8068 8020 8067 8165 8153 8192 8214 8209 8192 8182 8202 8211 8230 8242 8241 8242 8251 8220 8214 8233 8223 8252 8246 8264 8271 8270 8297 8292 8297 8282 8300 8298 8327 8310 8362 8382 8380 8332 8332 8383 8404 8400 8403 8390 8445 8448 8460 8459 8496 8485 8483 8500 8516 8516
7880 7916 7900 7894 7883 7848 8022 7937 7928 7900 7918 7915 7887 7922 8013 7983 7974 7979 7980 7991 7949 7985 7959 8039 8063 8110 8149 8116 8146 8145 8149 8106 8133 8182 8216 8220 8211 8213 8186 8186 8196 8254 8239 8244 8243 8258 8266 8227 8239 8241 8237 8220 8258 8239 8255 8271 8292 8304 8311 8311 8292 8321 8311 8327 8334 8370 8383 8350 8363 8400 8396 8420 8451 8414 8417 8451 8461 8472 8466 8519 8519 8510 8532 8547
7895 7929 7936 7865 7883 7890 7858 7893 7958 7902 7930 7936 7935 7900 7979 7973 7973 7933 7973 7990 7949 7976 7982 7953 7944 8089 8149 8162 8137 8177 8166 8145 8154 8186 8211 8201 8198 8207 8232 8214 8213 8237 8218 8218 8248 8237 8255 8248 8272 8282 8272 8246 8233 8256 8249 8249 8292 8298 8297 8308 8316 8305 8340 8331 8337 8395 8407 8401 8374 8377 8405 8438 8420 8459 8458 8459 8473 8488 8506 8520 8513 8512 8520 8554
7854 7898 7955 7954 7943 7953 7900 7854 7912 7981 8025 7969 7947 7922 8006 8006 7994 8038 7993 7970 7969 7968 7985 8008 8066 8122 8141 8150 7997 8086 8160 8204 8209 8198 8192 8220 8222 8222 8216 8207 8213 8229 8243 8218 8244 8262 8287 8296 8265 8268 8266 8257 8204 8250 8282 8278 8275 8309 8306 8302 8325 8316 8344 8340 8363 8357 8387 8404 8377 8396 8396 8441 8434 8453 8477 8467 8488 8484 8502 8534 8534 8523 8553 8564
7794 7836 7865 7872 7865 7933 7843 7855 7885 7907 7947 8017 8010 8063 8072 8046 8080 8043 8021 7985 8060 8070 8079 8087 8075 8134 8098 8144 8102 8114 8161 8168 8182 8191 8202 8222 8220 8238 8241 8211 8211 8220 8254 8244 8266 8259 8264 8303 8296 8273 8294 8265 8237 8232 8282 8278 8289 8290 8306 8337 8333 8355 8352 8377 8355 8395 8411 8414 8394 8418 8424 8436 8485 8447 8447 8465 8497 8522 8511 8537 8544 8533 8553 8581
7883 7969 7957 7981 8030 7882 7868 7940 7919 7949 7985 8092 8109 8103 8096 8098 8089 8052 8038 8056 8057 8057 8093 8101 8075 8048 8082 8112 8175 8173 8149 8182 8187 8196 8199 8222 8233 8249 8255 8229 8252 8243 8237 8262 8279 8277 8290 8293 8303 8297 8288 8295 8257 8234 8231 8265 8249 8289 8313 8340 8352 8342 8353 8364 8371 8397 8410 8407 8407 8418 8420 8466 8488 8476 8470 8470 8467 8509 8509 8541 8540 8540 8540 8581
7839 7958 7978 7993 8010 8015 7979 7958 7956 8032 8055 8111 8118 8127 8101 8086 8077 8071 8074 8068 8066 8066 8101 7950 8025 8131 8161 8203 8204 8169 8169 8204 8192 8186 8192 8219 8228 8238 8252 8263 8247 8238 8255 8280 8277 8300 8298 8301 8278 8280 8288 8266 8244 8241 8241 8250 8263 8289 8319 8315 8342 8363 8373 8386 8364 8393 8414 8399 8405 8411 8423 8463 8473 8482 8507 8481 8469 8475 8540 8543 8563 8578 8567 8577
7806 7864 7939 7975 7952 8003 8049 8021 8045 8062 8071 8084 8101 8115 8120 8132 8107 8107 8077 8089 8092 8091 8129 8072 8023 8140 8161 8134 8249 8228 8195 8190 8215 8217 8228 8228 8228 8250 8279 8265 8265 8270 8265 8261 8293 8301 8331 8305 8292 8296 8293 8290 8244 8248 8267 8274 8292 8298 8316 8334 8339 8376 8407 8402 8396 8405 8417 8410 8444 8411 8423 8444 8482 8499 8486 8506 8491 8475 8501 8554 8550 8582 8562 8575
7813 7821 7900 7973 7986 7981 8008 7977 8031 8048 8069 8075 8079 8110 8139 8119 8119 8119 8084 8043 8062 8081 8122 8161 8166 8095 8167 8097 8173 8240 8224 8228 8230 8209 8209 8249 8249 8251 8279 8274 8275 8293 8284 8289 8284 8298 8296 8301 8305 8305 8318 8281 8278 8266 8272 8278 8292 8291 8300 8329 8351 8389 8396 8422 8420 8413 8408 8437 8429 8438 8427 8431 8482 8513 8506 8486 8497 8508 8526 8556 8554 8550 8591 8592
7794 7905 7926 7926 7935 7995 7939 7912 8030 8071 8094 8092 8091 8108 8115 8136 8142 8097 8082 8070 8088 8081 8040 8018 8064 8137 8200 8196 8125 8228 8258 8244 8234 8231 8231 8243 8243 8253 8263 8260 8287 8293 8286 8305 8303 8320 8329 8331 8298 8302 8312 8308 8297 8272 8288 8296 8285 8311 8289 8329 8366 8372 8422 8413 8423 8423 8433 8432 8432 8462 8461 8460 8481 8486 8513 8488 8497 8519 8537 8568 8578 8540 8568 8581
7887 7891 7886 7937 7973 7953 7928 8055 8056 8065 8055 8078 8104 8128 8132 8166 8125 8117 8072 8073 8056 7996 8034 8030 8058 8115 8178 8231 8206 8241 8256 8273 8238 8226 8232 8232 8241 8256 8273 8283 8281 8290 8297 8287 8306 8313 8313 8315 8326 8335 8352 8344 8331 8319 8290 8299 8313 8313 8336 8355 8359 8397 8407 8422 8433 8424 8423 8411 8422 8475 8486 8477 8504 8513 8513 8507 8503 8527 8532 8546 8580 8599 8567 8574
7777 7810 7870 7928 7972 7989 7993 8017 8016 8028 8042 8015 8071 8123 8115 8151 8138 8120 8115 8078 7942 7960 7996 8058 8054 8129 8241 8259 8243 8256 8241 8273 8261 8234 8243 8253 8283 8263 8275 8293 8295 8324 8292 8305 8317 8311 8311 8343 8329 8350 8324 8345 8331 8321 8300 8300 8311 8315 8319 8335 8332 8372 8404 8437 8441 8448 8418 8414 8435 8474 8499 8502 8518 8506 8528 8535 8513 8514 8551 8562 8572 8596 8556 8557
7786 7814 7907 8019 7940 7950 7942 7935 7971 7989 7906 7902 7924 7912 7950 8005 8109 8120 8162 7999 7939 7922 8027 8054 8071 8144 8189 8179 8224 8277 8295 8271 8269 8243 8265 8257 8263 8284 8277 8292 8290 8313 8331 8292 8324 8350 8343 8334 8334 8334 8366 8363 8342 8300 8311 8321 8309 8334 8324 8304 8331 8355 8400 8448 8438 8439 8461 8424 8448 8466 8505 8519 8511 8524 8544 8567 8530 8543 8553 8593 8563 8596 8624 8597
7879 7922 7890 7890 7906 7869 7876 7813 7856 7883 7784 7673 7766 7876 7948 7939 8007 8089 8173 7913 7971 7983 8020 8080 8109 8149 8187 8094 8136 8259 8287 8287 8265 8265 8271 8271 8295 8302 8288 8314 8314 8319 8327 8349 8331 8327 8324 8324 8339 8355 8351 8365 8357 8342 8310 8341 8333 8333 8318 8310 8330 8361 8372 8413 8432 8435 8445 8463 8460 8469 8496 8533 8524 8529 8535 8565 8571 8580 8583 8589 8603 8599 8643 8639
7675 7733 7775 7784 7830 7868 7833 7787 7830 7783 7707 7603 7767 7828 7873 7892 7921 8057 8134 8034 8034 7959 8047 8091 8120 8176 8170 8050 8143 8258 8294 8284 8303 8303 8316 8277 8301 8326 8308 8326 8326 8328 8344 8353 8338 8355 8359 8342 8327 8341 8361 8371 8379 8348 8328 8328 8339 8331 8342 8349 8360 8381 8382 8404 8432 8458 8450 8470 8497 8472 8517 8528 8524 8517 8528 8565 8565 8585 8606 8605 8620 8596 8606 8636
7686 7744 7700 7749 7794 7815 7780 7839 7839 7808 7701 7731 7787 7884 7895 7969 7974 8070 8123 7908 7936 7913 7995 8128 8115 8200 8180 8072 8189 8258 8258 8310 8270 8276 8271 8282 8289 8314 8318 8337 8333 8348 8344 8373 8364 8345 8366 8376 8371 8384 8359 8381 8381 8345 8319 8344 8334 8349 8357 8366 8390 8408 8431 8441 8443 8441 8470 8491 8509 8497 8533 8517 8531 8556 8543 8564 8572 8584 8606 8620 8609 8646 8657 8643
7669 7700 7678 7713 7741 7824 7861 7864 7850 7763 7682 7713 7798 7906 7868 7965 8027 8162 7985 7997 7806 7804 7980 8108 8149 8217 8037 8115 8260 8252 8304 8326 8301 8308 8283 8294 8295 8322 8316 8326 8337 8350 8356 8362 8384 8364 8378 8364 8382 8379 8390 8382 8394 8363 8345 8333 8349 8359 8364 8349 8367 8399 8445 8441 8456 8465 8465 8499 8500 8519 8525 8549 8549 8556 8568 8582 8601 8618 8609 8609 8610 8632 8652 8688
7713 7704 7707 7732 7765 7760 7799 7883 7877 7643 7578 7740 7821 7906 7850 7917 8029 8117 8109 7997 7974 7868 8017 8118 8170 8221 8115 8211 8261 8301 8307 8301 8301 8344 8301 8321 8304 8318 8348 8331 8346 8338 8349 8349 8373 8382 8391 8390 8388 8400 8392 8401 8375 8363 8350 8338 8362 8362 8355 8379 8400 8394 8440 8444 8471 8474 8489 8513 8524 8538 8539 8543 8544 8555 8567 8581 8613 8609 8604 8623 8613 8648 8674 8678
7668 7729 7685 7781 7680 7703 7765 7848 7887 7624 7664 7715 7806 7852 7947 7993 8067 8172 8133 7922 7841 7907 8002 8176 8195 8219 8089 8250 8304 8307 8311 8344 8323 8338 8307 8361 8327 8347 8318 8372 8347 8349 8373 8373 8390 8395 8384 8404 8395 8403 8403 8397 8408 8369 8376 8337 8346 8362 8370 8378 8390 8401 8432 8471 8468 8490 8493 8519 8546 8546 8560 8560 8558 8542 8581 8596 8606 8607 8619 8632 8641 8678 8671 8680
7641 7685 7607 7654 7615 7735 7710 7828 7965 7711 7673 7672 7749 7701 7868 8008 8127 8209 8222 7915 7820 7897 8033 8129 8191 8219 8089 8258 8310 8311 8338 8329 8330 8342 8361 8384 8375 8340 8347 8368 8375 8359 8378 8375 8368 8375 8386 8406 8420 8420 8403 8395 8394 8382 8343 8363 8361 8358 8389 8376 8410 8441 8432 8468 8482 8506 8505 8511 8544 8544 8554 8554 8565 8565 8590 8599 8627 8612 8619 8651 8645 8677 8665 8681
7671 7643 7606 7631 7736 7729 7703 7752 7970 7729 7729 7689 7904 7895 7861 7975 8258 8234 8151 8006 7890 7979 8061 8179 8219 8178 8078 8258 8338 8329 8331 8322 8344 8344 8357 8352 8368 8347 8348 8373 8378 8378 8368 8386 8427 8376 8419 8427 8441 8449 8403 8397 8390 8376 8377 8362 8364 8359 8377 8399 8414 8416 8426 8450 8492 8506 8533 8528 8545 8569 8565 8569 8577 8567 8592 8617 8622 8650 8638 8645 8641 8677 8709 8709
7993 8014 7563 7769 7886 7985 7976 7961 8047 7858 7941 8171 8111 8094 8228 8169 8230 8089 8039 8038 7951 8018 8143 8233 8238 8064 8178 8286 8335 8346 8359 8360 8351 8362 8372 8352 8352 8342 8365 8351 8397 8397 8368 8412 8412 8397 8383 8389 8439 8412 8427 8441 8395 8382 8375 8399 8404 8359 8396 8376 8412 8425 8434 8426 8468 8487 8505 8524 8566 8568 8575 8557 8575 8587 8597 8619 8631 8659 8634 8641 8672 8696 8709 8712
7941 7936 7929 8030 8064 7827 7783 8141 8024 8102 8020 8146 7858 7922 7991 8142 7955 8289 8055 8199 8146 8061 8083 8270 8243 8282 8239 8267 8322 8348 8352 8348 8360 8356 8352 8352 8341 8346 8365 8384 8380 8390 8399 8379 8390 8397 8429 8437 8439 8441 8429 8441 8376 8393 8425 8382 8432 8392 8388 8387 8395 8420 8467 8456 8471 8470 8486 8533 8552 8562 8575 8574 8599 8599 8626 8637 8650 8636 8653 8655 8667 8693 8700 8722
7712 7461 7542 7790 7834 7519 7586 7737 7895 7994 7876 7630 7692 7866 7699 7812 8020 8188 8141 8131 8230 8220 8229 8318 8301 8217 8213 8307 8311 8352 8363 8363 8376 8391 8356 8343 8343 8342 8362 8343 8359 8380 8391 8400 8409 8449 8439 8443 8449 8425 8435 8441 8406 8361 8429 8428 8432 8425 8403 8418 8414 8420 8447 8471 8471 8485 8483 8492 8547 8585 8594 8590 8611 8611 8624 8647 8653 8649 8662 8685 8670 8718 8707 8725
7791 7460 7431 7578 7755 7532 7611 7635 7859 7870 7766 7618 7533 7653 7739 7866 8015 8139 8239 8151 8262 8292 8312 8313 8122 8122 8226 8272 8304 8362 8383 8372 8379 8395 8372 8398 8371 8334 8343 8371 8371 8377 8386 8398 8434 8438 8438 8438 8427 8439 8451 8442 8397 8393 8425 8413 8425 8466 8447 8414 8420 8436 8473 8493 8492 8472 8493 8522 8548 8563 8606 8587 8601 8618 8617 8652 8668 8666 8662 8674 8707 8718 8730 8732
7656 7477 7529 7650 7716 7528 7476 7714 7772 7730 7760 7652 7586 7693 7683 7745 7928 7974 8089 8314 8296 8295 8315 8325 8210 8197 8312 8310 8287 8383 8382 8395 8377 8402 8388 8372 8381 8356 8372 8379 8390 8372 8409 8411 8412 8419 8459 8455 8455 8438 8457 8437 8391 8389 8410 8416 8448 8482 8473 8438 8431 8436 8479 8490 8508 8487 8503 8528 8571 8582 8594 8597 8630 8640 8658 8658 8671 8660 8660 8686 8707 8724 8740 8753
