test/HelianthusTinyTest/asciifiles/nabio_18.asc
ncols  170
nrows  166
xllcorner  -106.083333333333
yllcorner  39.5916666666667
cellsize 0.00833333333332943
NODATA_value  -9999
[rows 0 to 41 of 166, columns 0 to 93 of 170]
157 155 155 155 150 149 152 152 149 143 145 146 146 147 149 149 150 151 153 150 155 155 150 149 152 152 148 149 151 145 148 148 148 151 151 148 147 148 149 149 150 150 150 152 154 155 157 159 160 160 160 160 157 156 156 157 157 158 160 160 156 154 148 150 150 148 153 151 148 148 149 149 149 149 149 147 149 149 148 147 147 142 145 144 143 144 140 144 147 147 148 145 145 147
158 158 156 155 152 153 155 151 149 146 145 146 149 153 153 153 152 153 155 155 155 155 151 156 158 159 159 155 159 162 160 151 151 153 151 148 148 150 152 153 153 153 156 156 157 158 158 157 159 160 157 160 160 160 163 165 163 161 161 163 155 156 153 148 147 147 153 150 148 146 145 149 149 148 148 147 147 147 147 146 146 145 142 142 141 141 142 142 147 146 147 145 144 146
160 158 156 155 152 155 152 149 146 146 146 146 147 153 156 155 155 155 156 161 160 158 155 158 158 162 162 162 160 166 163 156 155 153 154 150 153 153 153 153 156 157 158 157 157 156 156 157 157 157 157 163 162 161 163 165 163 163 161 156 155 153 151 153 152 147 150 148 149 149 144 143 145 145 147 147 147 147 144 145 143 144 144 144 144 144 140 142 144 142 144 142 145 146
163 160 159 158 156 155 151 149 149 149 149 148 146 150 156 157 157 155 161 163 161 158 158 160 161 160 163 163 165 166 162 157 156 156 153 153 153 153 155 156 158 161 158 156 156 154 155 154 155 154 161 159 159 160 162 160 160 163 164 157 154 154 155 153 153 147 145 144 148 148 148 144 143 144 142 142 144 147 144 146 143 142 143 142 143 143 139 142 142 142 142 143 145 145
163 163 160 160 159 154 155 152 149 149 150 149 147 147 150 156 155 153 163 161 160 160 163 163 165 163 163 166 166 168 168 162 159 156 156 154 153 156 157 159 161 161 158 156 157 158 159 158 161 160 157 154 157 157 160 158 160 162 160 159 157 155 154 155 153 150 150 145 142 146 150 148 144 142 142 140 144 144 144 144 145 142 142 144 141 140 139 142 139 140 142 142 142 145
163 163 163 161 159 158 156 155 154 152 152 150 150 149 147 147 150 153 158 159 158 160 161 163 163 163 165 168 168 171 174 168 160 157 156 156 156 158 159 161 163 159 158 161 159 160 164 163 159 157 156 158 156 154 155 157 159 157 159 157 157 155 154 153 151 150 150 147 142 140 148 150 149 143 140 139 139 139 142 143 144 140 138 140 141 143 140 138 140 142 142 142 142 143
164 163 161 160 160 159 158 155 156 156 156 154 151 153 150 148 148 150 152 155 155 158 160 161 163 164 166 168 171 174 173 166 161 158 157 156 158 161 161 161 160 159 161 161 161 164 164 161 160 162 164 160 157 157 154 154 154 154 154 157 154 155 157 154 153 150 149 149 145 141 142 145 149 147 147 144 143 142 138 141 142 142 140 142 141 138 138 138 142 141 141 142 142 142
165 165 163 160 158 159 160 159 159 157 156 156 156 154 153 150 150 150 150 150 152 155 157 160 160 163 167 168 171 173 168 163 160 159 158 160 161 162 163 164 161 166 164 166 166 164 166 164 165 164 162 162 161 159 160 159 159 156 154 151 155 151 152 154 151 150 150 150 148 146 140 140 142 143 145 149 147 146 143 137 137 139 136 138 138 138 143 142 141 141 140 141 142 142
167 166 165 165 160 164 163 162 160 157 160 159 158 157 154 153 150 150 150 151 151 152 152 155 159 166 168 169 171 168 165 163 160 161 163 163 164 164 165 165 165 165 168 168 168 167 166 168 167 167 167 164 162 160 159 160 159 158 157 154 151 150 154 155 154 155 147 147 145 145 144 143 140 140 138 138 143 141 139 142 141 137 136 138 140 138 139 140 142 141 140 141 141 141
168 167 165 167 167 167 165 163 161 161 160 157 156 154 153 152 153 151 151 151 152 152 152 152 158 165 165 166 163 163 163 163 162 163 165 168 168 167 166 167 167 166 169 169 169 169 169 169 164 164 162 162 162 161 162 160 161 156 154 154 152 146 147 147 150 152 153 147 145 142 141 144 140 139 139 140 143 142 146 145 145 142 142 138 138 135 138 141 141 141 140 140 141 140
171 168 169 168 169 167 167 165 165 162 160 158 157 154 153 154 154 151 152 152 152 152 152 152 155 160 163 160 160 163 163 165 167 168 168 168 169 170 169 170 172 171 172 171 169 169 167 166 164 164 164 164 162 159 159 158 156 154 151 155 152 150 148 153 149 147 149 147 142 145 143 140 143 145 144 143 144 142 142 140 142 144 140 138 137 134 135 135 137 136 139 140 140 140
171 171 171 171 169 169 168 167 165 165 164 162 160 158 158 154 153 152 152 152 153 154 155 155 155 160 160 157 163 165 171 174 175 170 171 171 173 174 173 173 172 169 170 170 172 172 172 172 170 172 172 169 166 162 165 163 162 159 159 157 156 152 154 154 156 155 155 153 153 151 147 148 149 149 148 145 144 144 142 141 140 140 140 139 138 137 134 135 135 136 137 140 141 140
173 173 172 172 171 169 168 167 167 165 164 162 161 160 157 154 154 155 152 152 152 153 155 155 155 160 160 160 165 170 175 177 176 173 171 176 176 173 173 174 171 171 170 166 168 172 172 172 172 172 169 169 172 173 169 166 162 159 155 153 152 156 156 155 155 154 152 152 150 147 150 150 151 150 150 148 147 144 143 142 142 141 140 138 138 137 137 138 137 136 139 141 141 141
175 174 174 173 172 169 168 167 167 167 165 165 162 160 157 155 158 162 160 155 152 152 155 155 155 160 162 163 168 174 177 177 176 176 176 178 176 174 177 176 171 170 169 168 166 166 164 164 163 166 166 164 166 163 162 160 161 159 156 156 156 156 155 152 152 152 152 150 151 150 151 153 151 150 149 150 149 149 147 144 142 142 140 140 139 138 138 138 138 141 135 137 139 141
173 173 175 173 173 169 168 169 168 167 167 165 165 162 159 155 158 159 160 160 155 153 155 157 158 161 164 166 177 177 177 177 176 177 179 178 176 177 178 180 181 176 173 173 170 173 172 170 163 161 160 159 158 159 159 156 156 156 159 156 153 153 153 152 152 150 150 150 150 152 152 153 150 147 145 148 143 143 144 144 143 142 139 137 138 138 138 139 139 138 141 141 136 140
170 170 169 171 172 169 173 171 169 169 167 167 165 165 161 157 156 160 159 160 159 155 155 156 157 163 165 172 177 177 177 177 177 177 178 179 179 181 182 181 181 179 176 173 172 169 169 168 166 163 162 160 159 158 160 159 159 159 159 159 156 156 153 155 152 152 152 152 152 152 152 155 152 145 143 142 142 141 141 140 140 139 141 141 140 138 136 137 137 137 138 141 139 136
175 175 170 169 168 169 170 172 170 171 170 167 167 167 164 161 157 158 160 159 159 155 156 157 157 164 169 174 177 177 177 177 177 177 179 180 181 181 183 183 180 176 176 176 173 170 167 165 163 161 159 160 160 158 156 155 153 151 151 152 153 148 156 153 157 153 152 155 152 150 147 150 147 145 148 148 153 150 145 144 141 141 142 144 142 140 139 139 139 137 141 140 140 139
178 178 175 173 169 169 169 173 172 170 170 169 168 167 167 164 162 157 159 159 160 159 156 157 157 160 171 174 177 180 179 177 177 177 178 178 180 181 183 185 182 178 176 173 173 170 168 165 166 166 163 160 160 159 157 159 156 156 156 156 151 148 148 146 149 151 152 151 147 147 147 147 150 150 150 151 153 150 146 146 144 143 143 140 137 134 135 135 135 139 141 137 139 137
175 175 175 173 170 169 169 170 173 172 170 169 169 167 167 164 162 158 159 160 162 161 159 156 158 164 171 174 177 180 180 177 177 177 177 178 180 182 184 182 181 179 176 173 172 169 166 168 169 169 165 163 160 160 160 160 158 159 157 156 153 152 151 153 151 148 144 145 146 150 152 152 155 152 152 153 153 150 150 149 148 144 143 142 139 135 135 135 134 135 135 135 136 133
170 173 173 172 170 169 169 170 173 173 173 170 169 167 166 164 163 159 159 161 161 161 160 156 156 162 169 172 174 179 180 179 177 174 177 177 180 182 182 180 176 173 173 170 170 170 170 170 169 168 166 163 163 163 161 160 160 158 157 156 153 153 154 153 153 152 153 152 145 143 147 155 152 155 150 153 153 153 153 150 148 146 143 142 141 139 137 135 137 135 133 135 133 133
168 168 170 173 173 172 170 170 170 172 171 170 168 168 167 165 164 159 160 162 160 161 161 161 157 162 169 174 176 177 177 177 175 174 177 177 179 180 180 178 174 175 173 176 175 175 175 173 173 170 168 166 163 163 161 160 160 158 158 157 155 155 155 154 154 153 152 151 152 152 147 146 145 141 145 148 151 152 153 150 149 149 142 140 140 140 138 135 135 135 134 135 133 133
167 167 170 174 175 175 173 170 170 170 170 171 170 169 167 166 166 164 161 161 161 160 160 159 157 157 166 174 174 177 174 174 174 176 177 177 179 180 178 178 181 184 181 180 177 178 177 178 178 178 173 168 167 163 161 160 158 158 158 158 156 156 155 155 156 155 156 154 155 152 151 150 147 144 145 141 143 148 148 145 148 147 145 143 141 137 137 137 137 135 137 137 134 132
167 168 168 172 176 178 175 173 170 171 172 171 168 173 170 169 168 166 164 164 164 161 159 158 158 158 161 166 171 174 174 174 177 179 179 179 180 181 184 181 182 185 185 182 182 182 182 181 178 178 175 168 167 165 162 160 158 157 157 156 156 156 155 155 155 154 154 154 154 152 151 152 152 152 152 145 139 141 141 143 146 143 143 141 139 137 137 137 135 137 137 132 133 133
166 167 168 168 172 175 177 175 171 170 172 170 170 172 170 170 170 168 166 166 164 162 158 158 158 161 159 170 174 175 176 177 177 179 179 179 182 179 182 185 185 187 188 190 186 186 188 182 178 175 173 170 167 163 162 160 161 160 158 157 157 156 155 156 157 155 154 153 154 156 155 154 153 153 151 150 150 145 138 141 153 147 147 146 141 140 139 137 136 135 135 134 134 134
166 166 167 168 170 172 176 175 172 170 170 170 175 173 173 171 170 170 169 169 166 164 161 158 161 163 161 166 174 176 176 177 176 176 176 176 177 177 179 182 182 187 187 188 190 189 185 181 177 173 172 168 165 164 165 162 161 160 159 160 158 158 159 156 155 156 157 158 154 153 153 152 153 152 153 155 155 152 145 145 137 140 143 143 141 141 137 135 136 137 137 137 135 135
166 166 167 168 168 170 175 177 176 174 172 172 177 177 172 172 174 172 170 167 167 166 161 158 163 166 161 168 171 174 176 175 175 174 176 177 177 177 175 179 182 183 185 185 187 186 185 181 177 174 172 169 169 167 165 164 162 161 160 160 161 161 162 161 158 158 161 158 158 156 154 155 154 155 155 152 152 151 150 148 145 143 141 135 138 136 138 137 137 139 140 141 140 140
165 165 166 168 169 172 177 180 180 176 172 172 175 177 177 175 172 172 170 170 169 167 163 158 161 166 161 168 168 168 175 171 174 174 178 178 179 174 179 182 182 179 179 182 185 185 188 184 179 177 172 172 168 166 165 165 162 165 163 162 160 158 159 158 155 155 156 156 153 154 153 153 151 151 151 151 150 150 150 148 148 148 146 143 146 144 141 142 139 139 140 142 141 142
165 165 166 167 168 170 173 177 181 179 175 172 172 177 180 175 175 172 171 172 170 168 166 160 160 163 162 167 171 171 175 174 174 174 176 176 174 171 175 179 181 179 176 177 176 179 187 186 185 181 175 172 169 167 166 165 165 165 165 162 159 158 157 154 153 150 151 153 150 150 151 149 151 149 148 151 152 152 155 148 148 148 150 148 146 141 144 144 141 140 142 141 140 142
165 165 166 167 166 168 170 172 180 180 180 175 174 176 181 177 177 175 175 172 171 168 166 164 160 160 163 171 172 175 175 176 177 176 176 176 176 171 170 180 179 176 171 172 174 179 182 182 181 178 174 171 168 167 166 166 166 165 162 159 156 154 156 155 152 150 150 150 148 148 150 148 148 146 146 151 152 153 152 152 148 145 148 146 146 144 146 144 142 140 139 139 140 143
166 166 166 165 166 166 167 170 172 177 181 180 178 176 177 179 177 177 175 174 172 172 172 171 160 160 163 169 172 175 176 177 178 177 176 175 176 176 176 166 164 169 168 171 172 175 179 178 174 171 169 166 164 167 167 166 163 163 162 159 159 163 162 159 155 151 154 153 155 157 153 150 148 151 151 147 149 150 150 149 148 146 143 143 143 144 144 144 142 142 140 139 139 148
165 167 167 167 166 166 166 167 170 170 180 185 180 180 177 180 178 177 177 174 172 174 172 171 168 160 160 169 173 175 176 177 177 176 176 174 175 176 175 173 161 155 164 168 169 168 173 179 176 173 170 168 166 163 161 159 157 156 157 155 162 162 162 159 159 158 158 157 159 159 158 156 156 155 151 150 146 151 150 151 150 148 144 143 145 142 144 141 146 144 142 140 138 148
165 164 164 166 168 166 166 166 167 169 174 182 182 180 182 180 180 180 177 174 176 177 175 172 169 163 160 168 174 176 177 177 176 175 176 173 173 169 168 162 149 150 148 158 163 166 163 166 167 165 171 166 155 162 161 163 159 154 149 149 156 156 154 150 159 156 155 153 153 154 153 155 153 153 151 151 148 145 144 146 148 148 147 147 146 145 146 146 146 144 144 140 135 145
165 164 164 164 164 166 166 167 167 167 172 188 189 182 180 182 180 179 177 180 180 180 177 174 172 167 160 169 175 176 177 177 176 175 173 170 169 168 150 150 150 162 147 147 147 155 158 158 151 156 158 159 145 148 149 154 159 156 151 146 146 154 149 154 149 144 145 149 148 147 148 146 150 150 148 146 144 141 144 145 151 148 146 144 143 146 148 146 143 143 144 142 135 145
165 164 164 164 164 165 166 166 167 167 169 178 186 193 182 182 181 180 180 181 182 182 182 177 174 169 160 161 177 177 177 177 177 175 176 176 174 165 150 150 165 165 163 162 155 152 150 147 147 150 146 152 151 152 149 144 146 143 145 144 144 141 141 146 141 140 140 141 145 143 143 144 148 146 144 140 137 137 142 143 144 149 147 140 133 132 148 141 138 134 134 136 132 139
167 164 164 164 164 164 166 165 167 167 169 175 187 198 192 184 182 185 182 182 185 181 179 177 174 169 161 161 168 174 177 177 177 177 177 176 176 150 150 164 176 174 176 172 170 167 159 157 157 158 157 157 156 155 155 158 156 151 154 154 154 156 154 152 150 152 148 146 147 147 142 141 143 142 143 144 139 140 136 139 137 137 140 132 135 135 136 131 131 139 141 129 133 130
166 166 166 164 164 163 165 165 167 167 169 173 183 198 196 189 188 191 194 185 185 185 182 179 174 169 165 161 169 174 177 174 172 176 169 166 151 154 159 164 172 176 174 172 168 167 166 169 167 163 167 167 166 163 163 163 163 162 159 160 162 157 159 156 156 155 154 155 155 154 147 143 143 139 144 142 142 141 142 142 134 133 140 135 142 153 148 140 138 151 149 142 138 134
166 166 166 164 163 163 164 165 165 168 168 173 179 193 198 192 186 183 189 185 184 186 180 174 169 166 161 161 171 171 169 168 162 157 151 154 151 165 165 164 170 175 177 179 178 170 174 178 176 170 168 173 174 170 169 166 166 166 166 164 163 162 161 159 159 159 161 161 156 150 148 145 144 150 153 150 146 153 143 144 146 154 137 140 140 154 154 147 141 150 146 146 139 139
167 166 166 165 163 163 164 165 166 167 168 172 178 181 198 204 191 185 179 178 175 172 170 169 166 169 164 165 171 174 175 170 158 162 166 168 170 171 167 167 171 174 177 180 181 178 181 178 177 173 173 176 178 175 173 170 168 169 169 163 160 156 156 156 156 155 156 156 154 149 149 151 149 147 148 147 151 148 151 153 153 147 147 147 143 150 149 145 143 151 151 143 141 143
166 166 166 165 164 164 165 165 167 167 169 171 178 182 186 202 191 186 181 180 177 171 174 179 177 169 163 163 171 173 171 166 156 169 172 173 171 170 171 174 171 175 178 181 183 185 185 180 176 177 176 181 179 176 173 173 170 170 165 163 160 161 160 159 156 153 153 154 155 156 156 155 153 155 148 153 151 158 161 158 153 149 156 157 149 148 148 148 147 151 153 153 154 151
166 166 166 165 165 164 164 165 166 165 168 168 172 172 183 198 194 186 190 187 179 174 187 182 174 170 163 163 171 171 169 166 163 166 171 173 174 176 175 174 176 174 177 178 181 184 185 182 182 182 181 184 180 178 179 173 172 170 168 167 166 167 167 163 161 156 154 156 156 156 154 154 154 159 153 153 155 159 162 161 161 161 161 157 151 148 149 149 151 152 151 153 153 151
166 166 165 165 165 164 164 163 165 166 167 170 172 180 177 183 195 191 188 180 178 178 189 183 178 171 166 166 170 170 171 172 168 163 175 174 174 177 179 177 174 177 177 179 182 187 190 192 191 188 182 178 178 175 172 170 168 170 174 173 170 165 163 163 160 159 157 157 160 156 153 156 159 160 158 158 159 160 162 165 166 163 161 156 154 147 149 155 160 155 153 156 155 155
166 165 165 165 165 165 164 163 164 165 167 168 170 180 183 185 187 186 183 179 183 194 201 188 182 174 167 163 168 168 171 168 163 163 170 174 177 179 179 179 177 180 179 179 182 186 191 195 195 191 191 185 184 177 175 170 170 167 165 170 170 168 164 163 160 157 157 156 156 159 164 161 162 162 162 162 164 167 165 165 161 161 157 156 158 151 149 154 159 162 157 157 156 156
