test/HelianthusTinyTest/asciifiles/nabio_1.asc
ncols  170
nrows  166
xllcorner  -106.083333333333
yllcorner  39.5916666666667
cellsize 0.00833333333332943
NODATA_value  -9999
[rows 0 to 54 of 166, columns 0 to 95 of 170]
25 27 29 29 34 35 31 31 34 39 38 37 37 35 34 34 33 31 28 31 26 26 32 33 29 29 34 32 32 37 34 34 34 31 31 35 36 34 34 34 33 33 32 31 29 28 26 25 23 23 24 24 26 29 29 27 27 27 26 26 30 32 39 38 38 40 36 38 42 42 41 41 42 43 43 45 44 44 46 47 47 54 51 54 55 55 59 55 51 51 51 55 57 54 53 52
25 25 26 29 32 30 29 33 36 38 39 38 35 29 28 29 31 28 25 25 26 27 32 24 22 20 21 27 21 17 20 32 32 28 31 35 34 33 31 31 31 30 27 27 25 25 25 26 25 24 26 24 25 24 21 19 21 23 23 23 31 31 34 40 41 42 35 39 42 44 46 42 43 44 44 45 45 46 46 49 50 51 54 56 57 58 59 58 52 54 54 56 58 55 54 54
21 25 27 30 32 29 33 36 37 38 39 39 37 31 26 28 27 27 25 17 20 24 26 22 22 18 17 17 19 12 16 27 28 29 28 32 29 31 30 29 26 25 24 25 26 27 28 27 28 27 27 21 22 23 21 19 22 22 24 30 32 35 36 34 37 42 39 42 41 41 47 50 47 47 47 48 48 47 52 51 53 53 53 54 55 55 59 58 56 58 56 59 57 56 56 54
18 21 24 26 28 29 34 36 37 37 36 37 38 34 26 26 25 28 19 16 17 22 22 20 18 19 16 14 13 11 18 24 26 27 28 29 30 29 28 27 24 21 24 27 28 29 28 30 29 30 22 25 26 23 22 26 24 22 21 29 33 34 33 35 37 43 45 48 43 43 44 49 51 48 53 54 50 49 52 50 53 54 55 56 56 57 61 58 59 60 59 59 58 57 56 56
18 18 21 22 25 32 31 34 36 36 35 36 38 38 34 27 29 30 15 19 20 20 17 17 13 18 15 12 11 10 9 18 23 25 28 29 30 27 25 23 22 21 25 28 26 26 24 25 23 25 28 30 27 29 26 27 25 24 26 28 31 32 34 34 35 41 41 47 50 45 41 44 50 53 53 55 52 52 52 53 53 56 56 54 58 60 61 59 62 62 60 60 60 59 58 58
14 17 18 21 25 27 29 31 32 34 34 35 36 36 38 37 35 31 23 23 23 20 18 18 17 18 14 10 8 5 3 10 21 25 27 28 27 25 23 20 19 23 24 23 24 23 20 20 25 27 29 27 30 32 31 28 27 28 28 31 31 33 35 37 38 40 40 44 50 53 44 41 44 52 55 56 57 57 56 54 53 59 61 58 58 57 60 63 62 60 61 61 60 60 59 60
14 17 23 24 24 26 27 30 30 29 29 31 34 33 36 37 37 35 33 29 28 26 21 19 18 15 12 9 5 1 3 14 20 24 26 27 25 21 20 22 23 23 22 20 21 18 19 23 24 22 20 25 28 29 32 32 33 33 32 30 34 33 31 35 37 39 42 42 46 52 51 48 44 47 47 52 53 56 59 57 55 56 59 58 58 63 64 64 60 61 62 62 61 61 61 61
14 15 20 24 28 27 24 26 26 27 29 30 30 31 33 36 36 36 35 35 33 31 27 23 21 17 11 8 5 3 9 18 22 23 24 22 22 20 19 18 20 15 17 16 16 18 17 20 18 19 22 22 24 27 25 27 27 31 35 37 34 37 37 35 39 40 42 42 43 46 53 55 53 52 50 46 48 51 54 60 63 61 63 63 63 62 59 59 61 62 63 63 62 63 63 64
8 10 14 12 24 16 21 22 26 28 25 26 27 29 31 33 36 35 35 34 35 33 32 28 24 13 10 8 7 9 15 18 22 21 18 19 17 17 16 16 17 16 13 14 14 15 17 14 15 16 16 20 22 25 27 26 28 29 30 35 38 40 35 35 36 35 43 45 47 49 50 52 55 56 58 59 54 57 59 55 58 62 64 62 61 64 62 62 61 62 64 63 63 64 64 65
5 6 11 8 9 8 12 19 23 23 26 28 31 32 34 34 33 35 35 34 34 34 33 32 26 15 15 13 19 19 19 20 20 18 15 13 12 14 15 14 14 16 11 11 13 12 14 14 20 20 23 22 22 25 24 26 26 31 33 35 37 45 44 43 42 39 38 45 47 52 54 51 57 57 57 56 54 55 51 52 53 57 58 63 64 67 64 61 62 63 64 64 64 64 65 65
1 6 4 5 4 8 7 14 17 21 24 28 30 32 34 33 33 35 34 34 33 33 33 32 30 21 19 24 22 17 19 16 13 13 11 11 10 10 11 10 7 9 8 9 11 13 16 18 19 20 20 21 22 26 27 29 32 34 37 33 37 41 43 37 42 44 43 44 52 50 51 56 52 50 52 55 52 56 57 59 58 55 60 64 65 68 68 68 66 68 65 64 65 65 65 66
0 1 0 2 3 4 7 11 14 16 18 23 27 27 27 32 34 34 34 33 33 32 32 31 30 24 24 26 18 15 7 3 2 9 8 7 5 4 5 6 8 11 10 11 8 8 9 10 12 11 9 16 18 23 21 23 26 28 29 31 33 37 36 36 34 36 35 39 39 42 47 46 45 45 47 51 53 54 57 59 60 61 61 63 64 66 69 69 69 69 67 65 65 66 67 66
-3 -4 -2 -1 2 4 6 10 12 17 19 22 24 26 30 33 33 32 35 35 34 33 32 31 30 24 23 23 15 8 2 -2 0 3 7 1 1 4 6 4 8 10 10 16 15 9 9 10 11 11 13 16 12 9 15 19 26 27 34 36 37 33 33 35 36 38 39 40 43 47 43 44 43 44 45 49 51 53 56 57 57 60 62 64 64 65 66 65 67 68 66 64 64 65 66 67
-7 -5 -5 -3 0 4 8 10 9 13 16 19 22 26 29 33 28 23 24 31 34 34 33 31 31 22 21 18 11 3 -2 -1 1 1 0 -1 1 4 0 2 9 10 12 13 17 18 20 20 21 19 20 21 18 22 24 26 26 28 33 32 33 33 35 39 39 40 41 42 42 43 42 40 43 44 46 45 47 49 52 54 57 59 61 63 63 65 65 65 65 63 71 68 67 65 66 67
-2 -4 -5 -3 -2 4 7 5 8 11 14 17 18 23 28 32 29 26 25 23 32 33 32 29 27 22 18 14 -2 -2 -2 -1 0 -1 -3 -1 2 1 0 -3 -3 4 7 8 12 8 11 13 21 24 26 27 29 29 29 32 32 32 31 32 36 37 37 40 39 42 43 42 42 41 41 41 45 49 51 48 55 56 55 54 56 59 63 65 65 66 65 64 65 66 65 65 69 66 67 68
0 2 5 1 0 6 -1 2 5 7 13 14 17 19 25 30 32 26 27 26 27 33 31 30 29 21 16 5 -3 -2 -2 -1 -1 -1 -2 -2 -2 -4 -5 -4 -4 0 4 8 10 13 14 15 18 22 24 26 28 30 28 29 29 31 31 31 32 34 37 37 40 40 39 41 41 42 41 40 42 51 55 57 57 59 59 61 62 63 61 61 63 65 68 68 67 68 66 64 67 70 72 70
-8 -7 2 6 7 7 3 1 4 3 4 10 14 15 20 26 32 30 26 26 26 32 31 29 28 19 10 1 -3 -3 -2 -2 -1 -1 -2 -3 -4 -4 -5 -5 -2 2 4 4 7 12 16 19 23 25 28 27 28 30 33 34 37 38 40 39 38 43 35 37 34 39 40 38 41 45 48 46 48 51 48 49 43 48 54 56 61 61 59 58 60 63 64 65 65 68 65 66 66 68 70 72
-11 -9 -7 0 6 7 7 0 1 3 4 6 9 11 14 17 24 31 28 27 26 28 32 30 28 24 7 1 -3 -5 -4 -2 -1 -1 -2 -2 -3 -5 -6 -8 -5 1 4 6 7 12 15 20 19 19 22 25 28 29 30 29 33 33 35 34 40 45 46 48 43 43 41 43 47 48 49 48 47 46 45 45 45 48 53 54 56 58 58 63 66 69 69 69 71 66 65 69 68 70 72 76
-8 -6 -5 0 5 6 6 3 -1 2 5 7 9 12 14 17 25 30 27 25 23 24 27 31 28 19 7 4 -1 -5 -4 -1 -1 1 0 -2 -4 -5 -7 -5 -4 0 4 8 10 14 18 15 15 15 21 25 27 28 27 28 31 30 32 34 37 40 42 39 43 46 51 50 50 45 43 43 41 44 44 44 44 49 49 50 53 57 59 60 64 69 69 71 72 72 71 70 70 74 75 76
2 -2 -2 0 2 6 7 6 0 -1 1 6 8 14 17 20 22 28 27 25 25 25 26 31 31 22 10 5 1 -4 -4 -3 1 3 1 0 -3 -5 -5 -3 3 7 8 12 12 13 13 14 15 16 20 23 24 25 26 27 29 31 32 35 37 38 37 38 39 42 40 42 52 54 49 41 43 42 48 43 44 46 46 50 53 56 59 61 62 65 68 70 69 72 74 73 74 75 75 76
12 6 2 -1 -2 1 4 6 4 2 3 6 12 10 13 17 22 28 26 23 27 25 24 23 31 23 9 3 0 -2 -2 0 1 3 1 0 -2 -4 -2 0 5 5 9 4 6 7 7 10 8 13 17 19 23 25 26 27 29 31 32 33 36 36 36 37 38 40 41 44 43 43 50 52 53 58 53 51 47 46 47 49 52 51 61 64 63 64 67 70 71 71 73 72 74 75 75 76
22 14 4 -4 -6 -5 0 4 6 3 5 3 6 9 15 17 16 20 26 25 26 27 27 28 29 29 16 4 1 -2 2 3 3 2 0 1 -1 -3 0 0 -3 -6 -2 -1 3 1 3 3 4 4 11 16 18 23 27 30 31 31 31 33 34 35 37 37 37 38 37 39 39 43 45 47 51 55 55 59 59 53 53 55 53 55 58 60 62 67 68 69 69 72 70 69 74 76 77 77
22 19 12 0 -7 -9 -5 -1 4 3 1 3 11 2 7 10 12 16 22 19 21 26 28 28 29 28 25 14 7 5 3 2 0 -2 -4 -3 -4 -4 -7 -3 -5 -8 -7 -4 -4 -3 -3 -2 2 2 8 17 19 22 26 30 31 33 33 35 35 35 36 37 37 39 40 40 41 43 45 45 44 46 46 56 62 60 62 60 56 59 61 62 67 68 68 69 71 70 70 75 75 75 75 76
25 22 19 11 0 -6 -8 -4 2 6 1 7 7 2 7 6 8 13 15 17 18 23 29 29 30 24 26 9 3 1 1 -1 -1 -2 -2 -3 -5 -3 -5 -9 -8 -10 -11 -13 -8 -8 -9 -3 4 7 10 14 20 24 27 29 28 30 32 34 34 35 36 36 36 38 40 42 40 38 41 42 43 43 47 49 50 55 64 62 48 55 56 58 62 65 67 69 71 72 73 74 74 74 75 74
26 25 22 15 6 -1 -6 -5 0 6 5 5 -2 -1 0 4 6 8 11 10 14 19 26 29 26 22 24 15 4 0 0 0 2 1 3 2 0 0 -1 -4 -5 -9 -9 -11 -12 -11 -6 0 4 10 11 17 21 23 23 25 28 29 31 31 32 32 32 36 38 37 36 35 40 42 43 44 44 45 44 43 44 48 57 56 66 64 60 60 63 65 69 72 71 71 71 70 73 74 70 70
28 26 23 18 14 5 -3 -8 -6 -1 3 3 -5 -5 1 2 0 4 8 13 13 15 25 29 23 15 24 14 6 2 0 2 2 3 2 0 1 1 4 -2 -4 -6 -8 -7 -9 -8 -6 0 4 9 12 16 17 20 23 24 26 28 30 30 29 29 28 30 33 35 32 34 36 39 41 41 42 43 43 47 48 49 49 54 57 60 62 69 68 70 68 69 69 68 68 66 67 69 65 61
29 28 27 19 8 0 -8 -12 -10 -6 3 2 -5 -6 -5 -3 1 3 7 8 10 14 22 28 26 18 24 13 11 11 2 7 4 3 -1 -1 -1 4 -1 -4 -6 -1 -1 -3 -7 -6 -9 -4 2 5 12 13 18 21 22 23 26 24 25 28 31 33 32 35 38 39 38 37 42 42 42 43 47 48 48 48 49 51 52 53 53 55 57 60 60 62 64 65 67 68 67 66 67 66 62 57
30 29 27 22 13 5 -2 -7 -12 -9 -3 2 0 -7 -9 -4 0 2 5 4 7 11 18 27 28 20 24 14 8 6 2 3 4 4 2 1 4 8 4 0 -3 -1 3 3 4 0 -8 -7 -5 0 7 13 16 19 21 23 23 23 24 27 32 34 36 40 43 44 44 44 47 48 47 49 48 50 52 49 46 47 45 54 55 55 54 56 60 63 62 63 66 67 66 67 68 67 62 64
29 28 27 23 23 15 8 1 -12 -12 -10 -3 -1 -4 -12 -7 -5 -2 0 4 6 10 17 19 27 28 21 8 6 2 2 0 -1 0 1 2 2 10 12 -3 0 2 10 9 8 1 -2 -2 0 3 9 13 18 19 21 21 21 24 28 32 36 39 37 40 43 45 46 47 49 50 49 52 52 55 54 49 47 47 48 49 54 58 56 58 60 61 61 63 64 67 69 69 69 65 62 64
28 28 27 27 24 22 19 8 0 -7 -12 -10 -8 -5 -7 -8 -6 -5 -2 1 3 5 5 7 27 27 22 9 5 2 0 -1 -2 0 1 3 2 1 3 17 21 13 16 11 10 6 1 3 9 13 17 20 23 19 19 21 25 25 29 31 31 26 30 33 39 45 41 43 41 39 45 48 51 48 50 53 53 51 51 54 55 58 61 62 63 62 62 64 66 65 68 70 70 60 57 65
29 26 26 23 23 20 20 18 8 6 -10 -16 -10 -9 -6 -8 -7 -4 -3 0 2 0 4 6 12 26 27 11 3 2 0 -2 -1 1 2 4 4 3 5 7 24 33 21 15 14 17 10 1 5 10 14 18 22 24 29 31 34 36 34 37 30 28 30 33 33 35 36 38 35 35 37 41 42 43 49 51 55 51 51 50 52 56 60 62 61 64 62 66 62 64 66 69 71 60 62 64
29 29 28 25 19 21 21 19 15 7 -4 -14 -13 -10 -12 -9 -9 -9 -4 1 -3 -5 0 3 8 21 26 12 2 0 0 -1 1 2 1 5 6 12 15 22 42 40 42 31 24 18 23 20 18 22 13 20 35 26 28 26 31 39 46 46 37 37 40 46 33 39 40 44 45 43 45 43 46 47 49 50 53 58 59 57 55 57 58 59 60 62 59 60 60 64 65 69 74 64 62 62
28 28 28 28 27 24 20 15 12 14 0 -20 -21 -13 -10 -12 -9 -8 -6 -8 -7 -7 -4 0 3 14 25 10 1 0 0 -2 1 2 6 11 12 13 41 40 41 25 43 43 43 33 31 32 40 33 32 30 49 45 45 37 32 36 45 50 51 41 49 40 49 54 53 49 51 53 52 55 50 50 52 56 59 63 61 58 52 57 59 62 62 60 59 61 65 65 64 66 75 65 66 64
28 28 28 27 27 25 20 20 17 15 5 -9 -17 -25 -14 -13 -11 -9 -8 -10 -10 -10 -10 -3 0 10 25 25 -1 -1 -1 -2 -1 3 2 1 5 18 40 41 19 18 22 25 34 40 42 45 45 43 47 40 42 40 45 52 50 54 51 53 53 57 57 51 59 59 60 60 54 58 59 57 54 57 58 63 67 68 62 62 60 56 59 66 74 75 57 66 71 74 75 74 77 71 73 82
27 27 27 28 27 27 24 21 13 12 7 -4 -19 -29 -23 -15 -12 -15 -12 -12 -14 -9 -6 -2 -1 9 24 24 13 1 -1 -2 -2 -1 0 2 3 39 40 21 3 5 4 10 12 18 29 32 32 31 33 33 35 36 38 33 35 42 40 39 40 38 42 43 47 45 51 53 53 54 59 61 59 61 59 59 64 64 69 65 69 68 67 75 72 72 73 76 78 69 68 80 77 80 77 81
26 26 26 27 27 26 25 19 15 11 6 -1 -15 -29 -27 -19 -19 -22 -25 -15 -15 -14 -10 -6 1 9 18 24 11 3 0 3 5 1 11 17 39 36 28 21 9 4 6 10 15 18 19 15 19 23 19 18 20 25 24 26 25 28 33 31 30 35 36 39 39 41 42 42 41 45 54 59 59 64 59 61 62 64 63 64 72 74 67 71 65 52 58 68 70 55 60 67 72 76 72 62
24 26 25 26 27 26 25 22 19 11 9 -1 -10 -24 -30 -23 -17 -13 -19 -15 -13 -16 -8 -1 8 14 23 24 7 8 9 13 22 30 37 35 38 19 18 20 10 4 1 0 1 12 7 3 5 14 17 11 9 15 17 21 23 23 24 25 26 29 31 34 36 36 33 33 40 49 52 57 58 51 48 53 58 50 62 62 59 50 70 68 68 52 52 60 68 58 62 64 71 72 68 63
21 23 24 25 26 26 25 19 18 13 9 0 -9 -12 -29 -34 -22 -15 -9 -6 -3 3 7 10 12 10 19 17 6 2 0 9 28 22 15 13 10 9 15 15 10 5 3 -1 -3 2 -1 2 4 11 10 6 5 9 13 17 19 18 19 28 32 37 38 39 40 41 38 39 45 51 51 49 53 56 54 56 51 56 52 50 50 58 59 60 64 56 58 64 67 58 57 66 69 67 68 65
17 17 23 24 25 25 23 21 13 12 7 2 -7 -13 -17 -32 -23 -16 -10 -9 -4 3 1 -7 -3 9 21 21 6 4 5 14 31 11 6 6 9 11 9 6 10 4 0 -2 -5 -7 -7 0 5 5 5 1 3 8 12 11 16 17 24 28 31 31 33 35 40 44 45 43 43 42 40 44 48 45 54 49 51 44 38 42 51 56 48 46 59 59 59 60 62 58 56 56 54 59 64 64
18 19 18 23 23 24 24 21 17 14 9 8 1 0 -14 -29 -25 -17 -21 -17 -7 -1 -17 -11 1 7 19 21 5 6 11 15 21 16 5 6 6 1 2 6 3 6 2 1 -2 -6 -7 -3 -2 -2 0 -4 2 6 4 11 14 16 19 22 23 23 23 29 32 39 42 40 42 42 46 47 47 40 49 48 46 41 37 39 41 39 42 46 54 60 59 58 57 56 57 55 56 59 60 63
18 19 20 21 21 24 23 23 17 12 10 4 -1 -12 -7 -15 -27 -21 -19 -9 -5 -5 -18 -12 -5 5 14 16 7 8 8 4 13 22 1 3 5 1 -1 2 5 1 2 -1 -4 -9 -12 -14 -13 -9 -2 5 4 9 13 16 19 17 12 13 18 24 28 29 33 35 39 39 35 40 47 44 37 37 42 42 41 40 38 34 32 37 42 48 52 60 59 52 44 53 55 53 55 55 62 61
19 22 22 21 20 21 21 23 19 14 10 6 4 -12 -14 -16 -18 -17 -13 -8 -12 -24 -29 -17 -11 1 13 18 9 9 7 10 20 20 9 3 0 -2 -2 -2 1 -3 -1 -1 -4 -9 -14 -17 -17 -13 -11 -5 -3 6 9 16 16 20 23 17 18 22 27 28 34 38 39 41 42 38 31 36 34 34 34 36 34 31 33 33 40 41 46 50 47 55 59 54 47 43 51 52 52 54 59 61
21 21 21 20 19 20 20 20 18 16 15 10 6 -6 -19 -20 -34 -22 -16 -19 -20 -11 -26 -22 -12 -3 13 12 11 10 11 19 12 15 12 -1 -3 -3 -6 -6 -3 -3 -3 -5 -7 -10 -14 -16 -20 -20 -18 -13 -7 -7 5 7 10 14 16 24 27 27 33 31 34 39 42 44 36 30 29 32 27 26 28 26 17 17 24 29 29 37 44 49 50 53 56 55 49 45 44 51 55 53 52 56
21 21 21 19 19 17 19 19 19 18 16 13 8 0 -16 -18 -30 -31 -25 -36 -19 -12 -13 -18 -13 -4 6 12 11 13 17 20 14 13 19 2 1 -3 -7 -8 -7 -5 -4 -7 -12 -15 -19 -17 -17 -19 -24 -18 -14 -10 -8 -3 -1 4 11 15 18 21 27 32 35 35 40 39 35 28 20 15 13 13 17 15 10 12 22 32 35 33 41 49 52 53 53 58 54 45 42 46 54 58 57 58
21 21 21 19 18 18 18 18 18 18 17 15 10 4 -4 -13 -23 -23 -39 -31 -20 -11 -7 -4 -6 0 3 14 14 15 11 8 8 8 16 7 0 -3 -8 -10 -15 -14 -11 -11 -15 -18 -19 -7 -10 -9 -11 -11 -10 -3 1 6 9 7 8 9 12 21 27 32 35 39 36 34 28 30 26 19 10 4 10 8 6 14 24 29 36 40 42 45 46 50 54 58 61 60 50 47 49 55 57 63
21 21 21 20 20 20 19 19 17 16 14 13 10 7 1 -8 -14 -18 -30 -31 -22 -16 -13 -10 -9 -1 7 11 12 14 16 13 10 13 10 2 0 -3 -7 -9 -11 -15 -16 -18 -14 -10 -8 -8 -5 -1 -4 -4 -10 -9 0 5 14 15 17 19 21 24 25 31 34 36 30 32 31 27 26 20 14 16 17 24 23 26 33 38 38 43 50 47 47 52 55 57 60 64 51 49 51 54 57 60
19 21 20 19 17 19 18 15 15 15 14 12 9 6 1 -3 -7 -15 -27 -24 -17 -14 -9 -8 -9 -2 3 9 11 10 11 6 5 11 1 2 0 -8 -13 -21 -18 -17 -19 -21 -17 -14 -9 -6 2 5 9 13 4 6 9 7 11 12 19 20 22 27 28 32 35 29 24 17 25 23 24 27 29 35 26 30 32 32 37 45 49 46 50 53 49 52 55 59 62 66 59 50 51 52 55 61
18 20 20 16 12 16 17 14 9 11 13 12 9 6 3 -1 -8 -12 -22 -30 -18 -17 -12 -7 -3 2 5 8 7 3 6 5 4 11 0 -5 -4 -5 -12 -15 -18 -21 -26 -28 -25 -20 -16 -5 -2 -4 2 0 13 13 13 13 18 19 19 21 25 27 31 28 33 31 28 21 18 23 28 32 34 37 39 37 38 39 44 52 53 54 57 58 59 58 59 61 62 68 66 57 55 53 58 55
17 17 19 19 19 19 17 15 10 7 11 12 14 11 9 5 -1 -11 -19 -25 -26 -17 -11 -5 -2 4 5 4 4 5 4 -2 0 3 11 3 2 -4 -7 -11 -18 -21 -22 -21 -22 -17 -10 -10 -12 -9 -5 0 -2 1 8 12 14 14 19 21 21 28 25 29 29 22 22 14 14 19 24 28 31 34 34 38 41 45 48 48 44 50 55 49 53 58 61 65 65 70 70 70 69 64 61 56
17 17 17 19 19 18 14 10 7 6 9 12 14 14 12 9 3 -1 -9 -13 -22 -15 -12 -3 -1 2 3 -1 -2 -3 0 -2 -1 2 8 11 3 0 -7 -7 -11 -13 -13 -16 -21 -25 -27 -26 -20 -15 -15 -9 -11 -6 1 6 10 14 21 16 15 20 25 28 29 13 8 8 15 21 24 25 28 29 33 37 36 40 42 40 44 48 49 42 47 48 53 60 58 63 65 64 71 74 73 66
16 16 17 18 18 18 18 13 12 13 14 15 14 13 11 8 5 -1 -5 -9 -22 -15 -10 -10 -7 2 -2 -5 -5 -9 -7 1 -2 3 5 10 10 9 4 -1 -6 -11 -19 -25 -27 -30 -34 -37 -33 -30 -30 -23 -15 -8 6 7 11 20 14 11 11 16 20 18 25 18 11 5 11 11 19 20 28 23 27 30 31 32 34 39 41 40 39 39 43 50 50 48 53 61 64 66 68 69 73 76
15 15 16 18 18 17 17 14 12 12 10 14 7 6 13 9 8 5 2 0 -10 -14 -12 -8 -1 -1 -7 -11 -14 -9 -5 -5 -5 -2 -1 -3 1 4 9 2 -6 -17 -23 -29 -32 -30 -24 -36 -39 -23 -23 -10 0 1 0 2 13 4 -2 0 5 11 17 13 18 14 6 0 1 3 2 13 22 22 16 19 24 19 23 31 34 37 39 42 43 42 47 49 50 57 60 66 69 70 71 77
14 13 15 16 17 17 16 15 10 8 5 7 11 3 5 10 7 7 2 -1 -8 -16 -8 -4 -3 -9 -13 -18 -16 -9 -10 -10 -9 -6 -7 -10 -10 -6 -5 5 2 -4 -10 -20 -26 -31 -18 -29 -32 -29 -15 -16 -13 -12 -10 0 8 -6 -10 -3 -6 -1 8 8 19 14 7 8 1 -2 1 2 8 9 5 4 9 11 15 23 31 37 40 39 40 45 47 53 54 57 62 65 65 67 68 74
12 10 13 14 16 16 16 15 13 6 0 1 9 8 8 7 4 3 2 -4 -13 -16 -8 -2 -12 -11 -15 -21 -13 -7 -16 -16 -8 -3 -3 -6 -9 -9 -7 8 7 0 -1 -8 -21 -16 -15 -19 -22 -28 -33 -20 -21 -14 -2 -5 -16 -15 -21 -23 -15 -12 -8 -2 9 13 4 -3 -9 -5 7 15 0 2 2 2 9 16 20 27 32 37 32 32 40 44 46 48 49 61 64 63 65 66 66 71
9 7 7 10 14 15 15 14 13 12 0 -1 -2 1 1 1 2 -2 -5 -9 -20 -18 -8 -6 -17 -18 -27 -20 -14 -17 -20 -7 -7 -7 -1 -1 -2 0 0 5 5 1 -2 -3 -6 -9 -10 -10 -20 -19 -23 -15 -14 -10 -25 -27 -22 -15 -21 -27 -24 -19 -12 -4 3 -1 -1 -9 -13 -4 7 16 8 2 5 2 4 14 21 25 28 33 38 40 43 44 45 52 55 59 62 58 63 66 69 71
