test/HelianthusTinyTest/asciifiles/nabio_6.asc
ncols  170
nrows  166
xllcorner  -106.083333333333
yllcorner  39.5916666666667
cellsize 0.00833333333332943
NODATA_value  -9999
[rows 38 to 75 of 166, columns 85 to 169 of 170]
-104 -104 -104 -104 -105 -105 -105 -106 -104 -102 -102 -103 -102 -101 -101 -101 -101 -101 -101 -101 -102 -101 -101 -101 -101 -101 -102 -101 -101 -101 -101 -101 -101 -101 -101 -101 -101 -101 -101 -101 -102 -102 -102 -102 -102 -102 -102 -102 -102 -103 -103 -102 -102 -103 -103 -104 -104 -104 -103 -103 -104 -105 -105 -105 -105 -105 -105 -105 -105 -105 -105 -107 -107 -107 -107 -107 -107 -107 -108 -108 -108 -109 -109 -109 -109
-104 -104 -105 -104 -106 -105 -105 -104 -104 -103 -101 -101 -101 -101 -101 -101 -101 -101 -101 -102 -101 -102 -101 -101 -101 -101 -101 -101 -101 -101 -101 -101 -102 -101 -101 -101 -101 -101 -101 -101 -101 -101 -102 -103 -103 -102 -102 -102 -102 -102 -103 -102 -103 -103 -103 -103 -104 -104 -104 -103 -104 -104 -104 -105 -105 -105 -105 -105 -105 -106 -106 -107 -107 -107 -107 -107 -107 -107 -108 -108 -108 -109 -109 -109 -109
-104 -104 -108 -114 -107 -105 -106 -105 -105 -102 -102 -102 -101 -101 -101 -102 -100 -101 -100 -101 -101 -102 -102 -101 -101 -101 -101 -101 -101 -102 -102 -102 -102 -102 -102 -102 -101 -101 -101 -101 -101 -101 -102 -103 -103 -103 -103 -102 -102 -102 -103 -103 -103 -103 -103 -103 -103 -104 -104 -104 -104 -104 -105 -105 -105 -105 -105 -105 -106 -106 -106 -106 -107 -107 -107 -107 -107 -107 -108 -108 -108 -109 -109 -109 -109
-105 -104 -106 -111 -114 -108 -107 -107 -105 -103 -102 -103 -102 -100 -101 -100 -101 -100 -101 -101 -101 -102 -102 -101 -101 -101 -102 -102 -102 -102 -102 -102 -102 -102 -102 -102 -102 -101 -101 -101 -101 -101 -102 -102 -103 -103 -103 -102 -102 -102 -103 -103 -103 -103 -103 -103 -103 -104 -105 -104 -104 -104 -105 -105 -105 -105 -105 -106 -106 -106 -106 -106 -107 -107 -107 -107 -107 -107 -108 -108 -109 -109 -109 -109 -109
-108 -105 -106 -109 -113 -113 -108 -105 -106 -106 -104 -103 -102 -101 -101 -102 -101 -100 -100 -101 -101 -101 -101 -101 -101 -102 -101 -102 -102 -102 -102 -102 -102 -102 -102 -102 -102 -102 -102 -101 -101 -102 -102 -102 -103 -103 -103 -102 -102 -102 -103 -103 -103 -103 -103 -103 -104 -104 -105 -105 -105 -104 -104 -105 -105 -106 -105 -106 -106 -106 -106 -106 -107 -107 -107 -107 -107 -107 -108 -108 -109 -109 -109 -109 -109
-107 -106 -104 -106 -112 -115 -112 -106 -104 -104 -104 -103 -103 -101 -101 -103 -101 -101 -100 -100 -101 -101 -102 -101 -101 -101 -101 -102 -102 -102 -101 -101 -101 -101 -101 -101 -102 -102 -102 -102 -102 -102 -102 -102 -102 -103 -103 -103 -102 -102 -103 -104 -103 -103 -103 -103 -103 -104 -105 -105 -105 -105 -104 -105 -105 -106 -106 -106 -106 -106 -106 -106 -107 -107 -107 -108 -108 -107 -107 -108 -109 -109 -109 -109 -109
-108 -106 -104 -102 -102 -108 -110 -109 -105 -104 -101 -101 -100 -100 -101 -103 -101 -100 -100 -100 -100 -101 -101 -101 -102 -101 -102 -102 -102 -102 -102 -101 -101 -101 -101 -101 -101 -102 -102 -102 -102 -102 -102 -102 -102 -103 -103 -103 -103 -102 -103 -104 -103 -103 -103 -104 -104 -104 -105 -105 -105 -105 -104 -105 -106 -106 -106 -106 -106 -106 -106 -106 -107 -107 -107 -108 -108 -108 -108 -108 -109 -109 -109 -109 -109
-106 -105 -104 -102 -101 -107 -108 -107 -105 -104 -102 -102 -101 -100 -100 -102 -102 -102 -100 -100 -101 -101 -101 -101 -102 -101 -101 -102 -102 -102 -102 -101 -101 -101 -101 -101 -101 -101 -102 -102 -102 -102 -102 -102 -102 -102 -103 -103 -103 -103 -103 -104 -104 -104 -103 -103 -104 -104 -105 -105 -105 -105 -105 -104 -106 -106 -106 -106 -106 -106 -106 -106 -107 -107 -107 -108 -108 -108 -109 -108 -109 -109 -109 -109 -109
-107 -104 -103 -102 -100 -102 -107 -107 -106 -105 -102 -100 -101 -100 -100 -100 -101 -101 -101 -100 -100 -100 -101 -101 -102 -102 -102 -102 -102 -102 -102 -102 -101 -101 -101 -101 -101 -101 -102 -102 -103 -102 -102 -102 -102 -102 -103 -103 -103 -103 -103 -103 -104 -104 -104 -103 -104 -104 -105 -105 -105 -105 -105 -105 -106 -106 -106 -106 -106 -106 -106 -106 -107 -107 -108 -108 -108 -108 -109 -108 -109 -109 -109 -109 -109
-103 -103 -102 -101 -101 -100 -103 -104 -106 -103 -104 -103 -101 -101 -100 -100 -100 -100 -101 -100 -100 -100 -101 -102 -102 -102 -102 -102 -102 -102 -102 -101 -101 -101 -101 -101 -101 -101 -102 -103 -103 -103 -102 -102 -102 -102 -103 -103 -103 -103 -103 -103 -104 -104 -104 -103 -103 -104 -105 -105 -105 -105 -105 -105 -106 -106 -106 -106 -106 -106 -106 -106 -107 -107 -108 -108 -108 -108 -109 -109 -109 -109 -109 -109 -109
-103 -102 -101 -101 -101 -101 -101 -100 -101 -102 -103 -104 -104 -103 -100 -99 -100 -100 -100 -100 -101 -100 -100 -100 -102 -102 -102 -102 -102 -102 -102 -102 -101 -101 -101 -101 -101 -101 -102 -103 -103 -103 -103 -103 -102 -102 -103 -103 -104 -104 -103 -103 -104 -104 -104 -104 -104 -104 -105 -105 -105 -105 -105 -105 -105 -106 -106 -106 -106 -106 -106 -107 -107 -107 -108 -108 -108 -108 -108 -109 -109 -109 -109 -109 -109
-109 -105 -102 -103 -101 -100 -101 -100 -100 -101 -100 -102 -101 -101 -100 -100 -100 -100 -100 -100 -100 -99 -100 -101 -101 -102 -102 -102 -102 -102 -103 -101 -101 -101 -101 -101 -101 -102 -103 -103 -103 -103 -103 -103 -103 -102 -103 -104 -104 -104 -104 -103 -104 -104 -104 -104 -104 -104 -105 -105 -105 -105 -105 -105 -106 -106 -106 -106 -106 -107 -106 -106 -107 -107 -108 -108 -108 -108 -108 -109 -109 -109 -109 -109 -110
-108 -107 -110 -106 -101 -100 -100 -100 -99 -99 -101 -100 -104 -103 -101 -100 -100 -100 -101 -100 -99 -100 -99 -100 -102 -102 -101 -102 -102 -102 -103 -103 -102 -102 -101 -101 -102 -103 -103 -103 -103 -103 -103 -103 -103 -102 -103 -104 -104 -104 -104 -103 -103 -104 -104 -104 -104 -104 -105 -105 -105 -105 -106 -105 -105 -106 -106 -106 -106 -107 -106 -106 -107 -107 -108 -108 -108 -108 -108 -109 -109 -109 -109 -109 -110
-115 -110 -108 -107 -103 -101 -100 -99 -99 -100 -100 -100 -101 -104 -102 -100 -99 -100 -100 -100 -100 -100 -99 -100 -102 -101 -101 -101 -102 -103 -103 -103 -103 -103 -103 -103 -103 -103 -103 -103 -103 -103 -103 -103 -103 -103 -104 -104 -104 -104 -104 -104 -103 -104 -104 -105 -105 -105 -104 -105 -105 -105 -106 -105 -105 -106 -106 -106 -107 -107 -107 -106 -107 -107 -108 -108 -108 -108 -108 -109 -109 -109 -109 -109 -110
-113 -110 -105 -104 -103 -101 -100 -101 -100 -100 -100 -100 -100 -99 -100 -102 -100 -100 -100 -101 -100 -100 -99 -100 -100 -102 -102 -101 -102 -102 -103 -103 -103 -103 -103 -103 -103 -103 -103 -103 -103 -103 -103 -103 -103 -103 -104 -104 -104 -104 -104 -103 -104 -104 -104 -105 -105 -105 -104 -105 -105 -105 -106 -105 -105 -105 -106 -106 -107 -107 -107 -106 -107 -107 -108 -108 -108 -108 -108 -109 -109 -109 -109 -109 -110
-113 -111 -109 -108 -101 -100 -100 -100 -100 -100 -100 -100 -100 -101 -100 -99 -100 -100 -100 -101 -101 -100 -99 -100 -100 -102 -102 -102 -102 -102 -103 -103 -103 -103 -103 -103 -103 -103 -103 -103 -103 -103 -103 -103 -103 -103 -103 -104 -104 -104 -104 -103 -103 -104 -105 -105 -105 -105 -104 -105 -105 -105 -106 -106 -106 -105 -106 -106 -107 -107 -107 -107 -107 -107 -108 -108 -108 -108 -108 -109 -109 -109 -109 -109 -110
-113 -112 -105 -104 -102 -101 -102 -100 -99 -99 -99 -99 -101 -101 -102 -101 -100 -99 -99 -100 -102 -100 -101 -101 -101 -102 -102 -101 -102 -102 -103 -103 -103 -103 -103 -103 -103 -103 -103 -103 -103 -103 -103 -103 -103 -103 -104 -104 -104 -104 -104 -104 -104 -105 -105 -105 -105 -105 -105 -105 -105 -105 -106 -106 -106 -106 -106 -106 -107 -107 -107 -107 -107 -107 -108 -108 -108 -108 -108 -109 -109 -109 -109 -109 -109
-115 -108 -107 -105 -102 -104 -103 -102 -100 -99 -99 -100 -100 -100 -102 -101 -101 -101 -99 -100 -101 -101 -101 -99 -101 -101 -102 -101 -102 -103 -103 -103 -103 -103 -103 -103 -103 -103 -103 -103 -103 -103 -103 -103 -103 -103 -104 -104 -104 -104 -104 -104 -104 -105 -105 -105 -105 -105 -105 -105 -105 -105 -106 -106 -106 -106 -106 -106 -107 -107 -107 -107 -108 -107 -108 -108 -108 -108 -108 -109 -109 -109 -109 -109 -109
-115 -110 -110 -110 -108 -106 -103 -101 -102 -100 -99 -99 -99 -100 -101 -101 -102 -102 -102 -100 -101 -102 -100 -100 -100 -101 -102 -101 -102 -103 -103 -103 -103 -103 -103 -103 -103 -103 -103 -103 -103 -103 -103 -103 -103 -103 -104 -104 -104 -104 -104 -104 -104 -104 -105 -105 -105 -105 -105 -105 -106 -106 -106 -106 -106 -106 -107 -107 -107 -107 -107 -107 -108 -107 -108 -108 -108 -108 -108 -109 -109 -109 -109 -109 -109
-119 -119 -118 -116 -105 -105 -101 -99 -102 -102 -100 -99 -100 -99 -100 -101 -101 -101 -102 -101 -101 -102 -99 -100 -99 -101 -101 -102 -102 -102 -103 -103 -103 -103 -103 -103 -103 -103 -103 -103 -103 -103 -103 -103 -103 -104 -104 -104 -104 -104 -104 -104 -104 -104 -105 -105 -105 -105 -105 -105 -106 -106 -106 -106 -106 -106 -107 -107 -107 -107 -107 -107 -107 -108 -108 -108 -108 -108 -108 -109 -109 -109 -109 -109 -109
-131 -129 -120 -112 -109 -102 -102 -99 -100 -103 -101 -100 -99 -99 -99 -101 -101 -102 -102 -102 -102 -101 -101 -99 -99 -101 -101 -102 -102 -103 -103 -103 -103 -103 -103 -103 -103 -103 -103 -104 -104 -104 -104 -103 -103 -104 -104 -104 -104 -104 -104 -104 -104 -104 -105 -105 -105 -105 -105 -105 -105 -106 -106 -106 -106 -106 -106 -107 -107 -107 -107 -107 -107 -108 -108 -108 -108 -108 -108 -109 -109 -109 -109 -109 -109
-129 -126 -116 -112 -112 -105 -101 -99 -99 -99 -99 -99 -99 -99 -98 -99 -101 -102 -102 -103 -103 -102 -101 -100 -99 -100 -102 -101 -102 -103 -103 -103 -103 -103 -103 -103 -103 -104 -104 -104 -104 -104 -103 -103 -104 -104 -104 -104 -104 -104 -104 -104 -105 -104 -105 -105 -105 -105 -105 -105 -105 -106 -106 -106 -106 -106 -106 -107 -107 -107 -107 -107 -107 -107 -108 -108 -108 -108 -108 -108 -109 -109 -109 -109 -109
-123 -124 -116 -109 -110 -111 -99 -99 -99 -99 -99 -98 -98 -99 -98 -98 -100 -102 -102 -102 -103 -102 -102 -100 -99 -100 -102 -102 -102 -103 -103 -103 -103 -103 -103 -103 -103 -103 -103 -103 -104 -104 -103 -103 -104 -104 -104 -104 -104 -104 -104 -104 -105 -105 -104 -105 -105 -105 -105 -105 -105 -106 -106 -106 -106 -106 -106 -106 -107 -107 -107 -107 -107 -107 -108 -108 -108 -108 -108 -108 -109 -109 -109 -109 -109
-122 -117 -115 -109 -102 -99 -99 -99 -99 -98 -99 -99 -99 -98 -99 -98 -100 -101 -102 -102 -104 -102 -103 -102 -99 -100 -102 -102 -102 -103 -103 -104 -104 -103 -103 -103 -103 -103 -103 -103 -104 -103 -103 -104 -104 -104 -104 -104 -104 -104 -104 -104 -105 -105 -105 -105 -105 -105 -105 -105 -105 -105 -106 -106 -106 -106 -106 -106 -107 -107 -107 -107 -107 -107 -108 -108 -108 -108 -108 -108 -109 -109 -109 -109 -109
-107 -104 -105 -100 -99 -100 -99 -98 -99 -99 -98 -99 -99 -99 -98 -99 -99 -100 -103 -102 -104 -104 -103 -103 -102 -101 -102 -102 -103 -103 -104 -104 -104 -104 -104 -103 -104 -104 -104 -103 -104 -103 -104 -104 -104 -104 -104 -104 -104 -104 -104 -104 -105 -105 -105 -105 -105 -105 -105 -105 -105 -105 -106 -106 -106 -106 -106 -106 -106 -107 -107 -107 -107 -107 -107 -108 -108 -108 -108 -108 -109 -109 -109 -109 -109
-100 -99 -99 -99 -99 -99 -99 -103 -101 -99 -99 -99 -100 -99 -98 -99 -99 -100 -102 -103 -103 -104 -104 -104 -103 -103 -103 -103 -102 -103 -104 -104 -104 -104 -104 -104 -104 -104 -104 -104 -104 -103 -104 -104 -104 -104 -104 -104 -104 -104 -104 -104 -105 -105 -105 -105 -105 -105 -105 -105 -105 -105 -105 -106 -106 -106 -106 -106 -106 -107 -107 -107 -107 -107 -107 -108 -108 -108 -108 -108 -108 -108 -109 -109 -109
-99 -100 -99 -100 -98 -99 -101 -103 -101 -99 -98 -99 -99 -98 -98 -98 -101 -101 -101 -103 -102 -104 -104 -104 -104 -104 -102 -103 -103 -103 -104 -104 -104 -104 -104 -104 -104 -104 -104 -104 -104 -104 -104 -104 -104 -104 -104 -104 -104 -104 -104 -104 -105 -105 -105 -105 -105 -105 -105 -105 -105 -105 -106 -106 -106 -106 -106 -106 -106 -107 -107 -107 -107 -107 -107 -108 -108 -108 -108 -108 -108 -108 -109 -110 -109
-99 -100 -98 -98 -99 -98 -99 -99 -99 -99 -98 -99 -99 -100 -98 -99 -99 -101 -103 -103 -104 -104 -104 -104 -104 -103 -103 -104 -104 -104 -104 -104 -104 -104 -104 -104 -104 -104 -104 -104 -104 -104 -104 -104 -104 -104 -104 -104 -104 -104 -104 -104 -105 -105 -105 -105 -105 -105 -105 -105 -105 -106 -105 -106 -106 -106 -106 -106 -107 -107 -107 -107 -107 -107 -108 -108 -108 -108 -108 -108 -108 -108 -108 -109 -110
-101 -99 -99 -98 -99 -103 -100 -99 -99 -99 -99 -99 -100 -100 -98 -100 -101 -102 -102 -101 -104 -102 -104 -104 -104 -104 -104 -104 -104 -104 -104 -104 -104 -104 -104 -104 -104 -104 -104 -104 -104 -104 -104 -104 -104 -104 -104 -104 -104 -104 -104 -104 -105 -105 -105 -105 -105 -105 -105 -105 -105 -106 -105 -106 -106 -106 -106 -106 -107 -107 -107 -107 -107 -107 -108 -108 -108 -108 -108 -108 -108 -108 -108 -110 -109
-99 -99 -101 -101 -101 -108 -107 -113 -106 -101 -98 -98 -99 -100 -100 -99 -99 -99 -102 -102 -103 -104 -104 -104 -104 -104 -104 -104 -104 -104 -104 -104 -104 -104 -104 -104 -104 -104 -104 -104 -104 -104 -105 -104 -104 -104 -104 -104 -104 -104 -104 -104 -105 -105 -105 -105 -105 -105 -105 -105 -106 -106 -105 -105 -106 -106 -106 -106 -106 -107 -107 -107 -107 -107 -108 -108 -107 -108 -108 -108 -108 -109 -108 -108 -109
-116 -100 -98 -100 -109 -103 -100 -98 -102 -102 -99 -98 -98 -98 -100 -99 -99 -99 -101 -102 -103 -103 -103 -104 -104 -104 -104 -104 -104 -104 -104 -104 -104 -104 -104 -104 -104 -104 -104 -104 -104 -104 -105 -105 -105 -104 -104 -104 -104 -104 -104 -104 -104 -105 -105 -105 -105 -105 -105 -105 -106 -106 -106 -106 -106 -106 -106 -106 -106 -107 -107 -106 -107 -107 -107 -108 -108 -108 -108 -108 -108 -108 -109 -108 -109
-120 -112 -102 -101 -100 -103 -100 -102 -99 -99 -98 -99 -99 -98 -98 -99 -99 -99 -101 -101 -102 -103 -103 -102 -104 -104 -104 -104 -104 -104 -104 -104 -104 -104 -104 -104 -104 -104 -104 -104 -104 -104 -105 -104 -105 -105 -105 -105 -104 -104 -104 -104 -105 -105 -105 -105 -105 -105 -105 -105 -105 -106 -106 -106 -105 -106 -106 -106 -106 -107 -106 -106 -106 -107 -107 -108 -108 -107 -107 -108 -108 -108 -108 -108 -108
-120 -120 -112 -108 -99 -100 -99 -99 -99 -98 -98 -98 -98 -98 -98 -99 -100 -100 -101 -101 -102 -102 -103 -103 -103 -104 -104 -104 -104 -104 -104 -104 -104 -104 -104 -104 -104 -104 -104 -104 -104 -104 -104 -105 -105 -105 -105 -105 -105 -105 -105 -104 -104 -105 -105 -105 -105 -105 -105 -105 -105 -105 -106 -106 -105 -105 -106 -106 -106 -106 -107 -107 -107 -107 -107 -107 -108 -108 -108 -108 -108 -108 -108 -108 -108
-125 -121 -120 -107 -100 -98 -99 -99 -98 -98 -98 -98 -98 -98 -98 -100 -100 -101 -101 -101 -102 -102 -102 -102 -102 -103 -104 -104 -104 -104 -104 -104 -104 -104 -104 -104 -104 -104 -104 -104 -104 -104 -105 -105 -105 -104 -104 -105 -104 -104 -104 -105 -104 -104 -105 -105 -105 -105 -105 -105 -105 -105 -106 -105 -105 -105 -105 -106 -106 -106 -106 -107 -107 -107 -107 -107 -107 -107 -108 -108 -108 -108 -108 -109 -109
-112 -119 -115 -109 -103 -100 -98 -98 -99 -98 -98 -98 -98 -97 -98 -100 -101 -101 -101 -100 -102 -101 -102 -102 -102 -102 -103 -104 -104 -104 -104 -104 -104 -104 -104 -104 -104 -104 -104 -104 -104 -105 -105 -105 -105 -105 -105 -104 -104 -104 -104 -104 -104 -104 -104 -105 -106 -105 -105 -105 -105 -105 -105 -106 -105 -105 -105 -106 -106 -106 -106 -107 -107 -107 -107 -107 -107 -107 -107 -107 -107 -108 -109 -109 -109
-113 -108 -106 -104 -102 -98 -98 -99 -99 -99 -98 -97 -98 -98 -98 -99 -101 -101 -99 -100 -101 -100 -102 -101 -102 -103 -103 -104 -104 -104 -104 -104 -104 -104 -104 -104 -104 -104 -104 -104 -105 -105 -105 -105 -105 -105 -104 -104 -104 -104 -104 -104 -104 -104 -104 -104 -105 -106 -105 -105 -105 -105 -105 -105 -106 -106 -106 -105 -106 -106 -106 -106 -106 -106 -107 -107 -107 -107 -107 -107 -107 -107 -107 -108 -109
-120 -121 -116 -106 -100 -98 -98 -98 -98 -98 -98 -98 -98 -99 -98 -98 -100 -99 -99 -99 -99 -101 -102 -101 -102 -103 -103 -103 -104 -104 -104 -104 -104 -104 -104 -104 -104 -104 -104 -104 -105 -105 -105 -105 -104 -104 -104 -104 -104 -104 -104 -104 -104 -104 -104 -104 -104 -105 -105 -105 -105 -105 -105 -105 -105 -105 -106 -106 -106 -106 -106 -106 -106 -106 -106 -106 -106 -108 -107 -107 -107 -107 -107 -108 -108
-117 -114 -115 -109 -101 -98 -98 -98 -99 -98 -98 -99 -98 -98 -98 -98 -99 -98 -99 -99 -98 -99 -102 -101 -102 -103 -103 -103 -104 -104 -104 -104 -104 -104 -104 -104 -104 -104 -104 -104 -105 -105 -105 -104 -104 -104 -104 -104 -104 -104 -104 -104 -104 -104 -104 -104 -104 -104 -104 -105 -106 -106 -105 -105 -105 -105 -105 -105 -105 -105 -107 -106 -106 -106 -106 -106 -106 -106 -108 -107 -107 -107 -107 -107 -108
