test/HelianthusTinyTest/asciifiles/nabio_6.asc
ncols  170
nrows  166
xllcorner  -106.083333333333
yllcorner  39.5916666666667
cellsize 0.00833333333332943
NODATA_value  -9999
[rows 76 to 113 of 166, columns 0 to 84 of 170]
-167 -167 -167 -167 -167 -167 -167 -167 -167 -166 -167 -165 -166 -168 -176 -177 -170 -166 -166 -165 -164 -164 -164 -164 -163 -164 -163 -163 -162 -161 -161 -161 -161 -161 -163 -168 -174 -174 -176 -164 -163 -176 -174 -167 -166 -167 -161 -159 -154 -156 -155 -155 -152 -150 -147 -147 -140 -137 -139 -137 -127 -123 -124 -136 -142 -133 -121 -118 -116 -111 -115 -135 -131 -126 -123 -121 -116 -111 -109 -123 -128 -131 -125 -121 -119
-168 -167 -168 -167 -168 -166 -168 -167 -168 -168 -167 -166 -166 -167 -169 -172 -172 -172 -168 -167 -166 -164 -163 -164 -163 -164 -164 -163 -163 -162 -161 -161 -161 -161 -161 -162 -164 -166 -167 -162 -162 -166 -172 -175 -176 -177 -168 -159 -159 -159 -158 -156 -154 -152 -151 -150 -147 -142 -139 -140 -131 -127 -126 -128 -141 -140 -129 -121 -116 -118 -118 -127 -137 -134 -129 -124 -123 -111 -105 -115 -123 -124 -119 -116 -116
-167 -168 -168 -167 -168 -168 -168 -167 -166 -167 -167 -167 -166 -166 -166 -167 -168 -171 -170 -167 -167 -167 -164 -163 -164 -164 -165 -164 -163 -162 -162 -162 -161 -160 -160 -160 -160 -161 -160 -170 -167 -169 -172 -176 -178 -179 -181 -161 -161 -162 -158 -154 -154 -152 -149 -145 -144 -142 -141 -142 -138 -137 -141 -135 -139 -142 -128 -122 -127 -129 -125 -128 -130 -139 -133 -129 -127 -124 -122 -108 -108 -111 -120 -115 -119
-167 -168 -168 -168 -168 -168 -167 -167 -167 -167 -166 -166 -166 -166 -165 -165 -166 -171 -171 -170 -169 -167 -166 -164 -163 -164 -165 -164 -164 -162 -162 -162 -161 -160 -163 -163 -164 -164 -164 -169 -175 -173 -167 -176 -171 -179 -175 -176 -173 -165 -157 -155 -153 -149 -148 -148 -147 -146 -145 -142 -144 -146 -146 -143 -140 -142 -134 -138 -142 -143 -140 -136 -135 -141 -140 -131 -130 -130 -127 -116 -107 -101 -102 -113 -119
-169 -169 -169 -169 -168 -167 -167 -167 -167 -167 -167 -166 -166 -166 -166 -166 -167 -169 -168 -169 -167 -166 -165 -164 -164 -164 -165 -165 -164 -163 -162 -162 -161 -161 -165 -169 -165 -166 -167 -167 -170 -172 -165 -165 -169 -178 -180 -182 -180 -164 -159 -155 -152 -150 -151 -152 -151 -151 -151 -150 -148 -153 -150 -145 -142 -141 -144 -151 -147 -146 -140 -137 -141 -140 -138 -133 -128 -128 -125 -130 -125 -122 -106 -100 -105
-168 -169 -169 -168 -168 -168 -168 -168 -167 -167 -167 -167 -166 -166 -166 -166 -167 -168 -168 -167 -165 -165 -164 -164 -164 -165 -165 -165 -164 -163 -162 -162 -161 -161 -163 -168 -166 -163 -162 -163 -164 -167 -164 -162 -169 -174 -177 -178 -166 -170 -165 -156 -154 -154 -157 -154 -157 -161 -160 -159 -154 -155 -153 -148 -143 -143 -151 -157 -153 -147 -140 -140 -138 -136 -129 -126 -129 -130 -130 -133 -130 -129 -121 -103 -101
-169 -169 -168 -168 -168 -167 -168 -167 -167 -169 -168 -168 -168 -167 -166 -167 -168 -170 -170 -168 -165 -164 -165 -165 -164 -165 -165 -165 -166 -165 -163 -161 -161 -162 -165 -163 -163 -160 -158 -158 -158 -157 -157 -162 -172 -165 -171 -178 -175 -164 -160 -167 -170 -155 -164 -159 -160 -168 -172 -167 -157 -152 -149 -145 -142 -144 -149 -159 -159 -151 -138 -134 -132 -126 -124 -121 -122 -123 -124 -132 -133 -128 -120 -111 -100
-169 -169 -169 -168 -168 -168 -167 -168 -168 -170 -172 -171 -169 -169 -167 -167 -167 -170 -169 -167 -166 -165 -165 -165 -165 -166 -167 -166 -166 -165 -164 -163 -161 -162 -162 -162 -162 -160 -159 -159 -160 -163 -157 -157 -161 -167 -177 -182 -182 -169 -169 -185 -169 -157 -170 -170 -169 -172 -175 -167 -160 -153 -148 -144 -142 -140 -145 -152 -160 -150 -140 -135 -125 -124 -120 -118 -118 -114 -121 -126 -128 -122 -105 -101 -101
-169 -169 -169 -169 -169 -168 -168 -169 -169 -172 -174 -172 -169 -168 -168 -166 -166 -166 -167 -165 -165 -165 -165 -165 -165 -167 -167 -166 -166 -165 -165 -163 -163 -161 -161 -160 -160 -160 -159 -162 -165 -165 -169 -160 -156 -170 -174 -185 -185 -178 -183 -177 -170 -160 -171 -183 -184 -181 -170 -165 -162 -154 -150 -144 -142 -140 -141 -147 -151 -150 -143 -140 -135 -123 -118 -118 -114 -116 -107 -115 -110 -107 -101 -104 -108
-170 -170 -169 -169 -168 -168 -167 -169 -171 -172 -170 -171 -169 -168 -167 -166 -166 -166 -166 -166 -166 -165 -166 -166 -166 -168 -167 -167 -166 -166 -165 -165 -164 -162 -162 -160 -160 -159 -161 -166 -172 -172 -165 -165 -160 -157 -162 -171 -185 -187 -189 -184 -173 -167 -173 -187 -187 -181 -171 -165 -159 -155 -151 -145 -142 -140 -137 -140 -144 -149 -143 -144 -132 -119 -120 -123 -114 -113 -106 -105 -107 -103 -110 -114 -112
-170 -169 -170 -169 -169 -168 -168 -169 -171 -172 -170 -169 -168 -167 -167 -167 -166 -166 -166 -166 -166 -165 -166 -167 -167 -168 -167 -167 -166 -166 -165 -162 -162 -162 -161 -161 -161 -162 -164 -167 -171 -175 -178 -164 -165 -166 -160 -159 -164 -166 -171 -179 -181 -177 -177 -189 -192 -177 -184 -176 -167 -157 -148 -145 -143 -138 -137 -134 -138 -140 -140 -135 -132 -121 -115 -112 -114 -112 -119 -113 -111 -108 -106 -123 -117
-170 -170 -169 -168 -169 -168 -168 -168 -169 -169 -168 -168 -167 -167 -167 -167 -166 -166 -166 -166 -165 -165 -166 -166 -167 -168 -168 -167 -166 -164 -163 -162 -162 -161 -162 -161 -161 -160 -161 -166 -171 -169 -176 -177 -175 -170 -167 -161 -180 -175 -181 -181 -175 -189 -185 -180 -186 -191 -185 -173 -161 -153 -146 -145 -141 -138 -135 -132 -129 -135 -135 -137 -130 -122 -117 -118 -118 -125 -125 -119 -108 -111 -105 -120 -112
-170 -170 -170 -169 -169 -168 -168 -168 -168 -168 -167 -167 -168 -167 -166 -167 -166 -166 -167 -167 -166 -165 -166 -166 -168 -168 -168 -167 -165 -164 -164 -164 -162 -161 -161 -161 -160 -160 -161 -163 -166 -163 -166 -168 -174 -177 -168 -172 -186 -190 -192 -171 -172 -170 -174 -166 -173 -171 -176 -175 -168 -156 -149 -145 -142 -138 -135 -133 -131 -126 -129 -134 -133 -124 -121 -123 -125 -125 -122 -118 -107 -104 -102 -102 -101
-169 -171 -171 -170 -169 -169 -168 -168 -168 -168 -168 -168 -167 -168 -168 -169 -168 -167 -169 -168 -169 -168 -167 -167 -168 -168 -168 -166 -165 -165 -164 -163 -162 -161 -162 -162 -161 -160 -160 -159 -158 -158 -159 -162 -161 -164 -168 -168 -177 -184 -176 -167 -166 -166 -170 -169 -164 -159 -161 -166 -162 -154 -150 -147 -142 -138 -134 -137 -137 -132 -128 -127 -132 -127 -128 -130 -124 -122 -122 -112 -102 -101 -100 -101 -101
-170 -171 -171 -171 -171 -170 -168 -169 -169 -168 -168 -170 -169 -168 -170 -170 -168 -169 -170 -170 -170 -169 -168 -168 -168 -168 -167 -167 -166 -165 -166 -164 -163 -161 -162 -161 -161 -162 -162 -160 -159 -161 -173 -168 -168 -163 -163 -159 -164 -177 -176 -170 -160 -160 -161 -167 -165 -159 -155 -154 -151 -151 -150 -144 -140 -132 -131 -128 -134 -132 -132 -128 -124 -122 -116 -122 -122 -111 -121 -110 -102 -104 -100 -99 -99
-170 -169 -170 -171 -171 -170 -170 -170 -168 -168 -171 -171 -168 -169 -171 -171 -168 -169 -170 -170 -170 -169 -169 -169 -168 -168 -167 -167 -166 -166 -165 -165 -163 -161 -163 -166 -162 -162 -165 -163 -158 -160 -170 -169 -173 -175 -174 -171 -168 -181 -169 -166 -163 -158 -154 -155 -153 -156 -154 -151 -149 -148 -137 -136 -135 -132 -134 -131 -129 -130 -124 -116 -115 -113 -115 -107 -110 -105 -108 -107 -103 -106 -101 -99 -101
-170 -170 -171 -170 -171 -171 -171 -169 -169 -170 -171 -170 -170 -170 -171 -171 -168 -170 -170 -170 -170 -170 -170 -169 -169 -168 -168 -167 -167 -166 -165 -166 -164 -162 -162 -163 -164 -163 -165 -168 -162 -161 -162 -163 -170 -174 -177 -184 -184 -186 -185 -176 -169 -161 -156 -153 -152 -150 -149 -149 -143 -143 -144 -143 -140 -138 -134 -131 -129 -126 -127 -133 -134 -131 -126 -126 -117 -111 -118 -106 -103 -101 -103 -103 -103
-170 -170 -169 -170 -170 -171 -171 -170 -169 -171 -170 -170 -172 -171 -171 -171 -169 -169 -171 -170 -170 -170 -170 -169 -169 -169 -168 -167 -166 -166 -165 -165 -164 -163 -161 -162 -161 -164 -166 -168 -168 -168 -167 -159 -162 -166 -171 -176 -182 -177 -179 -173 -165 -159 -155 -156 -154 -153 -147 -146 -143 -149 -151 -146 -142 -139 -136 -134 -131 -126 -134 -134 -132 -139 -134 -135 -121 -114 -112 -108 -106 -108 -111 -116 -111
-170 -170 -170 -169 -169 -171 -171 -171 -172 -170 -170 -171 -171 -170 -170 -171 -171 -171 -170 -171 -170 -170 -170 -170 -169 -169 -168 -168 -166 -166 -165 -164 -165 -164 -163 -161 -161 -161 -163 -165 -167 -174 -180 -168 -164 -163 -168 -167 -180 -181 -174 -166 -174 -175 -167 -163 -158 -155 -152 -152 -154 -159 -156 -150 -146 -145 -135 -132 -130 -127 -132 -130 -127 -124 -122 -120 -118 -113 -108 -110 -110 -113 -117 -118 -119
-170 -170 -169 -169 -170 -169 -169 -171 -171 -170 -171 -171 -171 -171 -170 -170 -171 -171 -171 -171 -170 -170 -169 -170 -170 -169 -168 -168 -167 -167 -165 -163 -162 -163 -162 -162 -161 -161 -161 -162 -168 -169 -176 -171 -172 -162 -168 -174 -186 -186 -181 -181 -185 -184 -172 -161 -159 -155 -154 -155 -160 -166 -162 -153 -150 -146 -139 -137 -140 -136 -137 -137 -129 -124 -123 -125 -124 -116 -113 -110 -114 -120 -122 -120 -121
-169 -170 -169 -169 -169 -168 -169 -171 -171 -171 -170 -170 -171 -171 -171 -171 -171 -171 -170 -170 -170 -170 -170 -170 -169 -168 -168 -166 -165 -166 -165 -164 -164 -164 -162 -161 -163 -168 -167 -171 -172 -166 -172 -181 -176 -169 -164 -174 -186 -189 -182 -172 -173 -167 -163 -161 -157 -156 -163 -158 -161 -166 -161 -154 -148 -144 -141 -143 -145 -145 -141 -140 -133 -126 -125 -123 -117 -115 -111 -111 -107 -109 -109 -108 -104
-170 -169 -170 -169 -169 -169 -171 -170 -171 -172 -171 -169 -169 -171 -171 -171 -171 -171 -170 -169 -170 -170 -169 -169 -169 -168 -168 -167 -165 -166 -164 -163 -164 -164 -162 -162 -162 -166 -170 -174 -178 -164 -166 -168 -174 -176 -176 -167 -173 -186 -179 -167 -167 -161 -159 -169 -170 -165 -172 -180 -172 -167 -162 -154 -148 -145 -144 -147 -149 -144 -139 -134 -130 -128 -125 -119 -118 -121 -118 -117 -112 -108 -110 -109 -111
-169 -169 -171 -171 -169 -169 -169 -169 -170 -171 -171 -169 -169 -168 -171 -171 -170 -170 -169 -167 -169 -169 -169 -169 -168 -168 -168 -167 -166 -165 -164 -166 -164 -163 -163 -162 -161 -163 -165 -167 -165 -160 -161 -164 -170 -174 -174 -168 -166 -177 -185 -178 -173 -166 -161 -158 -156 -163 -171 -168 -163 -164 -160 -154 -152 -147 -150 -154 -147 -141 -138 -134 -128 -123 -123 -124 -129 -128 -124 -116 -116 -117 -117 -115 -112
-170 -170 -169 -170 -171 -170 -169 -169 -170 -172 -172 -172 -171 -171 -170 -168 -167 -167 -165 -166 -168 -169 -169 -169 -168 -167 -167 -166 -166 -165 -164 -163 -162 -164 -163 -162 -161 -161 -162 -160 -159 -159 -167 -168 -170 -166 -160 -164 -168 -171 -177 -185 -178 -178 -174 -167 -159 -153 -156 -159 -154 -151 -151 -152 -147 -152 -149 -146 -145 -142 -138 -134 -128 -126 -129 -132 -130 -124 -125 -127 -120 -119 -119 -115 -117
-170 -171 -170 -172 -171 -170 -169 -170 -171 -171 -171 -172 -170 -171 -171 -171 -170 -170 -165 -165 -168 -167 -168 -168 -167 -165 -166 -166 -165 -164 -164 -163 -162 -161 -160 -159 -161 -160 -160 -159 -164 -165 -167 -171 -160 -159 -165 -169 -163 -167 -179 -168 -167 -168 -176 -170 -162 -155 -151 -150 -150 -148 -147 -147 -147 -145 -145 -144 -140 -139 -138 -138 -136 -137 -135 -133 -129 -127 -129 -127 -124 -124 -121 -119 -116
-170 -172 -171 -172 -172 -170 -169 -170 -172 -172 -170 -171 -171 -171 -171 -170 -168 -170 -169 -163 -165 -166 -165 -166 -168 -166 -166 -168 -166 -164 -163 -164 -164 -161 -160 -159 -158 -157 -159 -159 -161 -163 -169 -172 -159 -163 -167 -162 -163 -154 -159 -163 -163 -165 -176 -169 -163 -159 -154 -152 -150 -150 -149 -147 -145 -146 -143 -139 -137 -136 -136 -137 -136 -135 -136 -134 -131 -128 -130 -130 -121 -114 -112 -122 -118
-172 -172 -172 -172 -171 -171 -171 -171 -171 -171 -168 -169 -170 -170 -170 -168 -167 -167 -167 -162 -163 -162 -162 -167 -168 -168 -166 -166 -166 -165 -166 -164 -163 -163 -163 -161 -161 -160 -157 -156 -158 -161 -163 -160 -157 -158 -163 -156 -154 -154 -154 -154 -160 -171 -178 -169 -166 -160 -155 -163 -156 -151 -149 -148 -146 -145 -144 -143 -141 -141 -140 -137 -136 -133 -132 -132 -131 -131 -129 -129 -126 -115 -109 -112 -111
-172 -171 -172 -172 -170 -172 -172 -170 -169 -168 -164 -166 -168 -169 -166 -165 -165 -162 -162 -162 -162 -166 -166 -167 -168 -168 -167 -166 -166 -165 -164 -164 -163 -162 -161 -161 -161 -160 -160 -156 -155 -158 -158 -156 -156 -156 -155 -155 -158 -167 -167 -161 -158 -179 -173 -165 -166 -172 -170 -164 -157 -153 -148 -147 -147 -146 -144 -142 -142 -140 -138 -138 -136 -136 -138 -134 -134 -131 -126 -122 -119 -111 -109 -107 -105
-170 -170 -169 -172 -168 -167 -165 -164 -164 -164 -167 -164 -164 -163 -163 -163 -163 -162 -163 -166 -166 -166 -167 -167 -167 -167 -168 -167 -166 -165 -165 -164 -162 -163 -161 -161 -161 -160 -160 -159 -155 -154 -156 -155 -157 -155 -156 -154 -162 -167 -173 -169 -162 -177 -171 -175 -187 -185 -178 -170 -165 -157 -155 -150 -149 -147 -146 -145 -143 -142 -139 -138 -138 -139 -137 -135 -133 -130 -125 -130 -128 -121 -115 -111 -111
-171 -170 -165 -165 -165 -165 -165 -170 -170 -171 -171 -166 -164 -163 -163 -163 -166 -166 -166 -166 -166 -167 -167 -167 -166 -168 -166 -165 -165 -166 -164 -163 -164 -162 -161 -161 -162 -161 -160 -159 -158 -156 -156 -157 -159 -165 -159 -162 -155 -157 -167 -171 -168 -180 -177 -185 -186 -177 -175 -172 -164 -160 -157 -153 -150 -148 -147 -146 -143 -143 -141 -140 -138 -138 -135 -134 -131 -130 -129 -132 -134 -130 -122 -114 -122
-168 -166 -166 -168 -167 -171 -171 -171 -171 -171 -171 -171 -168 -166 -163 -163 -163 -166 -166 -166 -167 -167 -167 -167 -167 -166 -166 -165 -165 -165 -164 -164 -163 -162 -161 -160 -161 -162 -161 -160 -159 -158 -156 -156 -158 -162 -172 -169 -165 -162 -156 -165 -165 -179 -181 -173 -169 -166 -161 -161 -158 -157 -152 -152 -150 -148 -146 -146 -144 -143 -142 -140 -139 -137 -136 -135 -134 -132 -132 -133 -134 -133 -127 -125 -120
-168 -170 -171 -169 -170 -171 -171 -171 -170 -170 -170 -170 -169 -167 -165 -163 -163 -163 -163 -163 -163 -163 -163 -166 -166 -164 -167 -166 -165 -165 -163 -163 -163 -162 -162 -161 -161 -161 -162 -163 -163 -160 -159 -157 -156 -158 -167 -176 -170 -168 -161 -166 -170 -182 -185 -174 -174 -166 -166 -158 -157 -155 -154 -153 -152 -151 -148 -146 -144 -143 -141 -141 -140 -139 -135 -134 -133 -126 -124 -122 -123 -123 -117 -113 -111
-167 -168 -171 -171 -171 -171 -171 -171 -170 -170 -170 -170 -169 -167 -166 -166 -165 -164 -163 -163 -164 -168 -164 -162 -167 -166 -165 -165 -166 -164 -163 -163 -163 -163 -162 -161 -161 -160 -160 -161 -161 -160 -159 -161 -159 -156 -163 -172 -182 -171 -163 -159 -185 -187 -178 -164 -164 -162 -160 -161 -160 -159 -159 -158 -157 -155 -151 -145 -144 -143 -142 -139 -137 -137 -133 -129 -125 -125 -122 -119 -120 -113 -121 -130 -122
-171 -168 -169 -170 -171 -171 -170 -170 -169 -170 -170 -171 -170 -170 -167 -166 -164 -164 -164 -163 -167 -166 -164 -166 -165 -167 -165 -165 -165 -164 -163 -163 -162 -162 -161 -162 -162 -162 -161 -161 -161 -161 -160 -162 -162 -158 -155 -173 -182 -174 -180 -175 -186 -178 -173 -179 -167 -169 -169 -168 -167 -162 -159 -165 -163 -154 -147 -144 -142 -142 -140 -136 -133 -128 -131 -130 -131 -135 -135 -130 -128 -129 -120 -123 -116
-171 -172 -171 -171 -171 -171 -171 -170 -169 -169 -170 -170 -169 -170 -168 -166 -165 -165 -164 -163 -168 -166 -167 -166 -166 -166 -166 -164 -165 -163 -163 -163 -162 -162 -161 -162 -162 -162 -162 -160 -160 -160 -160 -166 -169 -163 -157 -159 -170 -170 -172 -185 -188 -185 -178 -175 -175 -175 -177 -172 -171 -169 -169 -170 -157 -152 -146 -145 -141 -139 -139 -139 -137 -136 -135 -134 -134 -134 -134 -129 -127 -124 -118 -115 -109
-171 -171 -171 -170 -171 -170 -171 -171 -170 -170 -170 -170 -170 -170 -168 -165 -165 -164 -167 -168 -168 -166 -167 -167 -167 -166 -166 -165 -164 -164 -163 -162 -162 -163 -162 -161 -161 -161 -161 -162 -161 -159 -159 -162 -164 -169 -164 -157 -156 -161 -164 -166 -177 -187 -186 -186 -175 -165 -164 -167 -164 -163 -166 -158 -151 -148 -145 -144 -143 -142 -142 -140 -137 -136 -134 -135 -128 -129 -125 -122 -125 -120 -116 -110 -108
-171 -171 -170 -170 -170 -169 -170 -171 -171 -170 -169 -170 -169 -167 -166 -165 -165 -164 -167 -168 -167 -167 -167 -167 -165 -165 -165 -165 -165 -163 -163 -163 -162 -162 -162 -161 -161 -161 -161 -164 -161 -161 -160 -161 -164 -173 -169 -165 -161 -161 -175 -177 -172 -177 -170 -183 -180 -173 -163 -159 -158 -157 -155 -153 -149 -147 -145 -143 -143 -143 -141 -135 -130 -128 -124 -124 -123 -122 -121 -113 -115 -114 -112 -111 -110
-171 -171 -170 -171 -170 -170 -170 -170 -171 -169 -168 -168 -167 -167 -167 -166 -166 -165 -165 -168 -167 -167 -167 -166 -166 -165 -165 -165 -165 -164 -163 -163 -162 -162 -162 -161 -161 -163 -163 -164 -163 -161 -163 -163 -162 -165 -170 -174 -166 -163 -167 -187 -186 -182 -172 -162 -161 -158 -155 -154 -154 -154 -153 -153 -149 -146 -144 -143 -143 -143 -142 -140 -135 -129 -131 -134 -133 -126 -124 -132 -125 -122 -118 -116 -114
