test/HelianthusTinyTest/asciifiles/nabio_18.asc
ncols  170
nrows  166
xllcorner  -106.083333333333
yllcorner  39.5916666666667
cellsize 0.00833333333332943
NODATA_value  -9999
[rows 84 to 125 of 166, columns 0 to 93 of 170]
149 146 147 150 152 156 164 169 172 179 185 181 176 170 167 166 164 168 171 166 161 159 159 156 152 149 146 146 147 146 148 153 156 159 164 162 158 154 160 176 183 183 190 175 168 193 201 221 219 207 216 207 198 185 200 219 224 214 201 196 192 182 176 166 164 163 166 177 184 183 174 170 165 159 157 157 156 157 154 159 156 155 149 153 157 152 146 146 151 148 146 144 142 138
143 149 150 152 156 156 163 171 178 182 175 177 174 170 164 164 162 164 168 170 166 157 153 153 149 144 145 146 146 147 148 148 148 156 151 146 146 165 170 183 195 195 183 186 176 169 182 198 218 221 229 218 201 193 202 229 227 213 202 196 187 185 177 169 163 163 160 165 171 182 174 176 163 157 157 159 156 156 151 153 154 152 157 159 159 157 155 148 148 145 140 140 138 137
143 146 148 147 153 158 163 170 178 178 174 171 167 165 164 162 161 160 162 167 169 164 152 151 146 145 145 145 144 144 143 141 143 143 144 157 167 175 178 184 191 200 203 183 184 187 179 178 186 190 198 209 213 208 208 235 241 209 221 210 198 185 171 167 165 160 160 160 163 166 168 164 162 157 154 154 156 155 159 156 156 154 154 164 162 155 154 150 144 144 142 138 136 136
143 140 151 153 151 156 161 167 171 172 169 167 164 162 161 159 164 164 159 159 164 162 157 152 147 143 144 144 144 140 140 140 140 141 154 161 167 169 174 183 191 190 200 203 200 194 190 180 210 201 210 210 204 229 224 212 224 237 225 205 190 179 168 167 163 160 160 157 157 163 163 166 161 157 155 157 157 162 162 160 154 156 153 163 159 155 154 155 146 143 142 146 135 136
146 142 143 151 153 154 158 163 168 165 161 160 159 156 160 154 159 157 154 151 156 157 156 156 141 141 143 144 139 139 140 149 140 141 143 146 146 153 169 177 183 180 186 188 198 203 190 198 219 231 235 198 199 198 204 195 203 202 208 208 198 185 174 168 164 160 158 157 158 156 158 163 163 158 157 159 160 162 160 159 154 151 148 149 148 145 142 148 144 140 135 136 136 135
150 143 140 143 151 151 158 161 160 161 156 154 154 151 151 151 153 152 147 147 144 147 149 149 145 140 141 140 139 139 152 155 159 159 146 146 159 146 148 161 163 169 169 177 180 184 190 191 205 215 203 193 191 192 198 198 190 186 190 196 190 182 175 171 164 160 157 160 163 158 158 158 162 159 161 162 160 160 160 156 148 147 144 145 146 147 148 144 139 140 140 140 140 135
148 145 145 140 146 149 157 155 155 158 151 148 152 151 146 145 151 147 144 142 141 141 147 144 143 139 139 137 137 139 144 151 154 164 169 168 166 170 174 168 164 177 196 189 190 183 183 177 186 206 203 195 183 183 186 193 193 184 179 179 177 176 176 166 161 155 155 155 159 158 160 158 158 157 154 158 159 153 160 154 148 150 143 140 140 141 141 139 143 146 146 140 139 138
148 150 145 139 144 143 148 145 154 154 145 144 155 147 141 141 151 146 139 139 141 141 139 141 140 139 141 138 137 139 140 147 154 162 171 180 173 173 179 177 164 171 191 191 196 200 199 195 191 210 194 191 187 180 175 177 173 180 178 175 172 169 156 156 156 155 157 156 155 157 155 152 152 152 154 149 152 149 151 152 148 152 145 141 145 140 143 147 149 146 146 142 136 136
151 148 143 148 137 139 141 148 151 146 141 148 146 142 139 141 148 144 138 137 136 139 138 138 137 138 138 139 136 136 139 147 149 154 164 174 177 175 180 185 174 174 177 180 191 199 203 215 215 219 218 204 195 185 179 174 171 169 169 169 158 161 162 161 160 160 157 156 155 155 156 160 163 161 158 160 157 153 157 150 146 144 148 150 149 151 150 153 153 145 140 136 135 130
151 146 148 152 152 143 139 145 148 140 145 148 139 138 138 141 147 145 138 136 136 136 136 136 135 136 136 142 144 141 136 143 148 152 156 156 164 177 182 185 185 188 185 172 177 185 193 203 211 204 206 199 188 181 175 180 177 177 164 163 159 175 179 169 164 160 158 157 157 155 160 160 161 169 166 166 157 155 155 152 150 152 156 160 157 159 156 160 152 147 132 140 140 132
146 148 154 154 155 145 140 133 136 136 146 143 136 141 146 141 141 141 141 136 136 135 133 136 133 133 133 136 144 148 144 136 144 147 153 154 160 167 175 180 185 195 205 185 180 180 188 188 206 208 200 190 200 203 194 187 183 180 175 177 180 187 184 177 169 167 157 157 156 155 160 158 158 157 157 157 157 155 151 153 154 156 159 160 162 158 151 145 144 141 137 146 139 139
156 158 157 159 155 151 151 141 133 133 134 135 134 139 141 144 143 138 135 136 133 133 133 133 133 133 133 135 138 142 144 136 136 152 157 164 161 169 170 172 185 188 199 192 193 180 188 199 216 218 211 211 218 216 200 187 183 177 177 180 187 198 192 182 179 172 161 160 164 161 163 163 159 156 157 159 158 155 155 153 156 160 162 161 163 158 153 146 143 146 152 151 150 149
159 160 160 160 160 157 151 142 136 134 133 133 136 136 139 141 143 136 133 133 134 133 133 133 133 133 133 133 133 138 142 136 142 147 155 164 173 183 182 190 190 182 191 208 200 190 182 197 219 225 211 197 200 192 188 186 180 180 190 185 190 195 190 183 175 168 162 167 174 174 170 168 162 158 158 158 155 155 153 153 150 153 154 154 150 151 149 153 146 153 156 151 151 149
155 152 156 153 159 157 148 144 144 135 133 132 131 133 137 138 138 136 133 133 138 138 133 133 133 133 133 133 133 137 136 136 144 147 154 161 172 179 187 193 201 179 182 188 196 200 200 188 196 216 205 191 192 184 183 195 197 192 200 212 203 198 192 183 175 169 169 176 181 172 165 161 160 158 158 155 155 158 157 157 154 152 154 154 157 158 155 151 157 160 158 151 147 145
157 159 145 145 150 159 157 150 149 140 133 130 133 130 135 133 133 133 132 131 133 141 139 133 133 133 133 133 133 133 135 142 144 145 150 153 165 174 178 182 181 172 174 181 190 196 197 189 187 203 216 204 199 191 185 182 180 189 200 195 192 194 188 184 181 175 180 186 177 168 164 161 158 155 157 158 161 162 160 157 157 158 158 158 157 156 155 155 164 160 153 146 146 138
150 155 151 146 145 151 155 150 146 136 135 141 135 133 133 130 130 130 130 130 132 133 139 133 133 133 133 133 133 133 135 136 136 147 148 151 157 165 172 169 166 170 182 187 190 185 178 182 190 196 204 213 205 206 203 193 182 177 182 187 180 177 177 181 174 181 180 176 174 168 165 161 158 157 160 163 163 159 161 162 160 160 160 158 159 156 157 161 163 154 148 142 141 139
149 148 147 138 138 150 156 146 141 138 134 141 144 141 135 137 133 133 130 130 132 132 132 133 133 133 133 133 133 133 135 135 136 136 136 136 145 154 157 164 176 179 184 190 172 172 185 190 182 188 205 191 190 193 205 197 188 180 174 172 174 169 169 169 174 169 170 169 164 164 164 165 164 165 164 163 163 161 163 162 161 162 161 160 159 157 159 166 166 160 154 144 147 136
146 137 148 140 135 147 153 144 137 136 131 134 138 138 134 133 130 133 133 130 130 130 131 132 134 133 133 137 137 133 135 140 145 136 136 136 137 138 142 166 170 178 186 191 170 180 187 180 182 167 179 185 185 188 203 196 189 185 179 177 174 174 174 172 169 171 164 161 161 160 161 164 164 163 165 165 163 163 163 165 160 155 154 162 160 158 160 164 162 160 156 147 139 137
138 135 135 133 132 142 138 141 133 132 130 130 131 131 133 130 130 130 130 130 130 130 130 132 137 139 133 134 139 144 140 144 153 147 145 150 145 150 139 139 160 172 178 174 164 170 181 167 163 164 167 171 181 196 205 196 191 185 179 190 183 179 174 174 171 170 169 167 166 166 165 164 163 161 161 163 163 163 163 163 163 157 152 156 155 158 159 157 158 158 147 144 141 135
138 135 135 135 130 135 138 131 130 130 128 128 130 130 130 130 130 130 130 130 130 131 132 133 134 139 138 135 137 141 147 150 157 162 157 157 154 154 151 139 140 160 166 160 154 157 159 157 175 187 188 182 179 207 199 190 190 200 198 191 185 181 174 172 171 171 169 166 169 164 164 164 164 165 168 165 166 163 161 159 157 153 152 150 148 151 153 150 151 149 147 147 142 137
130 127 129 135 127 127 127 127 127 127 128 127 128 128 128 128 128 129 130 130 130 130 132 132 134 136 140 139 137 142 147 150 152 151 155 156 154 154 154 150 140 141 145 145 155 155 169 157 180 187 197 193 184 204 198 202 222 216 208 198 193 185 182 177 177 174 174 172 169 166 164 164 165 168 167 165 164 163 161 163 163 160 156 155 155 155 153 149 147 143 145 143 146 141
129 127 125 125 126 126 127 130 131 131 132 128 127 128 128 128 130 130 130 130 130 131 132 132 133 136 143 147 138 140 147 151 147 154 159 157 165 165 157 155 154 142 145 157 172 183 175 178 167 172 187 194 192 207 205 216 221 208 202 200 192 188 185 182 180 177 174 174 171 169 169 167 166 167 164 165 163 163 163 166 169 166 161 156 163 160 158 151 145 149 152 150 146 143
127 125 125 127 127 132 132 135 135 135 138 131 130 128 128 128 128 130 130 130 131 132 132 132 133 134 140 148 143 142 142 143 144 150 152 160 166 167 169 167 162 157 145 148 169 179 192 188 183 181 172 186 187 206 209 200 195 193 187 188 185 184 182 179 179 177 177 177 172 170 169 167 167 165 165 165 164 164 165 166 170 168 164 164 160 153 147 151 149 152 152 150 147 144
124 129 129 127 130 132 137 141 140 143 145 135 131 130 129 128 128 129 129 130 130 130 130 134 133 132 136 144 145 140 147 147 150 157 160 159 161 166 171 174 174 166 165 157 152 172 185 200 191 190 180 187 193 211 215 201 201 193 193 184 184 182 182 182 182 182 179 175 174 172 169 169 169 168 165 164 164 160 158 158 160 161 158 155 154 151 154 161 158 156 152 150 147 147
124 127 129 132 135 134 135 141 146 143 141 137 131 130 129 129 129 129 129 130 130 134 130 130 137 140 149 139 139 147 155 155 150 152 159 159 163 162 166 171 171 169 166 172 169 157 180 192 209 192 183 179 215 220 205 187 190 187 185 187 187 187 187 187 186 185 182 174 170 169 169 166 164 166 162 159 158 158 158 156 157 153 160 167 162 160 156 159 161 154 150 146 141 141
129 127 127 129 132 143 144 146 148 147 147 140 136 131 130 129 129 129 130 130 131 131 130 134 133 137 149 149 149 156 159 161 152 150 159 166 169 170 171 169 169 171 169 174 176 169 160 195 208 198 207 200 215 205 198 207 191 195 195 196 194 190 187 195 193 185 176 167 168 169 166 161 161 157 160 160 162 167 168 164 163 166 159 162 158 156 153 151 151 147 146 145 139 135
132 132 132 133 135 135 140 152 153 148 144 143 143 136 130 129 129 130 130 130 134 131 134 137 134 140 145 146 149 154 156 161 155 154 159 164 168 169 170 167 167 169 171 182 185 177 166 174 191 192 195 217 225 218 206 202 203 203 206 201 198 198 198 200 187 182 174 171 166 163 164 165 164 164 164 164 165 165 167 163 163 161 158 156 152 150 153 151 151 149 145 148 143 143
144 140 140 143 145 145 138 137 135 134 136 138 139 134 131 129 130 129 131 134 137 132 136 135 140 141 146 149 152 153 157 159 153 152 155 159 163 167 169 171 171 169 170 174 180 185 180 169 169 178 184 187 203 220 220 217 203 190 190 193 190 191 195 187 181 179 174 171 170 167 166 166 164 164 161 164 159 161 158 158 161 159 155 151 150 148 147 148 150 149 150 150 146 139
139 144 146 151 152 152 143 135 132 132 131 132 131 129 130 129 130 129 131 139 141 134 142 140 134 147 144 144 147 151 153 153 150 150 152 155 161 167 170 174 171 171 171 174 180 192 187 183 177 177 198 203 195 203 192 214 208 200 187 184 184 184 182 182 178 174 171 167 168 169 167 161 157 157 155 155 155 156 156 152 153 153 151 151 152 147 145 143 143 143 147 148 148 150
140 140 143 146 151 152 149 140 133 131 129 130 130 130 130 130 130 130 130 137 138 142 146 146 142 135 140 138 147 151 153 145 152 151 151 156 162 168 174 174 174 171 174 177 176 182 189 195 185 181 188 220 220 210 197 185 184 183 180 180 180 181 181 182 179 173 170 167 168 169 167 167 161 157 160 164 164 158 158 165 161 160 158 157 156 156 154 150 141 141 141 143 139 141
130 132 137 137 146 152 153 149 139 133 132 131 131 131 130 131 131 130 134 135 140 146 149 146 140 137 135 141 144 149 152 146 143 146 150 156 161 169 171 176 172 171 174 182 185 180 189 195 188 192 196 220 217 209 208 204 200 195 190 184 183 179 176 179 179 176 171 166 167 167 168 166 166 166 164 164 164 164 164 162 161 159 156 154 153 152 150 149 145 141 136 143 139 137
132 137 140 140 137 140 155 155 147 140 136 133 132 131 135 138 134 134 134 134 137 143 144 141 144 146 140 137 143 140 147 144 140 147 147 153 154 161 164 164 171 174 171 177 188 193 193 209 196 197 189 194 213 217 220 212 212 203 189 181 181 179 175 175 176 173 170 164 164 166 165 163 163 161 161 159 158 159 158 156 156 156 158 152 153 152 149 146 145 143 139 138 137 132
134 140 142 144 142 137 146 154 151 148 138 138 133 133 140 145 138 135 135 136 135 139 141 139 140 135 143 137 134 140 144 138 143 143 143 148 156 161 167 167 169 170 168 176 188 186 208 200 197 195 188 182 179 192 205 205 205 192 187 181 180 178 176 172 173 167 165 159 159 163 163 161 161 159 159 159 159 158 156 158 155 154 156 150 143 144 145 143 141 138 141 141 150 150
133 137 141 145 146 142 141 140 157 152 145 140 136 135 136 148 142 139 138 137 138 139 134 134 135 134 134 134 134 135 135 135 137 138 141 144 149 154 159 161 163 167 168 171 182 177 193 213 212 196 197 188 186 177 174 192 194 189 181 180 177 176 176 174 173 165 160 158 157 159 160 161 160 159 159 159 158 159 160 158 158 163 159 154 152 156 152 149 147 149 154 148 152 150
127 131 137 142 148 152 142 141 156 157 152 145 143 137 140 141 140 138 137 137 135 137 137 137 134 135 135 134 136 135 135 137 137 137 138 138 144 152 154 159 161 162 163 173 171 174 197 210 202 201 197 192 195 189 174 177 190 184 178 177 174 180 176 170 166 161 159 159 158 159 158 159 158 158 159 161 159 158 158 160 163 163 163 161 159 156 155 156 154 156 157 158 156 159
129 130 133 136 145 150 149 145 147 160 157 152 148 148 148 143 137 138 138 137 137 137 137 137 134 134 136 135 135 137 137 137 138 140 138 138 141 146 150 156 161 164 164 169 174 182 191 199 200 190 183 192 192 188 185 179 169 183 180 180 177 174 174 172 172 164 160 159 159 158 161 162 161 161 160 161 160 164 164 163 162 161 163 168 169 165 164 163 163 163 163 163 162 163
131 132 136 139 142 147 150 148 149 152 162 160 154 150 143 143 148 143 153 140 142 140 138 137 137 137 137 137 137 137 137 137 138 141 141 139 140 143 146 152 156 168 169 178 182 190 193 198 187 184 179 179 179 177 182 183 177 169 175 179 178 175 169 164 162 161 161 161 160 159 159 159 156 158 161 166 165 162 163 163 163 161 161 163 168 166 165 161 161 161 159 161 163 160
136 131 132 139 145 149 154 153 151 154 156 162 162 154 152 148 149 148 157 158 149 142 139 139 139 138 137 137 137 140 137 137 138 143 144 143 141 143 147 155 161 165 167 173 176 182 191 199 187 201 187 187 177 176 171 177 176 169 171 178 175 172 166 164 161 159 159 159 157 158 157 159 163 163 166 168 164 162 160 160 160 160 159 161 162 160 160 159 157 159 156 156 156 162
142 139 136 135 137 142 148 153 154 154 157 160 165 164 160 157 154 150 160 163 156 146 143 142 140 139 137 138 140 140 140 138 140 143 145 146 142 143 147 154 158 161 165 171 179 187 203 207 198 190 187 185 182 179 173 168 169 164 165 161 166 166 169 169 158 158 159 161 161 162 162 164 164 163 164 166 163 162 162 163 161 161 159 160 158 157 156 159 157 157 154 154 154 164
145 142 143 141 137 142 144 153 155 157 159 162 162 165 164 163 159 154 154 154 152 152 142 141 139 139 141 141 141 140 140 140 140 143 145 147 149 144 147 150 156 161 166 170 176 190 203 190 192 184 179 179 179 179 182 179 179 169 174 168 165 158 158 161 159 158 161 161 163 162 162 164 164 166 164 163 166 166 162 163 160 161 161 160 159 156 156 154 156 154 156 152 152 157
138 141 147 146 144 144 147 150 152 155 151 155 155 157 154 150 149 148 143 145 145 143 141 144 142 142 142 142 142 141 140 140 141 142 143 149 151 150 150 152 156 161 166 168 176 187 189 198 190 200 198 185 187 184 182 182 179 179 178 171 168 166 169 174 169 169 166 161 161 162 163 160 162 163 163 163 162 161 164 164 164 161 160 158 157 158 158 154 151 155 153 150 148 148
141 145 151 151 151 149 149 151 152 151 151 154 154 158 160 154 154 153 155 154 153 148 151 152 146 143 143 142 143 145 142 143 145 146 144 144 149 152 155 156 163 161 166 170 173 180 187 193 198 187 184 181 179 174 174 173 171 171 168 169 171 173 174 175 173 169 166 164 163 163 163 164 163 162 161 161 163 165 163 162 164 166 168 166 163 162 158 161 161 159 157 154 153 146
