test/HelianthusTinyTest/asciifiles/nabio_5.asc
ncols  170
nrows  166
xllcorner  -106.083333333333
yllcorner  39.5916666666667
cellsize 0.00833333333332943
NODATA_value  -9999
[rows 0 to 41 of 166, columns 0 to 93 of 170]
236 238 241 240 247 250 244 244 248 255 254 252 251 249 247 246 245 242 238 242 234 234 242 244 238 238 245 242 242 248 244 244 244 240 240 245 247 244 243 243 241 241 240 239 235 234 231 228 226 225 227 227 229 233 234 231 230 230 228 229 234 236 247 245 244 247 241 244 249 249 248 247 248 249 250 251 250 250 251 253 253 262 257 261 263 262 267 262 258 256 256 261 263 260
235 235 237 242 247 243 240 247 251 254 255 253 249 239 238 240 242 238 233 233 234 236 242 232 228 225 226 235 226 220 224 241 241 235 239 244 244 242 239 239 238 237 233 232 229 229 229 231 228 228 231 227 228 227 222 219 222 225 225 224 235 235 239 246 249 250 240 245 248 251 253 249 250 251 251 251 251 252 253 255 256 257 261 264 265 266 267 265 258 261 259 262 265 261
230 235 239 242 245 241 248 251 252 253 254 254 252 243 235 239 236 236 233 221 227 232 234 229 228 222 221 221 223 213 218 234 235 238 235 241 237 238 237 236 232 231 228 230 231 233 234 232 232 232 232 222 224 226 222 219 224 223 226 234 237 241 242 239 243 249 245 249 247 247 256 259 254 254 254 255 255 253 259 259 261 261 261 261 262 262 267 265 263 265 262 266 265 262
225 230 235 238 240 242 249 251 252 251 251 252 254 247 236 235 234 238 224 220 222 230 228 225 223 224 219 216 215 211 222 230 233 234 236 237 237 237 235 233 230 225 228 232 234 236 234 236 235 235 225 229 229 226 224 229 227 224 222 233 238 239 237 240 242 251 253 256 250 250 251 256 260 256 261 263 257 255 259 256 261 262 261 263 263 264 270 265 266 267 266 266 265 264
225 225 230 231 236 246 244 248 250 251 250 251 253 253 247 238 240 241 220 225 226 226 221 221 216 222 218 214 213 210 208 221 228 232 235 236 237 234 231 227 226 225 230 234 232 230 228 229 226 229 233 235 232 234 229 230 228 225 229 231 234 236 239 238 240 247 247 255 259 252 247 250 257 262 261 264 259 259 259 260 260 264 264 261 267 268 270 266 270 270 267 267 267 266
220 224 225 229 236 238 242 244 246 249 249 249 250 251 253 252 248 243 231 230 231 226 224 223 221 222 217 211 207 203 199 210 226 232 234 235 234 231 229 223 222 227 228 227 229 227 222 223 229 231 235 231 235 238 236 232 230 232 231 235 235 237 240 242 244 246 246 251 259 262 251 247 250 261 264 265 266 265 264 261 261 268 270 267 266 264 267 272 270 268 269 268 268 267
220 224 234 234 234 237 239 243 243 241 241 244 249 246 251 252 252 249 246 240 237 235 229 224 222 218 213 209 202 197 200 215 225 231 233 233 231 225 223 226 228 227 226 224 225 220 221 226 228 224 222 229 232 233 238 238 239 239 238 235 239 238 234 240 242 245 249 248 254 261 260 255 250 254 254 259 261 264 268 265 263 264 268 266 266 272 273 272 267 269 270 269 269 269
219 222 229 235 240 239 235 237 237 239 242 243 243 244 246 251 251 250 249 248 246 242 236 231 227 222 213 207 203 201 208 221 227 230 231 227 226 223 222 221 224 217 219 217 217 220 218 222 219 220 224 225 228 232 229 231 231 236 241 244 239 243 242 241 244 246 248 248 250 254 262 264 261 261 257 253 255 257 261 270 272 269 273 272 272 271 266 266 269 270 271 270 270 270
211 214 219 218 236 223 230 230 237 240 236 237 238 241 244 247 251 250 250 248 248 245 243 238 232 215 212 208 205 209 218 223 227 226 221 222 221 220 218 218 219 218 214 214 214 215 217 214 216 216 216 222 225 229 231 228 232 234 235 240 245 248 240 240 241 240 250 253 255 257 258 260 264 265 267 268 261 266 267 262 266 271 274 271 269 273 271 270 268 270 271 271 271 271
205 208 216 211 212 211 216 227 232 234 237 241 245 246 248 249 247 249 248 248 247 247 245 243 235 218 218 214 223 225 223 224 224 221 217 213 212 214 216 214 216 217 210 210 213 211 214 214 222 222 226 224 224 229 227 228 228 236 238 241 243 254 251 250 249 246 243 252 255 260 262 259 266 266 266 265 261 263 258 259 260 264 266 271 273 277 272 269 270 270 272 272 272 272
200 207 204 207 204 211 209 219 223 230 235 240 242 246 248 246 246 250 249 248 246 246 246 244 241 228 224 231 228 221 223 219 215 215 212 212 210 210 211 209 205 207 206 207 210 214 216 220 221 222 223 223 225 230 231 233 237 240 244 238 244 248 250 242 250 251 250 251 260 257 259 265 260 258 260 263 259 264 264 268 265 263 267 273 274 277 278 278 276 277 273 272 272 273
198 200 198 201 203 205 209 216 219 223 226 233 237 239 237 246 248 249 249 247 246 245 244 243 241 233 231 234 223 218 206 199 198 209 208 206 203 200 202 203 207 210 209 210 206 206 207 208 211 208 207 215 218 225 222 225 229 232 233 236 238 243 241 241 238 241 240 244 245 247 255 252 251 251 253 258 260 261 264 266 268 269 270 271 272 275 279 279 279 278 275 272 272 273
194 192 196 197 202 204 208 214 216 224 227 231 235 236 244 247 247 246 249 249 247 246 244 242 240 233 230 230 218 208 198 193 195 201 206 197 198 201 204 201 207 209 209 217 216 207 207 207 208 209 212 216 210 207 214 220 229 231 239 242 244 238 238 240 241 243 245 245 249 254 248 250 248 250 251 255 257 260 263 264 265 267 270 272 273 274 275 273 276 277 273 272 271 273
187 190 191 193 199 205 211 213 211 218 222 227 232 236 242 246 240 231 235 243 247 247 245 243 242 229 228 224 212 200 193 194 198 198 195 194 198 201 196 198 208 209 212 214 218 220 223 223 224 221 222 223 218 225 226 230 230 232 239 236 237 238 240 245 245 247 247 249 248 250 248 246 248 250 252 251 253 255 258 261 264 266 268 271 272 274 273 273 273 270 280 276 276 273
195 193 190 194 196 204 209 206 210 215 219 223 226 233 240 246 242 237 235 233 245 246 244 240 238 230 223 216 193 193 193 196 195 194 191 194 198 195 195 191 190 200 204 207 212 205 209 212 224 228 231 232 234 234 233 237 237 237 235 237 242 243 243 246 245 249 249 249 248 246 246 246 251 255 259 254 262 263 262 261 263 266 271 274 273 274 274 272 273 274 272 272 278 274
199 202 206 200 199 207 197 201 207 209 218 220 224 227 237 244 246 236 238 236 237 246 243 241 239 228 220 204 192 193 193 194 194 194 193 192 193 190 188 188 189 194 200 205 209 213 214 217 219 225 227 230 233 235 232 233 233 235 236 235 237 240 243 243 246 245 244 246 247 247 247 245 247 258 263 265 265 267 267 269 270 272 268 269 271 273 277 277 276 277 275 271 274 279
186 187 201 207 209 209 203 200 205 203 205 214 219 221 229 238 245 243 237 237 237 245 243 240 238 225 212 199 192 192 193 194 194 194 192 191 188 188 187 188 191 198 202 201 204 213 218 222 226 228 233 232 233 235 238 240 244 245 247 246 244 251 239 243 238 244 245 243 246 252 255 253 254 258 254 255 248 253 260 262 269 268 266 265 267 270 272 273 273 276 272 273 274 276
181 184 189 199 209 209 209 198 200 203 204 208 212 215 220 224 234 244 240 239 237 238 244 242 239 233 207 199 193 189 190 193 194 194 194 193 191 188 186 184 188 196 200 204 205 213 216 223 221 222 225 230 232 234 235 234 239 238 241 240 247 253 254 256 250 249 247 250 254 255 255 255 253 251 250 250 250 253 259 260 263 265 265 271 274 278 279 278 281 274 273 277 276 278
187 189 192 199 206 209 209 203 197 201 206 208 211 217 219 224 236 243 239 236 233 234 239 244 238 226 207 202 196 189 190 193 194 197 197 193 190 187 185 188 189 194 200 206 209 215 221 216 215 214 223 229 232 233 231 232 236 235 237 239 243 246 248 245 249 252 260 258 258 251 248 248 246 249 249 249 248 254 255 256 258 263 266 267 272 278 279 280 282 282 280 279 278 283
203 196 196 199 202 209 209 207 198 197 200 207 211 219 225 229 232 241 239 236 235 235 236 243 243 230 211 203 197 191 190 192 197 200 197 195 191 188 187 191 199 206 206 212 212 213 213 214 215 217 222 226 228 228 230 231 234 236 238 240 242 244 242 244 245 248 246 248 259 261 255 246 247 246 253 248 248 251 250 255 258 262 266 268 269 273 277 279 278 281 284 283 283 285
219 209 203 198 196 200 205 209 205 202 203 207 217 214 219 225 231 241 238 233 238 235 234 233 243 231 210 201 196 193 193 196 198 200 197 196 193 190 191 195 203 202 207 200 203 204 204 208 205 213 218 221 226 228 231 231 232 236 237 238 241 242 242 243 244 246 247 250 249 249 257 258 260 266 260 256 252 251 252 254 257 255 268 271 271 271 275 279 280 280 282 280 283 284
236 222 205 193 189 192 198 205 209 203 206 203 209 213 222 225 223 229 237 235 238 238 239 239 241 241 221 202 199 193 199 201 200 198 196 197 194 191 194 194 191 186 192 194 199 196 200 198 200 200 209 217 219 226 231 234 236 236 236 238 239 240 242 243 242 243 241 245 243 248 251 253 258 262 262 266 266 258 259 261 259 261 264 267 269 275 277 278 278 281 278 277 283 286
237 230 218 199 189 185 190 197 205 203 200 205 216 200 209 214 217 223 231 227 230 238 239 240 241 239 235 218 208 203 201 199 196 193 191 191 190 190 185 190 188 182 184 188 189 189 189 192 197 197 205 218 221 224 229 234 236 238 239 240 241 241 241 243 242 244 245 244 245 248 251 251 248 250 250 262 270 268 270 267 261 266 267 269 275 276 276 277 280 279 278 285 285 285
241 236 230 217 199 190 186 193 202 208 200 209 210 202 209 207 210 218 222 224 226 233 241 241 241 234 236 210 202 198 197 196 195 193 193 191 187 191 187 181 183 180 178 176 182 184 182 191 200 204 209 214 221 227 231 233 232 235 237 239 239 241 242 241 240 243 245 247 245 242 245 246 247 247 253 254 255 262 272 270 251 261 261 264 269 272 274 277 280 281 282 283 282 283
242 241 235 224 209 197 189 190 199 208 206 206 196 197 199 204 208 210 214 214 219 227 237 241 237 230 234 220 203 197 197 196 199 197 200 199 196 195 194 190 187 181 181 178 177 178 185 195 200 208 209 218 223 226 226 229 232 233 236 235 237 237 235 241 243 242 240 239 244 246 247 248 248 250 248 247 248 252 263 261 275 272 267 267 270 272 277 281 280 279 279 278 281 282
245 242 237 229 221 208 194 186 189 196 204 203 190 191 200 200 199 204 211 218 219 222 235 241 232 220 234 218 208 199 196 199 200 201 199 196 197 197 201 193 190 187 184 184 181 184 185 194 200 207 211 217 218 221 225 227 229 232 234 234 233 232 231 233 236 239 235 237 240 243 245 245 246 247 247 251 252 253 254 259 263 266 269 278 276 278 276 277 278 276 276 273 274 276
247 246 243 230 213 199 186 181 183 190 204 202 191 189 190 194 199 203 209 211 214 220 231 240 237 224 234 217 213 213 199 207 203 200 194 196 193 203 194 190 187 194 193 191 184 185 181 188 196 202 211 212 219 223 224 226 230 227 228 231 235 238 236 239 243 244 242 241 247 247 247 247 252 253 252 254 254 256 256 258 258 260 262 266 265 268 271 272 274 276 274 272 274 272
248 246 243 236 219 208 196 188 180 186 194 202 199 187 185 192 198 201 206 204 210 215 225 239 239 227 233 218 209 206 200 202 202 202 199 197 201 208 201 196 191 194 200 199 200 194 183 184 188 194 204 212 216 220 223 225 225 225 226 230 236 238 241 246 248 249 251 249 253 253 253 254 253 256 258 254 250 251 249 258 260 259 258 261 266 270 267 269 273 273 272 274 275 273
246 246 243 238 237 223 212 202 180 181 183 194 196 192 181 187 190 196 198 203 207 214 223 227 238 239 228 209 207 201 199 196 195 196 198 199 199 211 214 191 195 198 210 209 206 197 192 192 193 199 207 213 219 220 223 223 223 226 232 237 241 245 242 245 249 251 251 252 255 255 254 257 257 261 260 254 251 251 252 253 259 263 261 263 265 267 266 268 270 273 277 276 275 271
246 245 243 244 239 236 230 212 200 187 180 183 186 191 187 187 188 191 195 200 203 206 206 208 238 238 230 211 204 200 196 195 194 196 197 200 199 197 200 221 226 215 218 212 210 204 195 199 207 212 218 222 226 220 220 223 229 228 233 235 235 229 233 238 244 251 246 248 246 242 250 253 256 253 255 259 258 255 255 258 260 263 267 268 269 267 268 270 272 271 274 278 277 264
248 243 243 237 237 233 232 229 212 208 184 174 183 186 189 185 187 191 193 198 201 198 203 208 217 237 238 214 202 199 196 194 195 198 199 203 202 200 203 206 231 242 227 217 216 218 209 195 202 210 214 220 225 228 233 236 239 242 240 243 234 230 234 237 236 239 240 242 237 238 240 245 245 246 254 256 261 255 255 254 256 261 265 268 267 270 268 273 267 268 272 276 278 264
248 247 246 240 231 233 235 230 224 211 193 177 179 183 180 184 184 186 192 200 194 191 197 201 210 230 237 216 200 197 197 195 198 200 199 203 205 214 219 228 253 251 253 239 228 221 227 223 220 225 213 223 242 231 233 229 236 245 254 253 242 242 245 252 237 243 245 248 249 247 250 248 250 251 253 255 258 264 265 262 260 261 263 264 265 267 264 265 264 270 270 276 282 269
247 247 246 246 244 238 233 225 220 222 200 168 167 179 183 180 184 186 190 186 187 187 193 198 203 220 236 213 198 197 197 194 198 199 206 213 214 215 252 252 253 231 254 255 254 241 237 239 249 240 238 235 258 254 253 244 237 241 252 258 258 246 256 246 255 261 259 255 257 259 258 261 255 255 257 262 266 270 267 264 256 261 264 267 268 265 263 265 270 270 268 271 283 270
246 246 246 244 244 241 234 232 228 224 208 186 173 161 177 178 181 184 185 184 183 181 183 193 199 214 236 235 195 195 195 194 195 200 199 198 203 223 252 253 224 222 226 231 244 249 251 255 256 251 258 249 250 248 252 261 259 263 259 261 261 265 266 257 267 268 268 268 261 265 266 264 259 263 264 270 276 276 268 268 266 260 263 273 284 285 261 273 279 283 284 282 287 278
244 245 245 245 244 243 239 233 220 219 211 192 168 154 164 175 180 175 180 180 177 184 188 194 197 211 234 234 216 199 195 194 194 196 196 199 201 251 252 227 200 203 201 210 213 221 235 239 240 238 240 239 241 243 244 239 240 249 245 244 246 243 247 249 253 250 257 259 259 260 266 268 266 268 265 265 271 271 277 272 277 277 274 285 281 281 281 286 287 276 274 290 286 290
243 243 243 245 244 243 240 232 224 218 210 198 176 154 158 170 170 165 161 175 175 177 182 188 200 211 225 234 214 202 197 202 205 198 213 222 251 247 237 227 209 201 204 209 216 221 222 217 222 228 222 220 222 228 227 229 228 232 238 235 233 240 240 244 244 246 246 247 245 249 260 266 265 272 265 267 268 270 270 270 281 283 274 280 271 254 262 274 277 258 264 272 280 284
241 243 242 243 244 243 240 236 231 217 215 198 183 162 154 163 172 178 170 175 178 174 186 197 210 220 233 233 208 210 211 216 229 241 249 246 250 225 223 226 211 202 197 196 197 213 205 199 202 215 218 210 207 215 217 222 225 225 227 228 229 232 234 238 239 240 236 235 243 254 258 263 264 255 252 257 263 253 268 268 264 253 277 274 274 254 253 264 274 261 266 268 278 279
235 240 241 242 243 243 240 232 229 221 214 200 184 180 156 147 165 176 184 189 195 203 209 213 217 213 226 224 207 201 198 211 239 230 220 216 212 210 219 217 211 203 199 194 191 197 194 197 201 210 209 202 202 207 212 217 220 219 219 231 235 242 242 244 245 246 242 243 249 256 256 252 258 261 258 261 255 260 255 252 252 262 264 265 269 258 261 269 272 261 259 271 275 272
229 230 238 239 240 242 238 235 222 220 211 203 188 179 172 150 164 174 183 184 192 204 199 187 193 212 230 230 207 204 205 218 241 214 205 205 209 212 209 205 210 202 196 192 188 184 184 194 202 201 202 195 198 206 211 210 216 217 226 231 234 234 237 239 245 249 250 247 246 245 243 247 252 247 258 253 255 245 239 243 253 259 249 247 262 263 263 264 265 261 258 258 255 262
232 233 231 238 238 241 239 234 228 224 214 213 201 200 178 155 160 173 167 173 187 196 172 181 200 209 227 229 205 207 213 220 229 222 205 205 205 199 200 204 200 204 199 196 192 187 184 191 191 191 194 189 196 202 199 210 213 216 220 223 224 224 224 232 235 243 247 243 245 245 250 250 250 242 252 250 249 242 238 240 242 239 243 247 257 263 262 261 260 258 260 257 258 261
231 233 234 235 235 239 239 238 227 220 216 207 198 180 189 176 158 166 169 184 190 190 171 180 190 206 220 222 209 210 209 204 217 229 199 201 204 197 195 198 204 197 198 194 188 181 177 175 176 181 192 200 200 207 213 217 220 217 210 211 218 226 230 232 236 238 241 242 237 243 250 247 239 239 243 244 243 241 239 234 232 238 242 249 254 264 262 253 245 254 256 254 256 257
233 237 236 236 233 235 234 237 232 224 217 210 206 180 177 174 171 173 179 186 180 162 154 172 181 199 218 225 212 211 209 213 227 228 211 201 196 194 193 192 197 191 194 193 189 182 175 170 170 176 178 187 189 202 206 216 216 222 225 217 217 223 229 230 237 242 242 245 245 241 232 237 236 235 235 238 234 231 233 233 240 242 247 252 248 256 262 255 248 243 252 253 252 256
