test/HelianthusTinyTest/asciifiles/nabio_11.asc
ncols  170
nrows  166
xllcorner  -106.083333333333
yllcorner  39.5916666666667
cellsize 0.00833333333332943
NODATA_value  -9999
[rows 82 to 122 of 166, columns 0 to 92 of 170]
-89 -92 -90 -89 -90 -91 -93 -93 -94 -101 -100 -100 -99 -97 -93 -95 -101 -105 -104 -102 -95 -91 -89 -87 -87 -85 -83 -82 -81 -82 -84 -87 -83 -91 -97 -94 -93 -89 -81 -80 -82 -79 -80 -96 -111 -101 -110 -118 -114 -99 -93 -104 -109 -84 -100 -92 -94 -106 -112 -106 -90 -82 -77 -71 -67 -70 -79 -95 -94 -83 -64 -59 -58 -51 -49 -47 -48 -49 -50 -58 -60 -55 -46 -37 -24 -23 -24 -19 -19 -19 -18 -18 -18
-89 -89 -92 -91 -91 -91 -93 -95 -99 -105 -108 -106 -103 -101 -98 -98 -100 -103 -104 -99 -94 -91 -89 -86 -84 -85 -82 -82 -81 -81 -83 -83 -82 -89 -91 -93 -93 -83 -78 -84 -90 -96 -83 -82 -94 -104 -118 -123 -124 -107 -107 -126 -107 -89 -109 -109 -108 -112 -116 -105 -95 -84 -75 -69 -67 -65 -73 -85 -95 -81 -67 -60 -51 -48 -45 -44 -44 -40 -47 -51 -54 -48 -31 -25 -25 -25 -21 -20 -24 -22 -21 -20 -18
-90 -89 -89 -90 -91 -92 -96 -100 -101 -108 -111 -108 -103 -99 -96 -95 -93 -96 -98 -93 -90 -88 -89 -86 -84 -83 -82 -82 -82 -81 -81 -82 -83 -83 -85 -83 -81 -80 -81 -93 -100 -99 -105 -89 -83 -107 -114 -128 -127 -118 -125 -118 -109 -93 -110 -124 -127 -121 -109 -102 -98 -86 -78 -69 -67 -64 -66 -76 -84 -81 -70 -67 -61 -49 -44 -44 -40 -42 -33 -41 -36 -33 -26 -30 -34 -26 -22 -22 -25 -22 -21 -19 -18
-88 -90 -90 -91 -92 -92 -95 -101 -106 -109 -103 -105 -102 -98 -95 -93 -92 -93 -95 -96 -93 -88 -86 -86 -84 -83 -83 -82 -82 -81 -81 -81 -80 -83 -80 -76 -77 -84 -89 -100 -111 -111 -99 -100 -90 -84 -95 -110 -126 -129 -131 -125 -112 -104 -113 -130 -129 -122 -110 -103 -92 -88 -80 -72 -66 -64 -61 -64 -70 -80 -71 -72 -57 -45 -45 -48 -40 -39 -32 -31 -33 -29 -36 -40 -38 -33 -30 -23 -23 -20 -18 -17 -16
-88 -88 -90 -89 -91 -93 -96 -101 -106 -106 -103 -101 -97 -96 -93 -93 -91 -90 -91 -95 -95 -91 -86 -85 -83 -83 -83 -82 -82 -81 -80 -78 -78 -78 -78 -82 -87 -93 -96 -102 -109 -115 -119 -98 -99 -101 -92 -90 -98 -103 -110 -119 -123 -118 -118 -132 -134 -117 -126 -117 -105 -88 -74 -70 -67 -62 -61 -58 -62 -64 -65 -60 -56 -47 -41 -38 -39 -38 -44 -39 -36 -33 -32 -49 -42 -31 -29 -24 -20 -19 -19 -16 -15
-88 -87 -91 -91 -90 -92 -95 -97 -101 -101 -99 -98 -94 -93 -93 -92 -93 -93 -90 -89 -92 -91 -88 -86 -84 -83 -83 -83 -82 -80 -79 -78 -78 -77 -81 -84 -87 -87 -91 -100 -109 -106 -115 -117 -115 -108 -103 -92 -121 -114 -122 -122 -114 -131 -127 -120 -128 -133 -128 -113 -95 -82 -71 -70 -65 -62 -59 -56 -53 -59 -59 -62 -54 -46 -42 -44 -43 -50 -50 -44 -33 -36 -30 -46 -38 -30 -28 -30 -21 -19 -18 -20 -14
-90 -88 -88 -90 -91 -91 -93 -95 -99 -96 -94 -92 -93 -90 -91 -89 -90 -89 -88 -86 -88 -88 -87 -87 -84 -83 -83 -82 -81 -80 -80 -81 -78 -77 -78 -78 -77 -80 -87 -94 -100 -97 -102 -104 -113 -117 -105 -111 -127 -132 -134 -110 -111 -109 -114 -103 -112 -110 -117 -115 -106 -88 -75 -70 -66 -61 -58 -56 -55 -50 -53 -58 -57 -48 -45 -47 -49 -49 -47 -43 -32 -28 -25 -26 -24 -22 -19 -22 -19 -17 -14 -15 -14
-91 -88 -88 -89 -91 -90 -93 -94 -94 -94 -91 -90 -90 -88 -88 -89 -89 -88 -86 -86 -85 -86 -86 -85 -84 -83 -83 -82 -81 -81 -83 -83 -84 -83 -79 -78 -82 -77 -77 -82 -82 -85 -86 -93 -93 -98 -104 -105 -117 -125 -116 -104 -103 -103 -108 -107 -99 -92 -96 -104 -97 -85 -78 -73 -66 -62 -57 -60 -61 -55 -52 -51 -56 -51 -52 -54 -48 -46 -47 -37 -25 -24 -22 -22 -23 -23 -22 -20 -17 -16 -16 -16 -16
-90 -90 -90 -88 -90 -90 -92 -92 -92 -92 -89 -88 -89 -89 -87 -87 -87 -87 -87 -86 -85 -85 -85 -84 -84 -83 -82 -82 -81 -81 -81 -82 -83 -87 -89 -88 -87 -90 -92 -87 -83 -92 -113 -105 -105 -96 -97 -90 -98 -117 -116 -108 -93 -93 -94 -103 -102 -91 -86 -83 -80 -79 -78 -69 -64 -55 -54 -52 -57 -55 -55 -52 -48 -46 -41 -46 -47 -36 -45 -35 -25 -27 -21 -19 -19 -19 -18 -17 -19 -21 -20 -16 -15
-90 -91 -89 -87 -88 -88 -90 -88 -90 -90 -89 -88 -90 -88 -87 -87 -88 -86 -86 -85 -86 -85 -84 -85 -84 -83 -83 -82 -81 -81 -80 -81 -83 -86 -91 -99 -92 -92 -97 -95 -83 -88 -107 -106 -112 -115 -114 -109 -104 -122 -106 -103 -97 -88 -82 -84 -80 -87 -83 -78 -76 -73 -59 -59 -57 -55 -57 -54 -52 -53 -47 -40 -39 -37 -39 -30 -35 -28 -31 -30 -25 -30 -22 -19 -22 -18 -19 -22 -23 -21 -20 -17 -13
-91 -90 -89 -90 -87 -88 -88 -89 -91 -88 -87 -89 -88 -86 -86 -87 -87 -87 -86 -85 -85 -85 -85 -84 -84 -83 -83 -82 -82 -81 -80 -81 -81 -82 -87 -94 -96 -94 -98 -104 -92 -90 -92 -95 -107 -114 -117 -126 -126 -127 -127 -117 -106 -94 -87 -81 -78 -75 -75 -73 -66 -66 -67 -66 -62 -61 -57 -54 -52 -49 -50 -56 -58 -54 -49 -50 -42 -35 -43 -29 -25 -21 -25 -26 -25 -26 -25 -27 -27 -19 -16 -13 -13
-92 -90 -91 -92 -92 -89 -88 -89 -89 -87 -88 -89 -87 -87 -87 -87 -87 -86 -86 -85 -85 -85 -85 -84 -84 -84 -83 -83 -82 -81 -80 -81 -81 -82 -82 -82 -87 -96 -100 -104 -103 -103 -102 -87 -93 -101 -108 -116 -123 -117 -120 -112 -100 -91 -83 -86 -83 -82 -71 -70 -66 -77 -80 -72 -66 -62 -59 -57 -54 -49 -57 -57 -56 -64 -59 -60 -44 -38 -36 -31 -29 -31 -35 -41 -35 -37 -32 -37 -26 -21 -12 -16 -15
-91 -90 -93 -93 -93 -89 -88 -86 -87 -86 -88 -88 -86 -86 -88 -87 -87 -86 -86 -86 -85 -85 -85 -85 -84 -84 -83 -83 -82 -83 -81 -79 -81 -80 -81 -81 -83 -88 -93 -98 -102 -112 -121 -103 -97 -95 -104 -102 -121 -122 -113 -102 -113 -115 -104 -97 -89 -85 -80 -81 -85 -92 -88 -78 -71 -69 -58 -55 -53 -50 -55 -53 -50 -47 -46 -43 -42 -37 -32 -34 -33 -37 -41 -42 -43 -36 -26 -20 -19 -17 -14 -20 -14
-94 -96 -94 -95 -93 -91 -91 -89 -86 -85 -86 -86 -86 -87 -86 -86 -87 -86 -85 -86 -85 -85 -84 -84 -84 -83 -83 -83 -82 -82 -82 -78 -78 -82 -83 -87 -83 -89 -89 -90 -104 -105 -116 -108 -110 -94 -103 -113 -127 -128 -122 -122 -127 -125 -111 -95 -91 -84 -84 -84 -93 -103 -97 -84 -80 -72 -62 -60 -64 -59 -60 -60 -52 -47 -46 -48 -47 -39 -37 -34 -37 -44 -45 -44 -44 -36 -27 -21 -18 -20 -24 -23 -22
-96 -96 -96 -96 -96 -93 -91 -89 -87 -86 -85 -85 -86 -87 -87 -87 -87 -86 -85 -84 -85 -85 -84 -84 -84 -83 -83 -81 -81 -82 -81 -79 -80 -81 -82 -86 -93 -103 -101 -109 -109 -99 -109 -122 -116 -105 -97 -113 -127 -131 -123 -110 -112 -103 -97 -94 -88 -87 -98 -91 -96 -102 -95 -85 -74 -69 -63 -67 -72 -71 -66 -64 -56 -49 -48 -46 -41 -38 -35 -33 -29 -31 -32 -31 -26 -26 -23 -28 -20 -27 -28 -23 -22
-94 -92 -94 -92 -95 -94 -90 -89 -88 -87 -86 -84 -84 -86 -87 -87 -86 -86 -84 -84 -85 -85 -84 -84 -84 -83 -83 -82 -81 -82 -80 -78 -80 -81 -82 -84 -92 -99 -106 -112 -118 -96 -99 -104 -112 -116 -116 -103 -111 -127 -120 -104 -104 -94 -91 -106 -107 -100 -111 -121 -111 -104 -98 -85 -74 -69 -69 -75 -79 -70 -62 -57 -53 -51 -47 -42 -41 -44 -41 -40 -35 -30 -33 -31 -34 -37 -32 -26 -31 -34 -32 -23 -19
-94 -96 -90 -90 -90 -95 -94 -91 -90 -88 -86 -84 -84 -83 -86 -85 -85 -84 -83 -82 -83 -85 -85 -84 -83 -83 -82 -82 -81 -80 -79 -81 -80 -80 -81 -81 -86 -93 -97 -101 -98 -88 -91 -97 -107 -112 -113 -103 -101 -117 -126 -117 -112 -102 -93 -89 -86 -98 -110 -104 -98 -100 -93 -85 -82 -74 -79 -86 -74 -65 -61 -57 -51 -46 -46 -47 -52 -51 -47 -40 -39 -40 -40 -38 -34 -33 -29 -31 -43 -37 -26 -19 -18
-91 -94 -92 -90 -90 -92 -93 -91 -89 -87 -87 -88 -86 -85 -84 -82 -82 -81 -80 -80 -83 -84 -84 -83 -83 -82 -82 -81 -81 -80 -78 -78 -77 -81 -80 -80 -81 -86 -92 -88 -84 -86 -100 -104 -107 -100 -91 -97 -105 -109 -117 -126 -118 -118 -114 -104 -90 -81 -87 -93 -84 -79 -79 -82 -74 -81 -78 -73 -72 -66 -62 -57 -51 -48 -52 -55 -53 -47 -48 -49 -43 -43 -41 -38 -39 -33 -34 -39 -42 -27 -21 -16 -15
-92 -91 -90 -89 -88 -90 -93 -89 -87 -88 -86 -88 -88 -87 -86 -86 -85 -85 -79 -80 -83 -81 -82 -83 -82 -80 -80 -81 -80 -80 -78 -78 -77 -77 -75 -75 -79 -80 -80 -83 -95 -97 -101 -108 -88 -88 -99 -105 -97 -102 -120 -104 -102 -105 -117 -109 -96 -85 -78 -76 -77 -73 -71 -71 -74 -70 -70 -68 -63 -62 -61 -61 -59 -60 -58 -56 -53 -49 -53 -49 -46 -47 -44 -42 -39 -35 -37 -46 -45 -36 -26 -17 -18
-91 -88 -91 -89 -87 -89 -93 -89 -88 -87 -84 -86 -87 -87 -86 -85 -83 -85 -84 -78 -79 -80 -79 -80 -82 -81 -81 -82 -81 -79 -78 -80 -81 -76 -75 -75 -74 -73 -75 -85 -88 -94 -104 -109 -85 -95 -102 -94 -96 -78 -90 -96 -95 -100 -115 -106 -97 -92 -84 -81 -77 -77 -75 -73 -70 -71 -66 -60 -59 -58 -59 -60 -59 -58 -59 -58 -55 -52 -54 -53 -43 -35 -34 -45 -41 -38 -38 -44 -40 -36 -29 -19 -13
-89 -88 -88 -87 -86 -89 -88 -88 -86 -86 -82 -83 -84 -84 -85 -82 -81 -81 -81 -76 -77 -77 -77 -82 -83 -83 -81 -81 -81 -82 -81 -81 -82 -80 -80 -79 -77 -79 -73 -72 -81 -89 -94 -90 -81 -84 -96 -81 -77 -77 -78 -81 -92 -109 -118 -106 -101 -92 -84 -97 -88 -81 -76 -74 -72 -70 -69 -66 -65 -64 -63 -60 -58 -55 -54 -54 -54 -54 -53 -53 -50 -38 -30 -34 -32 -36 -38 -34 -33 -31 -20 -17 -14
-88 -88 -87 -87 -85 -87 -88 -85 -83 -82 -78 -80 -81 -83 -80 -79 -78 -76 -77 -77 -77 -81 -81 -82 -83 -83 -82 -81 -81 -81 -81 -83 -84 -86 -83 -82 -81 -80 -79 -73 -72 -80 -83 -79 -76 -77 -77 -75 -87 -101 -102 -93 -89 -120 -112 -100 -101 -111 -108 -99 -89 -84 -75 -73 -72 -71 -69 -66 -66 -63 -60 -61 -59 -59 -61 -58 -57 -54 -48 -44 -40 -32 -30 -27 -24 -27 -28 -24 -25 -22 -20 -19 -15
-85 -84 -84 -87 -82 -81 -78 -78 -77 -77 -81 -78 -77 -77 -77 -77 -77 -76 -77 -81 -81 -80 -81 -81 -82 -82 -83 -82 -81 -81 -82 -83 -82 -81 -82 -82 -81 -80 -79 -77 -72 -71 -73 -73 -76 -75 -82 -74 -94 -102 -111 -106 -95 -117 -109 -114 -129 -126 -118 -107 -100 -89 -85 -78 -76 -74 -73 -71 -67 -65 -62 -61 -61 -62 -60 -57 -55 -53 -47 -52 -51 -42 -36 -32 -31 -30 -27 -24 -21 -17 -18 -16 -18
-85 -84 -79 -78 -78 -78 -78 -84 -85 -85 -85 -80 -77 -77 -77 -77 -79 -79 -79 -81 -81 -81 -81 -81 -81 -82 -82 -82 -80 -81 -82 -82 -81 -82 -84 -82 -87 -86 -81 -80 -78 -73 -73 -78 -87 -98 -88 -92 -80 -84 -102 -108 -105 -120 -118 -126 -128 -117 -113 -110 -99 -93 -89 -82 -79 -75 -73 -71 -68 -67 -65 -63 -61 -61 -58 -58 -53 -52 -51 -54 -58 -53 -44 -36 -44 -41 -35 -26 -18 -22 -24 -21 -17
-81 -79 -78 -82 -81 -86 -86 -86 -86 -86 -87 -84 -81 -80 -77 -77 -77 -79 -79 -79 -81 -81 -81 -81 -81 -81 -82 -83 -82 -81 -80 -80 -80 -80 -80 -83 -87 -88 -88 -86 -82 -78 -74 -74 -84 -94 -109 -104 -97 -94 -83 -98 -100 -120 -121 -112 -106 -102 -94 -94 -89 -88 -83 -80 -78 -75 -74 -73 -69 -68 -65 -63 -62 -60 -58 -58 -56 -54 -55 -55 -58 -56 -48 -46 -42 -29 -22 -24 -22 -25 -23 -21 -18
-81 -84 -85 -83 -84 -86 -87 -89 -87 -88 -88 -85 -83 -81 -79 -77 -77 -77 -76 -76 -77 -77 -76 -81 -80 -78 -81 -82 -82 -81 -81 -81 -81 -84 -85 -83 -83 -86 -90 -93 -92 -85 -83 -78 -75 -85 -101 -116 -106 -103 -92 -100 -107 -123 -127 -114 -112 -101 -101 -90 -88 -86 -84 -82 -81 -81 -76 -73 -70 -68 -65 -65 -63 -62 -58 -56 -56 -47 -45 -44 -44 -44 -38 -33 -31 -27 -29 -39 -32 -28 -24 -21 -18
-80 -81 -85 -86 -86 -86 -87 -89 -89 -88 -87 -86 -84 -81 -79 -80 -79 -78 -77 -77 -77 -83 -77 -76 -82 -82 -84 -81 -81 -82 -84 -83 -82 -82 -84 -83 -85 -83 -86 -90 -88 -87 -84 -89 -85 -76 -94 -108 -123 -107 -95 -91 -127 -128 -118 -98 -98 -95 -93 -94 -93 -92 -92 -90 -89 -87 -81 -71 -68 -67 -65 -61 -59 -60 -55 -50 -46 -45 -43 -39 -40 -33 -43 -52 -43 -39 -32 -36 -37 -27 -22 -18 -13
-85 -81 -82 -85 -86 -89 -89 -89 -89 -89 -89 -87 -86 -83 -81 -79 -78 -78 -77 -77 -81 -80 -77 -81 -80 -82 -84 -84 -83 -84 -85 -87 -81 -81 -84 -88 -90 -90 -90 -88 -87 -88 -87 -91 -91 -84 -77 -111 -122 -113 -121 -114 -127 -118 -112 -119 -102 -106 -106 -105 -102 -95 -91 -101 -97 -85 -73 -67 -66 -66 -62 -58 -55 -49 -52 -51 -52 -57 -57 -52 -49 -51 -41 -44 -37 -33 -28 -26 -25 -20 -18 -17 -12
-86 -86 -86 -86 -86 -87 -88 -92 -91 -89 -88 -88 -86 -85 -81 -80 -79 -78 -77 -77 -82 -80 -82 -82 -80 -82 -83 -82 -83 -83 -84 -87 -82 -82 -83 -87 -89 -90 -90 -86 -86 -87 -89 -99 -103 -93 -81 -87 -107 -107 -109 -127 -130 -127 -118 -114 -114 -114 -117 -110 -108 -106 -106 -107 -89 -82 -71 -69 -64 -61 -61 -61 -59 -58 -57 -55 -57 -56 -57 -50 -48 -45 -37 -35 -28 -25 -28 -25 -25 -21 -18 -19 -14
-90 -89 -88 -89 -89 -89 -87 -86 -85 -85 -85 -86 -86 -84 -82 -79 -79 -78 -81 -82 -83 -80 -82 -81 -83 -82 -83 -83 -83 -83 -85 -85 -82 -82 -82 -83 -85 -86 -88 -91 -88 -86 -86 -90 -95 -103 -96 -83 -82 -91 -97 -101 -116 -129 -127 -127 -114 -99 -98 -103 -98 -98 -101 -90 -80 -75 -71 -69 -67 -65 -64 -62 -59 -58 -55 -56 -48 -50 -45 -42 -45 -40 -35 -29 -26 -22 -21 -21 -23 -22 -21 -21 -17
-88 -89 -90 -92 -93 -92 -89 -86 -85 -85 -83 -84 -83 -80 -80 -79 -79 -78 -81 -84 -83 -82 -84 -83 -80 -83 -82 -82 -82 -83 -83 -83 -81 -80 -81 -82 -83 -87 -89 -94 -88 -89 -87 -89 -96 -110 -103 -99 -91 -91 -114 -117 -109 -117 -105 -124 -120 -111 -96 -91 -90 -88 -85 -83 -76 -72 -69 -66 -66 -66 -64 -56 -50 -48 -43 -44 -41 -42 -40 -32 -34 -32 -30 -29 -27 -21 -19 -16 -16 -16 -19 -19 -18
-89 -88 -89 -90 -92 -92 -91 -87 -85 -83 -82 -82 -81 -81 -81 -80 -80 -79 -79 -83 -83 -84 -84 -84 -82 -80 -81 -80 -82 -83 -82 -80 -81 -81 -81 -82 -85 -89 -93 -94 -91 -89 -93 -94 -91 -98 -106 -111 -100 -95 -102 -128 -128 -123 -110 -95 -93 -89 -85 -83 -83 -83 -83 -83 -78 -72 -68 -66 -66 -66 -64 -63 -56 -49 -52 -55 -54 -46 -44 -53 -45 -43 -37 -35 -33 -32 -29 -23 -13 -12 -12 -14 -11
-85 -86 -87 -87 -90 -92 -92 -90 -86 -85 -84 -83 -83 -82 -81 -82 -80 -79 -81 -82 -84 -85 -85 -83 -81 -80 -79 -81 -81 -81 -83 -80 -79 -79 -79 -82 -84 -89 -91 -95 -91 -89 -92 -99 -103 -96 -107 -112 -104 -107 -110 -129 -127 -122 -121 -117 -111 -107 -99 -91 -86 -81 -76 -79 -78 -73 -69 -65 -65 -65 -64 -62 -61 -59 -57 -56 -55 -53 -53 -48 -45 -41 -36 -32 -29 -27 -25 -22 -18 -14 -8 -15 -11
-86 -87 -88 -88 -87 -88 -93 -93 -89 -86 -85 -84 -83 -82 -84 -85 -82 -82 -82 -82 -83 -83 -83 -82 -83 -83 -80 -79 -80 -80 -81 -79 -77 -79 -78 -80 -80 -83 -84 -84 -90 -91 -89 -95 -106 -112 -110 -123 -112 -112 -104 -109 -125 -127 -127 -123 -123 -115 -98 -85 -84 -81 -75 -74 -74 -71 -69 -64 -63 -63 -61 -59 -57 -53 -52 -49 -46 -46 -43 -40 -37 -38 -37 -29 -29 -28 -23 -19 -17 -15 -10 -9 -8
-87 -88 -89 -89 -88 -86 -89 -93 -90 -90 -85 -85 -83 -83 -85 -85 -84 -82 -82 -82 -82 -83 -82 -82 -82 -79 -81 -79 -75 -79 -79 -77 -78 -78 -77 -78 -81 -83 -87 -86 -88 -88 -86 -93 -107 -104 -123 -116 -114 -110 -102 -94 -89 -106 -118 -118 -117 -102 -95 -86 -83 -80 -75 -72 -72 -67 -65 -59 -58 -61 -60 -57 -54 -52 -49 -49 -46 -43 -40 -42 -36 -34 -35 -26 -18 -19 -18 -16 -13 -10 -12 -12 -20
-86 -87 -88 -89 -90 -88 -87 -86 -94 -91 -87 -86 -84 -84 -84 -87 -85 -84 -83 -82 -82 -82 -80 -79 -79 -78 -77 -76 -76 -75 -75 -75 -74 -75 -76 -77 -77 -79 -80 -81 -82 -85 -85 -87 -100 -93 -109 -126 -124 -112 -112 -103 -100 -87 -82 -105 -106 -99 -86 -83 -78 -76 -75 -73 -72 -66 -60 -57 -54 -56 -56 -56 -53 -52 -49 -47 -45 -46 -45 -43 -40 -47 -40 -32 -27 -32 -27 -22 -19 -22 -26 -18 -23
-82 -85 -87 -88 -90 -92 -88 -87 -93 -94 -90 -88 -86 -85 -85 -85 -84 -83 -82 -82 -81 -81 -80 -79 -79 -78 -78 -76 -77 -75 -75 -75 -74 -73 -73 -74 -76 -79 -78 -81 -81 -80 -81 -90 -86 -89 -114 -124 -118 -116 -112 -107 -110 -102 -82 -85 -100 -92 -83 -80 -76 -81 -75 -71 -67 -62 -60 -58 -56 -55 -52 -54 -51 -49 -50 -51 -47 -44 -42 -45 -48 -48 -47 -42 -38 -33 -30 -31 -27 -29 -29 -30 -26
-83 -84 -86 -86 -89 -91 -90 -88 -89 -96 -92 -89 -87 -87 -87 -85 -83 -83 -83 -81 -81 -81 -80 -80 -78 -77 -78 -77 -76 -76 -75 -74 -74 -75 -73 -73 -74 -76 -76 -78 -80 -82 -81 -86 -90 -98 -110 -116 -116 -106 -97 -106 -106 -101 -95 -88 -75 -91 -86 -84 -79 -76 -74 -71 -71 -63 -60 -59 -56 -55 -57 -57 -54 -53 -50 -50 -49 -52 -51 -50 -46 -45 -47 -51 -53 -46 -42 -41 -38 -37 -37 -36 -34
-85 -85 -86 -88 -87 -89 -91 -90 -90 -91 -97 -94 -91 -89 -86 -85 -86 -84 -88 -83 -83 -82 -80 -79 -78 -78 -77 -77 -77 -76 -75 -75 -74 -76 -75 -73 -73 -74 -74 -77 -78 -86 -86 -95 -100 -107 -111 -115 -104 -99 -92 -90 -90 -85 -91 -94 -83 -75 -78 -84 -80 -76 -71 -67 -64 -62 -61 -60 -59 -56 -55 -53 -48 -50 -51 -56 -55 -51 -50 -48 -48 -42 -41 -46 -50 -48 -44 -37 -36 -37 -32 -34 -36
-86 -85 -85 -87 -89 -90 -93 -92 -91 -92 -93 -96 -95 -91 -89 -86 -87 -86 -90 -91 -85 -82 -80 -80 -79 -79 -78 -76 -77 -77 -75 -75 -74 -76 -76 -75 -74 -73 -75 -78 -81 -82 -84 -90 -91 -100 -109 -116 -103 -116 -103 -102 -87 -83 -78 -85 -82 -74 -75 -80 -77 -73 -69 -67 -62 -59 -60 -57 -53 -52 -51 -54 -57 -55 -59 -60 -55 -50 -47 -44 -43 -42 -39 -41 -43 -38 -36 -34 -31 -32 -28 -28 -27
-89 -88 -86 -85 -86 -87 -90 -92 -92 -92 -93 -95 -99 -98 -94 -91 -89 -87 -91 -94 -89 -84 -82 -81 -80 -78 -77 -77 -77 -77 -76 -75 -75 -76 -77 -76 -74 -74 -76 -77 -79 -81 -82 -87 -97 -106 -119 -122 -114 -105 -102 -100 -93 -86 -80 -75 -75 -71 -70 -67 -71 -69 -70 -69 -59 -58 -58 -60 -58 -59 -58 -59 -58 -56 -56 -56 -54 -50 -48 -48 -45 -43 -40 -40 -35 -33 -31 -33 -30 -29 -24 -24 -24
