test/HelianthusTinyTest/asciifiles/nabio_11.asc
ncols  170
nrows  166
xllcorner  -106.083333333333
yllcorner  39.5916666666667
cellsize 0.00833333333332943
NODATA_value  -9999
[rows 41 to 81 of 166, columns 0 to 92 of 170]
-81 -79 -79 -79 -80 -79 -79 -77 -80 -83 -86 -87 -89 -100 -101 -104 -105 -103 -101 -97 -100 -109 -114 -104 -98 -90 -81 -77 -83 -83 -85 -82 -75 -74 -82 -87 -88 -90 -90 -90 -87 -91 -89 -89 -92 -95 -99 -103 -103 -99 -97 -91 -90 -82 -79 -73 -73 -69 -67 -72 -71 -68 -62 -62 -56 -52 -51 -49 -48 -51 -58 -53 -54 -54 -54 -52 -54 -57 -54 -54 -48 -47 -42 -38 -41 -34 -32 -35 -40 -44 -37 -36 -36
-80 -80 -80 -80 -81 -80 -80 -79 -81 -81 -82 -85 -88 -96 -106 -107 -118 -108 -104 -106 -106 -99 -111 -108 -100 -93 -81 -81 -82 -83 -82 -76 -81 -78 -80 -90 -91 -92 -94 -93 -91 -91 -91 -93 -94 -97 -100 -101 -105 -105 -103 -98 -93 -93 -83 -81 -78 -74 -73 -66 -63 -62 -58 -59 -56 -51 -48 -46 -53 -59 -59 -56 -61 -62 -60 -61 -69 -69 -62 -58 -58 -50 -44 -39 -38 -36 -33 -34 -38 -43 -43 -37 -34
-80 -80 -79 -81 -81 -82 -80 -80 -81 -81 -82 -83 -86 -92 -103 -105 -114 -116 -110 -119 -106 -99 -101 -105 -100 -93 -86 -81 -82 -80 -78 -76 -79 -80 -75 -88 -88 -91 -96 -95 -94 -93 -92 -94 -98 -101 -104 -103 -102 -103 -108 -103 -99 -96 -94 -89 -87 -83 -77 -73 -70 -68 -63 -58 -55 -55 -50 -51 -54 -61 -67 -71 -74 -73 -70 -71 -76 -73 -64 -55 -52 -54 -47 -39 -36 -36 -35 -32 -34 -42 -44 -41 -34
-80 -80 -80 -81 -82 -81 -81 -81 -81 -81 -82 -82 -85 -89 -94 -101 -109 -109 -122 -116 -107 -99 -96 -94 -95 -91 -88 -81 -79 -79 -81 -84 -84 -84 -78 -84 -89 -91 -96 -97 -101 -101 -98 -98 -101 -103 -104 -93 -97 -95 -97 -97 -96 -90 -86 -82 -79 -81 -80 -78 -76 -67 -62 -58 -55 -51 -53 -55 -61 -58 -62 -68 -76 -82 -76 -78 -79 -72 -63 -58 -51 -47 -45 -43 -42 -38 -35 -32 -30 -30 -38 -40 -38
-81 -80 -80 -81 -80 -80 -80 -81 -82 -82 -83 -84 -85 -87 -92 -97 -102 -105 -115 -116 -109 -103 -101 -98 -98 -91 -85 -83 -82 -80 -78 -80 -82 -80 -82 -87 -89 -92 -95 -96 -98 -101 -102 -103 -100 -96 -95 -94 -92 -88 -91 -90 -96 -95 -87 -83 -75 -74 -72 -70 -68 -66 -65 -59 -56 -54 -59 -57 -58 -62 -62 -67 -72 -70 -69 -63 -64 -61 -54 -50 -49 -45 -38 -41 -40 -36 -34 -32 -30 -27 -37 -38 -37
-81 -81 -81 -81 -83 -81 -82 -83 -83 -83 -83 -85 -86 -88 -91 -94 -97 -103 -112 -109 -105 -102 -98 -97 -97 -92 -88 -84 -82 -83 -81 -85 -86 -81 -88 -87 -89 -96 -100 -106 -104 -103 -105 -106 -103 -100 -96 -92 -86 -83 -80 -77 -84 -82 -80 -81 -77 -76 -70 -69 -67 -63 -62 -58 -55 -60 -64 -71 -64 -65 -64 -61 -59 -53 -61 -58 -56 -55 -50 -43 -39 -42 -38 -35 -39 -36 -33 -31 -29 -26 -30 -37 -36
-82 -81 -81 -83 -86 -83 -82 -84 -87 -85 -84 -85 -86 -88 -90 -93 -98 -101 -109 -115 -105 -104 -100 -96 -92 -89 -87 -85 -84 -88 -86 -86 -87 -82 -89 -93 -93 -94 -99 -102 -104 -106 -111 -113 -109 -105 -102 -92 -89 -91 -86 -87 -76 -76 -75 -76 -72 -70 -70 -68 -65 -63 -59 -61 -57 -58 -61 -67 -69 -65 -61 -56 -54 -51 -49 -51 -49 -49 -44 -36 -35 -34 -32 -32 -31 -31 -31 -29 -28 -25 -26 -31 -33
-83 -83 -82 -81 -81 -81 -82 -84 -86 -88 -85 -84 -83 -85 -86 -88 -92 -99 -106 -111 -111 -104 -99 -95 -92 -88 -87 -87 -87 -86 -87 -91 -90 -87 -81 -87 -88 -92 -95 -97 -103 -107 -107 -106 -108 -102 -97 -96 -97 -95 -92 -88 -89 -86 -80 -77 -75 -75 -70 -68 -68 -62 -65 -60 -60 -66 -66 -73 -74 -68 -64 -61 -57 -54 -54 -50 -47 -43 -40 -39 -44 -38 -33 -38 -35 -31 -29 -27 -27 -24 -24 -24 -25
-83 -83 -83 -82 -82 -82 -84 -87 -88 -89 -87 -85 -83 -83 -84 -86 -89 -92 -98 -101 -109 -103 -100 -93 -91 -89 -88 -91 -92 -92 -90 -92 -91 -89 -84 -82 -87 -90 -95 -95 -98 -99 -99 -102 -106 -110 -112 -111 -105 -101 -101 -95 -97 -92 -86 -81 -79 -74 -69 -73 -73 -70 -64 -62 -60 -74 -79 -78 -72 -66 -64 -63 -60 -59 -54 -51 -52 -47 -45 -47 -43 -40 -38 -44 -40 -39 -35 -30 -31 -28 -26 -27 -23
-84 -84 -83 -83 -83 -83 -82 -85 -85 -84 -83 -83 -84 -84 -85 -87 -88 -92 -95 -98 -109 -103 -98 -98 -96 -90 -92 -94 -95 -97 -96 -89 -92 -88 -86 -83 -82 -83 -86 -89 -93 -98 -105 -110 -112 -114 -117 -120 -116 -114 -114 -108 -100 -95 -82 -81 -78 -69 -75 -76 -77 -73 -68 -70 -64 -71 -76 -81 -75 -75 -68 -67 -60 -64 -61 -58 -57 -56 -54 -48 -46 -47 -47 -48 -44 -38 -37 -39 -34 -28 -26 -26 -25
-85 -85 -84 -83 -83 -83 -83 -85 -85 -85 -86 -84 -88 -88 -83 -86 -86 -88 -90 -92 -99 -102 -101 -97 -92 -92 -96 -99 -102 -98 -94 -94 -94 -92 -91 -91 -88 -86 -82 -87 -94 -103 -109 -114 -116 -114 -109 -120 -121 -108 -108 -96 -87 -87 -87 -85 -76 -83 -89 -86 -82 -76 -72 -74 -70 -73 -80 -86 -85 -82 -83 -73 -65 -65 -70 -67 -63 -67 -63 -56 -53 -50 -47 -45 -44 -44 -40 -38 -37 -31 -29 -25 -24
-85 -86 -85 -84 -84 -83 -84 -84 -87 -87 -89 -89 -86 -90 -89 -86 -87 -87 -91 -92 -98 -104 -97 -93 -93 -98 -101 -105 -104 -98 -98 -98 -97 -95 -95 -98 -97 -94 -94 -86 -87 -92 -97 -107 -111 -116 -104 -114 -116 -113 -101 -102 -99 -97 -96 -88 -80 -91 -96 -89 -92 -86 -79 -79 -70 -74 -79 -78 -84 -87 -84 -83 -77 -76 -80 -80 -76 -74 -70 -64 -56 -50 -46 -48 -46 -42 -39 -35 -34 -31 -28 -26 -26
-86 -87 -86 -85 -84 -84 -84 -84 -85 -89 -92 -92 -87 -87 -87 -88 -89 -90 -90 -94 -102 -104 -98 -92 -100 -100 -102 -108 -101 -96 -103 -103 -96 -93 -92 -95 -97 -97 -95 -83 -84 -89 -90 -95 -106 -102 -101 -105 -107 -112 -117 -105 -106 -100 -89 -91 -101 -101 -106 -107 -100 -97 -94 -87 -78 -75 -82 -88 -93 -90 -79 -72 -85 -83 -83 -83 -76 -70 -66 -59 -55 -50 -55 -54 -46 -43 -41 -39 -38 -29 -26 -27 -26
-88 -89 -89 -87 -85 -85 -84 -84 -85 -85 -93 -94 -94 -91 -92 -91 -90 -93 -96 -98 -107 -105 -97 -96 -105 -105 -113 -107 -101 -104 -107 -96 -96 -96 -90 -90 -91 -89 -89 -85 -85 -88 -90 -91 -94 -95 -97 -97 -106 -105 -108 -101 -100 -96 -109 -111 -107 -100 -105 -112 -108 -103 -97 -89 -83 -87 -87 -94 -97 -89 -79 -70 -77 -83 -80 -82 -80 -71 -65 -61 -58 -54 -49 -47 -43 -42 -41 -35 -32 -30 -28 -30 -27
-90 -90 -90 -88 -86 -85 -85 -85 -85 -86 -87 -89 -90 -91 -94 -97 -94 -93 -94 -94 -100 -105 -101 -96 -99 -104 -111 -109 -110 -105 -106 -104 -103 -99 -97 -95 -94 -91 -88 -91 -89 -85 -85 -88 -87 -90 -91 -89 -102 -104 -106 -107 -105 -112 -116 -111 -102 -96 -111 -107 -104 -100 -95 -89 -90 -93 -94 -98 -93 -91 -78 -67 -66 -74 -69 -78 -87 -83 -76 -74 -64 -55 -49 -48 -48 -45 -38 -37 -33 -30 -32 -31 -30
-92 -92 -92 -90 -87 -86 -86 -86 -86 -87 -86 -86 -87 -86 -85 -94 -86 -87 -87 -87 -88 -89 -90 -91 -93 -97 -101 -116 -111 -107 -115 -104 -103 -99 -93 -90 -90 -90 -89 -94 -96 -86 -92 -100 -98 -95 -101 -96 -94 -106 -110 -109 -110 -123 -118 -105 -101 -99 -96 -93 -90 -88 -84 -91 -88 -90 -78 -69 -77 -84 -83 -73 -63 -58 -61 -67 -75 -75 -68 -74 -69 -59 -53 -50 -48 -44 -40 -40 -39 -38 -34 -31 -29
-93 -94 -94 -91 -92 -89 -87 -87 -86 -87 -88 -90 -90 -86 -85 -86 -88 -87 -87 -92 -99 -96 -96 -100 -99 -100 -97 -107 -103 -98 -102 -103 -100 -94 -91 -90 -90 -93 -93 -98 -99 -87 -96 -107 -108 -102 -105 -107 -97 -103 -114 -123 -130 -127 -112 -112 -116 -107 -105 -108 -102 -94 -87 -77 -76 -74 -71 -67 -63 -64 -69 -71 -65 -58 -48 -51 -61 -63 -59 -65 -69 -67 -64 -59 -53 -49 -48 -46 -46 -35 -33 -29 -25
-98 -95 -94 -93 -93 -92 -91 -89 -87 -87 -88 -89 -90 -90 -91 -93 -95 -98 -96 -99 -106 -95 -113 -109 -106 -103 -99 -112 -105 -100 -93 -93 -91 -91 -101 -109 -98 -95 -93 -94 -92 -89 -97 -110 -112 -107 -111 -110 -104 -98 -107 -115 -131 -128 -124 -122 -121 -118 -115 -113 -112 -107 -104 -90 -80 -77 -76 -64 -60 -53 -52 -47 -58 -60 -51 -39 -46 -55 -51 -52 -58 -64 -74 -75 -68 -61 -60 -50 -41 -39 -30 -30 -24
-102 -99 -98 -98 -97 -98 -95 -91 -89 -87 -88 -89 -89 -90 -91 -90 -94 -103 -101 -104 -110 -103 -113 -114 -106 -106 -114 -108 -105 -102 -96 -93 -97 -110 -110 -106 -94 -96 -97 -96 -95 -89 -96 -102 -110 -114 -118 -114 -108 -105 -119 -119 -122 -123 -127 -125 -116 -109 -101 -103 -88 -94 -99 -91 -84 -91 -83 -74 -71 -66 -65 -55 -52 -45 -49 -44 -32 -49 -41 -40 -50 -54 -60 -65 -65 -58 -55 -45 -42 -41 -33 -29 -26
-94 -99 -102 -101 -99 -101 -98 -92 -90 -87 -88 -93 -94 -95 -96 -92 -92 -93 -101 -107 -115 -114 -122 -114 -107 -101 -101 -105 -101 -95 -92 -94 -105 -109 -107 -102 -96 -101 -101 -97 -91 -91 -91 -96 -105 -116 -125 -117 -112 -133 -130 -117 -109 -101 -109 -124 -123 -116 -106 -93 -85 -82 -75 -78 -73 -68 -71 -69 -71 -75 -65 -56 -53 -44 -37 -37 -33 -30 -29 -36 -35 -44 -51 -54 -56 -53 -52 -46 -38 -38 -39 -27 -25
-90 -94 -95 -94 -97 -96 -94 -91 -87 -87 -90 -91 -92 -91 -97 -100 -98 -94 -93 -95 -104 -110 -115 -109 -101 -103 -94 -95 -93 -89 -93 -99 -109 -114 -106 -100 -104 -104 -105 -93 -94 -92 -91 -95 -102 -110 -120 -122 -123 -120 -122 -119 -119 -107 -100 -101 -110 -110 -104 -99 -94 -89 -79 -73 -69 -67 -64 -63 -63 -63 -59 -52 -43 -39 -37 -31 -38 -30 -28 -27 -26 -26 -38 -43 -50 -51 -46 -45 -37 -30 -26 -24 -24
-88 -89 -90 -92 -92 -90 -90 -90 -91 -88 -88 -92 -92 -96 -93 -97 -99 -100 -100 -95 -99 -111 -114 -107 -109 -101 -94 -92 -87 -94 -96 -100 -111 -116 -107 -105 -105 -94 -94 -99 -106 -101 -94 -94 -99 -105 -118 -130 -126 -111 -104 -114 -112 -104 -96 -98 -101 -107 -111 -106 -98 -90 -84 -76 -71 -66 -65 -60 -56 -56 -49 -42 -35 -33 -31 -30 -30 -28 -28 -27 -28 -27 -25 -26 -26 -36 -33 -34 -28 -27 -27 -25 -25
-88 -89 -88 -90 -90 -88 -90 -91 -91 -92 -92 -89 -90 -99 -102 -102 -103 -106 -108 -111 -102 -109 -116 -115 -109 -106 -96 -89 -86 -95 -104 -108 -113 -117 -109 -103 -98 -94 -102 -111 -113 -110 -104 -97 -103 -110 -123 -119 -117 -106 -99 -94 -96 -100 -90 -98 -95 -96 -100 -106 -94 -87 -83 -81 -75 -71 -67 -59 -52 -48 -49 -41 -38 -32 -30 -29 -34 -44 -41 -31 -36 -26 -24 -22 -22 -24 -24 -27 -26 -26 -26 -27 -31
-89 -88 -87 -89 -89 -89 -89 -87 -89 -90 -93 -97 -95 -91 -92 -91 -94 -96 -102 -107 -110 -117 -117 -104 -102 -97 -93 -87 -85 -92 -96 -114 -115 -107 -98 -101 -105 -110 -115 -115 -107 -104 -104 -107 -107 -116 -108 -112 -109 -107 -95 -92 -87 -82 -82 -94 -94 -85 -88 -90 -88 -80 -76 -69 -67 -71 -76 -67 -63 -53 -43 -39 -39 -38 -33 -35 -38 -45 -58 -53 -47 -44 -31 -29 -23 -23 -22 -23 -20 -23 -26 -28 -31
-87 -87 -89 -89 -88 -87 -88 -89 -87 -89 -88 -101 -106 -109 -101 -98 -96 -102 -94 -95 -105 -121 -113 -115 -107 -97 -93 -85 -89 -101 -98 -104 -109 -101 -103 -107 -110 -110 -116 -117 -111 -102 -97 -94 -107 -103 -103 -97 -93 -96 -96 -92 -84 -80 -91 -103 -89 -83 -76 -75 -83 -86 -78 -71 -61 -54 -53 -47 -57 -46 -45 -47 -47 -45 -42 -46 -54 -57 -50 -57 -56 -49 -41 -35 -30 -27 -29 -25 -22 -21 -21 -21 -21
-87 -87 -87 -87 -88 -87 -89 -93 -91 -93 -89 -97 -104 -106 -106 -103 -108 -113 -108 -95 -103 -111 -119 -113 -108 -102 -93 -84 -88 -102 -103 -109 -100 -100 -115 -109 -108 -98 -105 -115 -112 -109 -110 -107 -98 -89 -84 -82 -82 -82 -79 -83 -80 -76 -82 -96 -98 -80 -75 -75 -73 -70 -69 -65 -75 -61 -58 -56 -59 -54 -51 -48 -43 -40 -43 -51 -55 -55 -51 -38 -34 -35 -41 -42 -31 -29 -23 -21 -23 -26 -32 -27 -26
-87 -87 -87 -88 -88 -88 -88 -93 -90 -94 -95 -92 -99 -108 -109 -109 -108 -113 -109 -102 -109 -119 -117 -110 -102 -95 -93 -84 -85 -93 -101 -99 -99 -115 -113 -110 -107 -100 -95 -105 -114 -114 -119 -118 -117 -108 -117 -97 -86 -79 -68 -65 -64 -64 -63 -80 -69 -73 -68 -76 -80 -78 -63 -67 -73 -70 -67 -61 -62 -61 -58 -38 -38 -39 -47 -47 -47 -46 -42 -37 -27 -26 -31 -29 -24 -23 -23 -30 -30 -29 -36 -36 -41
-87 -87 -88 -88 -88 -88 -88 -93 -91 -96 -101 -93 -96 -103 -99 -97 -100 -103 -105 -108 -107 -116 -116 -105 -98 -93 -90 -84 -84 -89 -94 -92 -97 -106 -114 -112 -106 -104 -102 -95 -90 -95 -105 -111 -117 -118 -117 -103 -90 -87 -89 -80 -74 -64 -63 -62 -61 -62 -57 -58 -50 -64 -63 -56 -48 -49 -45 -55 -57 -52 -42 -36 -36 -39 -42 -45 -38 -35 -34 -27 -27 -28 -27 -28 -30 -44 -29 -25 -27 -38 -32 -27 -25
-88 -89 -88 -88 -88 -90 -88 -91 -90 -94 -101 -100 -99 -97 -104 -109 -106 -101 -106 -111 -107 -119 -110 -110 -103 -97 -89 -84 -82 -86 -91 -97 -104 -101 -116 -115 -106 -107 -106 -99 -98 -89 -87 -97 -110 -117 -109 -101 -104 -96 -87 -79 -74 -75 -69 -62 -64 -62 -58 -58 -48 -47 -50 -57 -44 -38 -37 -40 -39 -36 -34 -32 -39 -34 -33 -32 -28 -27 -28 -26 -35 -31 -28 -31 -41 -49 -40 -31 -28 -27 -31 -27 -30
-88 -89 -89 -89 -90 -91 -90 -91 -92 -89 -94 -99 -104 -100 -103 -110 -115 -115 -111 -104 -106 -120 -114 -108 -103 -95 -87 -82 -83 -91 -99 -105 -110 -106 -108 -114 -112 -117 -104 -100 -92 -92 -92 -85 -89 -105 -108 -110 -103 -86 -87 -87 -92 -90 -75 -72 -68 -67 -73 -77 -72 -56 -43 -48 -50 -46 -39 -33 -35 -32 -32 -31 -39 -31 -28 -31 -34 -31 -30 -37 -48 -44 -42 -39 -40 -49 -47 -41 -36 -26 -27 -25 -23
-90 -89 -91 -90 -91 -93 -90 -91 -92 -91 -93 -97 -101 -103 -106 -110 -118 -110 -107 -98 -106 -109 -108 -108 -98 -90 -85 -81 -83 -87 -97 -105 -107 -103 -116 -120 -123 -126 -109 -112 -126 -102 -98 -87 -87 -80 -88 -102 -112 -112 -102 -98 -90 -80 -70 -65 -65 -63 -66 -77 -75 -63 -54 -40 -44 -37 -34 -32 -29 -29 -30 -29 -30 -34 -40 -42 -33 -31 -41 -54 -55 -56 -57 -58 -48 -52 -50 -49 -36 -27 -24 -25 -23
-90 -90 -92 -94 -95 -94 -93 -93 -95 -94 -94 -94 -94 -98 -100 -104 -110 -117 -110 -101 -97 -94 -89 -94 -91 -87 -81 -81 -87 -97 -93 -96 -97 -105 -110 -119 -126 -117 -110 -126 -117 -96 -93 -103 -103 -82 -76 -82 -93 -104 -96 -90 -86 -84 -73 -66 -61 -59 -58 -57 -59 -49 -48 -48 -45 -38 -36 -31 -34 -31 -29 -29 -30 -31 -40 -42 -38 -45 -45 -55 -56 -55 -51 -49 -43 -41 -46 -42 -38 -31 -27 -22 -22
-90 -94 -97 -98 -98 -94 -92 -91 -95 -94 -95 -98 -103 -103 -101 -107 -109 -116 -113 -114 -108 -104 -94 -88 -84 -84 -82 -81 -90 -98 -99 -96 -99 -104 -110 -107 -106 -123 -120 -110 -98 -96 -101 -125 -122 -106 -87 -74 -77 -90 -92 -83 -79 -78 -73 -64 -59 -54 -56 -54 -52 -49 -42 -37 -35 -34 -42 -57 -45 -35 -32 -36 -40 -45 -42 -50 -44 -54 -53 -55 -55 -50 -48 -45 -38 -40 -35 -33 -31 -29 -24 -21 -25
-92 -97 -101 -100 -97 -92 -91 -92 -92 -95 -93 -98 -105 -107 -107 -113 -104 -103 -112 -105 -103 -104 -97 -92 -86 -83 -81 -81 -90 -94 -99 -96 -93 -104 -102 -102 -101 -112 -120 -115 -109 -112 -117 -126 -121 -110 -100 -95 -73 -72 -75 -75 -69 -58 -60 -54 -52 -51 -50 -49 -48 -45 -43 -38 -40 -41 -49 -48 -40 -36 -32 -39 -47 -54 -51 -45 -40 -48 -56 -58 -60 -57 -55 -47 -46 -48 -48 -44 -33 -27 -22 -19 -21
-93 -91 -91 -92 -91 -89 -91 -90 -93 -92 -90 -93 -98 -110 -115 -110 -104 -98 -102 -94 -94 -97 -97 -93 -86 -83 -81 -83 -87 -91 -91 -95 -93 -88 -94 -97 -110 -113 -105 -117 -117 -124 -117 -109 -108 -88 -82 -82 -77 -76 -73 -69 -68 -68 -58 -59 -52 -51 -57 -54 -48 -44 -54 -60 -56 -49 -46 -40 -38 -34 -47 -56 -58 -49 -45 -40 -42 -36 -45 -55 -61 -56 -54 -53 -45 -44 -41 -42 -36 -27 -22 -19 -19
-89 -89 -91 -90 -89 -90 -90 -90 -93 -90 -90 -91 -95 -102 -116 -117 -107 -98 -96 -94 -92 -90 -89 -90 -87 -84 -81 -81 -84 -87 -86 -85 -87 -90 -94 -105 -114 -114 -116 -99 -98 -116 -114 -104 -103 -103 -94 -90 -81 -86 -84 -84 -80 -76 -70 -71 -64 -61 -62 -61 -52 -48 -49 -60 -68 -58 -47 -45 -43 -38 -42 -62 -57 -52 -50 -48 -43 -38 -36 -51 -55 -58 -53 -48 -46 -41 -34 -29 -37 -25 -21 -19 -18
-90 -90 -91 -90 -90 -90 -90 -88 -89 -89 -89 -89 -93 -98 -104 -109 -109 -109 -102 -99 -96 -91 -89 -86 -85 -82 -81 -81 -83 -83 -87 -86 -88 -89 -89 -94 -97 -102 -104 -96 -95 -103 -111 -115 -117 -116 -106 -91 -91 -91 -90 -88 -82 -79 -77 -76 -71 -66 -63 -64 -55 -51 -51 -53 -66 -65 -54 -46 -43 -45 -44 -53 -63 -61 -55 -50 -49 -38 -32 -42 -50 -51 -46 -43 -43 -34 -30 -32 -34 -26 -26 -21 -18
-90 -90 -89 -91 -90 -88 -90 -91 -91 -91 -89 -89 -91 -93 -97 -98 -102 -109 -106 -99 -99 -99 -93 -90 -86 -84 -82 -81 -82 -83 -85 -88 -86 -84 -85 -84 -85 -90 -88 -108 -104 -107 -111 -117 -119 -120 -122 -94 -95 -96 -89 -83 -82 -79 -74 -68 -67 -65 -65 -66 -62 -61 -65 -59 -64 -68 -53 -48 -52 -55 -51 -53 -56 -66 -59 -55 -53 -50 -49 -35 -35 -38 -47 -42 -45 -43 -45 -45 -32 -27 -22 -20 -18
-90 -89 -89 -88 -88 -89 -90 -91 -96 -97 -90 -91 -89 -90 -90 -93 -96 -107 -108 -106 -104 -100 -96 -91 -88 -85 -82 -82 -81 -83 -84 -86 -84 -86 -95 -95 -97 -97 -99 -107 -115 -113 -103 -117 -110 -120 -115 -116 -113 -102 -88 -85 -78 -74 -71 -72 -71 -70 -68 -66 -69 -73 -73 -68 -64 -68 -58 -64 -69 -70 -66 -62 -61 -68 -67 -57 -56 -56 -53 -43 -34 -28 -29 -40 -46 -49 -49 -43 -31 -28 -23 -20 -18
-91 -89 -89 -89 -89 -90 -90 -92 -95 -95 -93 -92 -90 -90 -90 -92 -95 -104 -102 -103 -100 -97 -93 -90 -87 -86 -83 -81 -81 -83 -86 -91 -83 -87 -97 -105 -100 -102 -104 -103 -108 -111 -101 -100 -107 -119 -121 -123 -121 -99 -91 -85 -78 -73 -76 -81 -78 -79 -79 -79 -75 -83 -78 -72 -66 -66 -71 -82 -77 -75 -67 -63 -69 -67 -65 -59 -54 -54 -51 -56 -51 -48 -33 -26 -31 -44 -43 -43 -34 -30 -23 -20 -17
-92 -89 -89 -89 -89 -90 -91 -94 -96 -97 -96 -96 -94 -92 -92 -93 -98 -102 -102 -98 -94 -92 -89 -89 -88 -84 -82 -81 -81 -83 -87 -90 -83 -88 -94 -103 -102 -95 -93 -96 -98 -102 -98 -96 -107 -114 -117 -120 -103 -109 -101 -87 -83 -82 -90 -84 -90 -96 -95 -93 -86 -87 -85 -75 -68 -69 -82 -92 -85 -76 -67 -66 -64 -63 -55 -51 -55 -56 -56 -60 -57 -56 -48 -29 -25 -30 -33 -32 -23 -22 -21 -19 -17
