test/HelianthusTinyTest/asciifiles/nabio_7.asc
ncols  170
nrows  166
xllcorner  -106.083333333333
yllcorner  39.5916666666667
cellsize 0.00833333333332943
NODATA_value  -9999
[rows 42 to 83 of 166, columns 0 to 93 of 170]
392 392 390 390 388 389 388 389 385 381 379 374 367 351 336 336 324 333 339 336 335 344 330 333 342 352 372 370 368 367 367 376 368 371 366 351 349 348 344 345 347 348 346 344 342 339 335 333 330 330 331 336 340 340 350 352 353 358 359 363 364 364 364 364 366 366 366 366 362 360 360 360 357 357 357 356 350 350 355 355 355 358 360 359 360 363 363 364 359 357 358 360 361 360
393 392 391 389 388 386 388 387 386 385 383 379 371 359 339 337 327 326 331 323 336 343 341 337 340 352 364 369 369 370 376 376 370 367 375 354 352 349 344 342 344 345 346 343 338 335 332 334 333 332 329 333 334 337 339 343 346 349 354 357 359 361 363 366 365 364 364 363 362 360 356 352 349 349 352 349 346 346 352 357 357 356 358 360 361 362 361 365 361 357 357 357 361 363
393 392 392 389 388 387 386 386 386 385 383 381 374 365 352 343 334 333 320 326 335 343 348 351 350 356 360 372 373 374 368 364 363 363 371 361 353 349 342 340 336 336 339 338 336 334 331 342 339 339 337 337 338 343 347 352 353 352 352 352 355 360 363 364 366 365 364 363 361 360 357 353 349 343 346 345 343 349 354 356 357 358 358 359 358 360 360 364 366 364 358 358 357 361
393 392 392 391 389 390 387 387 385 385 380 379 373 368 361 348 341 337 327 327 334 339 342 345 346 356 365 371 371 373 373 370 367 369 366 354 352 349 345 342 340 336 335 334 336 339 341 342 344 347 343 344 338 338 346 350 359 359 360 361 361 363 362 365 366 364 362 363 362 360 360 356 350 352 350 355 355 355 358 358 357 358 360 359 359 360 361 363 364 369 358 358 357 360
390 393 392 389 387 389 387 384 382 383 380 378 372 368 361 356 351 339 330 333 338 340 346 346 345 354 360 368 370 367 368 361 360 367 355 356 353 343 338 332 335 334 332 331 334 336 340 343 351 354 357 360 350 352 355 353 356 356 360 362 362 364 364 366 366 363 360 355 358 358 358 359 359 359 357 357 358 358 358 359 360 359 360 361 358 360 360 364 367 370 363 358 359 359
390 392 393 386 380 386 386 382 374 376 380 378 373 368 363 358 350 345 334 328 337 338 342 349 352 360 363 366 364 360 363 361 359 366 355 347 350 346 340 336 334 332 328 327 328 331 334 344 347 344 350 347 360 360 359 359 362 362 361 362 364 364 366 364 364 363 361 358 355 358 359 360 361 359 360 359 359 358 359 360 361 361 363 364 365 363 365 366 366 374 370 361 360 360
389 388 391 391 390 389 388 384 377 370 378 378 382 376 371 366 358 346 337 332 330 338 344 351 355 363 362 361 362 362 362 353 355 360 367 357 356 349 345 340 334 331 331 333 332 334 339 341 337 340 344 348 346 348 354 357 359 359 362 362 362 365 364 364 363 360 359 352 352 355 358 359 359 360 359 359 359 359 359 359 358 359 361 359 360 363 366 369 369 376 376 377 373 367
389 388 387 390 391 390 383 378 373 370 374 380 382 381 379 373 363 359 347 342 335 340 343 356 357 359 362 356 353 352 355 352 353 357 364 368 356 354 346 345 341 339 339 335 331 329 327 328 331 335 334 340 337 342 348 352 355 358 363 358 358 361 363 364 363 354 348 349 354 357 358 358 359 358 359 358 358 358 359 358 359 358 359 357 357 357 359 363 361 367 367 367 376 379
388 389 389 391 390 390 389 380 380 381 383 384 382 381 376 371 368 358 354 347 334 340 346 346 349 360 353 351 351 345 348 357 352 359 360 366 364 364 358 352 345 341 333 329 329 326 323 321 323 324 325 330 334 340 352 354 356 363 358 355 354 358 361 357 362 356 351 346 351 351 355 355 359 356 357 358 357 357 358 358 358 358 356 356 357 357 357 357 359 365 367 369 371 372
387 387 388 390 390 388 388 383 381 380 377 382 372 371 380 374 372 369 363 359 345 341 345 349 357 355 348 344 340 346 350 350 350 353 353 350 355 360 363 356 345 335 331 327 325 325 330 321 320 329 329 339 348 348 346 348 357 350 344 345 350 353 359 355 358 354 349 342 342 345 342 351 357 355 351 352 356 352 354 356 356 356 356 357 356 356 356 357 357 361 362 369 372 373
385 384 386 389 389 388 388 386 378 374 370 371 379 366 370 375 372 370 364 359 349 340 349 353 354 347 342 337 339 346 344 344 345 347 347 343 343 347 348 358 355 348 341 333 328 325 333 327 325 326 336 333 337 338 337 348 354 339 337 343 340 343 351 352 359 354 349 348 344 340 342 342 348 348 344 343 348 348 350 352 356 357 357 356 356 357 357 357 357 360 365 368 369 370
383 379 384 386 388 388 387 386 383 372 363 363 377 373 373 372 367 364 363 353 344 339 349 356 344 345 341 335 341 347 338 338 346 352 352 349 344 344 345 362 361 351 352 344 332 336 336 333 330 326 323 331 331 335 346 342 333 334 330 329 332 335 338 342 351 353 346 340 335 338 346 352 340 342 342 341 346 350 353 356 356 356 356 354 355 356 356 356 356 363 366 365 367 369
379 376 374 380 387 388 386 384 382 381 362 361 359 362 365 364 364 358 352 349 336 338 349 352 339 338 332 335 341 337 336 349 346 346 353 353 352 355 354 360 359 352 350 349 344 342 340 340 333 333 330 335 336 340 328 326 330 333 330 326 327 331 335 341 345 342 343 335 333 338 346 353 347 342 343 341 342 350 352 355 355 356 356 356 356 356 356 356 359 362 364 360 364 368
373 373 373 381 382 387 386 383 385 381 376 372 368 365 357 352 356 359 356 357 345 339 343 352 345 339 332 334 332 336 337 337 338 342 346 349 348 352 355 352 352 357 357 351 354 350 347 349 336 333 332 330 331 327 325 326 334 338 327 330 332 332 338 341 339 337 337 332 337 336 348 356 356 350 353 345 338 339 344 346 352 356 357 356 355 355 356 356 358 359 359 359 360 364
370 370 369 375 381 383 385 384 381 379 380 379 379 379 378 357 377 375 373 372 369 366 365 359 356 350 343 329 332 336 329 337 339 343 349 355 355 355 355 346 344 357 349 338 341 342 337 341 342 332 329 331 329 318 323 331 334 335 338 339 341 343 346 339 341 340 350 357 348 342 344 350 357 359 357 353 347 346 352 345 349 354 355 355 355 356 355 355 356 355 358 359 361 359
365 364 363 371 370 376 382 381 383 380 375 371 373 379 378 378 372 374 372 361 348 352 352 345 346 344 350 336 341 347 342 339 343 350 353 355 355 349 348 342 341 357 344 333 332 336 332 333 339 334 325 318 314 315 327 325 324 329 330 329 332 337 343 353 353 355 357 359 360 359 356 353 357 359 360 360 357 355 356 352 350 351 352 354 355 355 355 356 355 356 358 361 366 359
356 359 363 367 367 368 371 374 381 380 377 374 370 368 366 360 357 350 354 348 340 355 332 334 338 341 346 332 337 343 354 352 354 355 341 333 342 348 348 348 349 354 343 330 329 331 329 328 334 339 333 326 311 315 318 320 321 322 325 325 327 328 332 339 349 352 351 361 362 361 361 361 359 360 359 359 359 358 358 358 355 351 345 344 348 351 351 355 356 355 358 358 368 362
350 354 355 355 359 355 361 371 377 382 378 374 374 371 367 368 360 342 344 342 335 341 332 331 337 337 330 335 337 341 349 355 347 332 331 336 348 346 345 345 345 353 344 336 331 328 323 327 331 332 322 323 321 319 315 318 324 329 333 332 344 338 334 339 346 338 345 353 354 360 360 361 361 360 360 360 359 358 358 358 358 355 354 351 350 353 354 355 355 355 357 359 364 369
367 354 347 350 354 350 354 371 374 380 378 363 360 360 356 362 363 360 345 338 329 331 323 331 337 344 344 338 342 350 356 351 336 333 335 339 345 341 339 344 351 351 351 342 335 327 318 325 328 312 314 325 330 336 328 318 318 324 331 339 346 349 356 353 357 360 358 359 355 352 358 360 361 360 358 358 358 360 361 358 359 357 356 355 353 354 355 355 355 356 356 360 366 370
377 365 363 366 359 362 364 370 379 379 374 368 366 365 355 348 354 360 359 355 343 335 332 334 344 342 353 350 354 361 355 345 334 330 335 341 338 336 336 351 347 349 350 344 338 330 323 321 321 323 321 323 324 330 337 335 327 329 331 334 338 343 351 358 361 361 361 362 361 360 360 361 361 359 359 358 358 360 363 363 367 365 356 357 355 355 355 355 356 358 364 367 368 367
385 380 377 374 372 375 374 374 372 381 380 367 365 357 363 355 349 349 348 355 349 333 331 337 337 344 354 358 367 352 350 343 332 329 336 336 337 350 348 341 335 338 346 346 340 335 325 315 317 330 334 327 328 332 340 338 336 330 328 329 336 342 347 354 358 361 361 363 364 362 362 361 359 359 359 360 358 362 363 362 360 364 368 364 365 356 357 356 359 359 363 365 364 366
385 383 383 378 379 382 376 374 371 369 369 376 374 352 348 345 343 341 337 335 346 337 329 331 334 338 353 363 371 352 340 336 331 328 334 340 345 349 339 331 331 333 337 343 337 331 321 323 325 334 338 343 340 336 346 338 339 338 335 331 338 343 348 350 355 358 360 363 364 363 362 360 359 358 359 360 357 359 359 358 357 366 370 376 377 372 369 360 364 363 363 360 357 361
384 386 387 383 381 380 379 384 382 377 364 357 359 369 363 366 359 355 345 339 337 328 329 340 343 349 357 370 374 356 350 331 329 336 347 342 336 332 329 329 334 335 336 335 333 325 332 330 331 333 342 343 349 356 354 341 341 348 345 343 345 351 354 361 361 358 353 359 362 363 361 360 359 359 357 357 358 358 356 358 357 357 357 359 373 371 376 372 382 368 363 361 357 360
391 390 385 384 388 384 387 382 383 381 380 350 342 339 348 352 358 348 361 357 341 325 331 331 337 352 358 375 366 344 349 340 336 342 340 335 333 333 328 326 331 339 343 346 334 335 335 340 344 342 339 345 353 359 343 333 345 353 359 360 348 346 353 359 366 365 364 362 364 363 361 362 360 360 359 359 358 358 358 356 357 358 357 356 358 360 358 364 374 377 374 378 375 380
391 392 391 390 388 386 383 364 374 367 378 357 343 341 341 347 339 334 339 355 345 336 326 331 337 346 357 375 366 342 343 334 345 345 330 333 335 344 336 330 330 333 333 335 340 352 357 359 358 358 361 356 359 363 354 339 338 355 361 358 361 361 363 364 354 364 364 364 363 364 363 361 360 359 359 361 358 358 358 357 357 357 356 356 357 358 369 377 368 362 357 360 361 382
391 391 390 388 388 387 385 368 374 362 362 367 352 340 338 337 338 334 337 346 337 328 329 336 346 353 357 377 375 356 343 345 346 329 331 333 336 341 349 335 330 329 326 326 327 334 327 342 354 364 375 376 375 374 374 358 368 363 367 357 352 356 366 363 358 359 360 363 362 363 362 360 359 360 359 359 359 359 358 358 361 362 356 357 367 371 370 357 357 358 357 355 355 356
394 393 388 389 388 387 387 368 375 359 349 364 358 347 354 355 350 345 341 339 340 330 330 341 350 356 363 379 378 365 352 355 348 337 330 333 336 339 341 347 353 347 337 332 327 327 328 335 348 350 347 359 369 375 374 373 372 373 371 371 368 366 366 367 366 365 362 365 364 363 361 359 358 358 359 359 357 357 357 359 362 359 360 357 357 356 357 363 360 355 355 360 363 356
390 387 389 385 385 381 384 377 378 367 351 351 353 358 344 339 341 348 342 334 340 327 333 334 343 352 365 378 385 372 358 350 339 341 331 331 336 335 337 342 344 354 358 343 331 329 333 339 336 342 351 359 369 363 370 372 373 371 371 371 369 366 367 368 365 362 362 361 360 360 358 357 360 358 358 358 358 363 359 363 357 358 359 356 356 356 356 356 359 361 358 361 357 363
390 384 386 385 382 375 378 376 371 377 366 353 345 351 347 336 332 331 337 344 343 327 333 338 343 355 370 384 382 362 347 339 334 337 335 330 332 327 338 343 352 351 350 358 351 336 333 332 336 353 353 352 345 346 365 366 370 370 362 357 364 369 367 366 366 365 362 359 359 357 358 357 359 357 361 358 357 357 357 357 358 357 357 357 356 355 356 355 356 361 361 362 368 367
386 388 380 382 378 373 382 374 368 373 370 359 351 348 342 337 328 337 340 352 341 338 338 338 350 364 377 389 378 367 349 339 337 340 329 326 323 322 334 332 321 339 342 358 355 365 351 337 332 332 337 339 347 358 372 373 373 372 368 357 359 368 368 363 365 362 360 358 357 357 357 358 358 358 359 359 358 357 359 358 357 355 357 355 356 356 355 355 356 359 365 364 368 369
385 382 375 369 368 366 371 370 366 366 366 366 363 354 352 344 338 329 336 349 353 359 370 360 365 374 392 391 370 350 355 351 348 339 335 328 321 327 333 322 327 345 348 339 337 360 373 360 345 335 342 347 350 355 368 373 374 373 372 371 370 368 369 367 365 362 361 358 360 357 358 357 357 358 360 359 358 360 359 358 357 357 358 357 356 356 357 357 355 357 361 368 369 367
383 372 361 359 357 368 375 374 363 364 363 357 347 347 350 341 338 331 334 333 339 344 358 371 384 382 390 392 363 348 345 351 345 342 334 336 338 324 327 333 344 346 341 322 324 336 353 376 370 349 346 355 361 361 368 374 373 373 372 371 370 369 365 363 362 361 364 365 363 360 358 359 360 361 360 360 359 359 359 359 357 358 357 357 356 357 357 357 358 358 365 373 363 363
377 364 355 354 364 372 379 375 374 363 369 357 345 340 341 334 344 347 334 342 347 343 352 361 379 388 392 392 363 354 347 351 356 342 342 342 341 333 325 329 334 332 328 321 326 332 339 344 376 374 370 369 374 377 376 374 372 372 371 371 369 366 365 363 365 364 365 366 362 361 358 361 362 362 361 360 359 360 358 357 356 357 357 358 357 357 356 357 357 359 370 376 372 364
377 377 377 372 377 386 375 384 368 371 376 369 357 339 333 337 345 353 347 357 357 353 353 360 377 396 394 385 372 361 359 353 354 364 351 347 334 333 340 329 328 324 328 334 334 354 362 363 368 370 373 376 376 376 375 375 372 372 373 371 370 368 368 368 368 367 365 362 362 359 363 362 362 362 360 361 360 358 360 358 354 357 358 358 357 357 357 357 357 360 369 377 376 364
387 387 383 386 387 383 384 384 374 380 381 374 363 348 333 332 341 354 360 361 365 372 370 368 377 388 395 394 380 369 370 372 368 360 352 338 332 333 330 344 344 330 331 337 339 338 346 350 362 355 355 354 358 364 372 371 373 373 373 372 370 370 368 370 364 366 366 364 364 361 362 361 362 362 361 361 360 359 358 359 358 356 356 358 357 357 357 358 357 363 372 376 379 369
391 386 383 384 388 382 388 390 392 391 387 381 368 357 346 340 340 340 347 352 359 365 370 382 383 394 397 396 388 384 369 370 365 363 359 351 348 341 339 346 349 339 333 330 328 330 335 349 347 348 349 350 357 359 363 363 370 371 372 371 372 371 369 368 364 364 367 366 363 363 363 364 361 359 362 361 361 360 359 359 358 357 357 357 357 357 358 357 357 363 362 370 380 386
388 390 391 378 388 395 389 380 375 378 387 387 375 368 357 357 348 337 342 352 352 352 360 367 381 387 398 397 393 383 375 367 370 374 369 372 368 358 359 336 340 336 333 329 327 326 326 345 344 342 349 355 357 360 366 372 372 374 371 370 372 370 367 370 366 361 366 366 365 365 364 364 362 358 360 362 361 361 360 358 359 358 358 358 359 357 357 357 357 361 368 374 379 384
387 394 394 398 392 390 383 380 362 362 379 377 381 378 372 366 357 342 340 343 344 350 357 365 371 384 398 397 398 385 380 373 377 367 352 349 349 348 343 336 331 331 340 329 335 326 330 330 330 338 349 353 363 368 371 369 368 369 369 370 365 359 360 364 367 362 368 363 358 357 360 361 361 355 355 360 361 360 360 359 358 361 359 359 358 357 357 357 359 359 366 375 380 386
389 395 396 393 391 384 383 375 366 366 372 373 378 377 378 372 362 346 348 347 349 354 364 369 376 382 394 398 398 387 372 361 377 365 349 340 344 341 338 340 336 334 341 343 336 328 327 325 327 341 348 354 361 370 364 356 358 356 356 354 357 349 353 359 366 363 356 346 349 351 358 362 355 357 358 361 361 360 361 359 359 359 359 363 360 357 357 357 358 359 367 374 381 390
384 394 395 391 389 385 382 372 362 359 362 362 365 371 372 366 355 346 346 355 361 366 373 371 374 390 399 399 397 386 370 361 377 363 353 341 342 350 352 348 346 342 345 345 334 331 329 328 336 334 338 348 354 356 346 352 344 339 339 341 345 343 345 355 364 360 346 339 343 349 358 358 358 360 362 362 362 360 359 357 357 357 358 361 366 361 358 359 368 369 371 376 380 385
396 383 385 391 387 380 377 373 366 352 353 355 358 360 367 363 350 345 347 349 357 366 372 382 379 388 393 399 400 395 382 367 377 360 349 352 355 358 372 375 371 375 373 345 334 340 333 329 332 341 346 337 334 353 337 345 341 333 329 332 343 351 354 362 364 361 349 336 337 344 362 363 362 364 363 363 361 361 361 359 357 358 359 360 368 370 366 376 376 378 377 377 377 383
395 395 382 383 380 380 371 369 358 347 343 345 347 352 356 355 350 348 345 353 361 369 374 380 388 394 402 401 401 400 390 385 382 362 359 354 352 374 385 367 355 346 364 365 347 338 329 326 325 335 334 323 334 347 333 332 332 330 327 333 339 348 356 364 365 365 355 343 337 346 358 363 363 365 363 362 363 360 361 361 359 360 361 365 366 366 373 375 366 369 372 374 377 382
