test/HelianthusTinyTest/asciifiles/nabio_1.asc
ncols  170
nrows  166
xllcorner  -106.083333333333
yllcorner  39.5916666666667
cellsize 0.00833333333332943
NODATA_value  -9999
[rows 55 to 109 of 166, columns 0 to 95 of 170]
6 6 5 10 12 15 14 13 14 12 9 6 3 2 -2 -6 -3 -2 -4 -3 -11 -18 -13 -5 -11 -17 -25 -23 -24 -18 -18 -17 -16 -11 -8 -6 -5 -2 1 -2 0 4 4 0 2 -2 -3 -1 -15 -19 -21 -22 -20 -27 -32 -27 -16 -10 -27 -22 -19 -15 -9 -4 -5 -8 -9 -14 -8 -6 8 20 22 13 17 7 -2 1 8 11 22 31 38 39 39 42 49 50 54 57 55 56 58 63 67 70
3 3 3 7 10 12 13 13 11 10 11 11 10 10 11 -3 10 9 8 7 6 4 3 0 -3 -7 -13 -30 -25 -20 -29 -17 -15 -11 -5 0 0 0 0 -6 -8 4 -3 -13 -11 -9 -14 -9 -8 -20 -25 -23 -25 -40 -34 -20 -15 -13 -10 -8 -5 -2 2 -6 -2 -4 9 19 9 1 2 13 24 30 26 19 11 10 18 11 16 27 34 36 39 42 47 47 47 49 52 56 59 57 64 67
0 0 -1 4 3 8 11 11 12 11 8 5 6 11 11 11 7 8 7 0 -10 -6 -5 -11 -10 -12 -7 -20 -16 -9 -13 -15 -12 -5 -2 0 0 -5 -4 -10 -11 3 -8 -21 -23 -16 -20 -21 -11 -17 -30 -41 -48 -45 -28 -28 -32 -22 -20 -23 -17 -9 -1 10 12 14 17 21 25 24 19 16 22 30 39 36 26 24 28 21 16 18 22 27 33 37 38 40 40 52 53 59 65 57 57 63
-6 -3 -1 1 1 3 4 6 10 11 9 7 5 4 3 -1 -4 -9 -5 -10 -17 -5 -26 -22 -18 -15 -10 -25 -18 -12 -3 -4 -1 -1 -13 -22 -11 -6 -5 -6 -4 0 -10 -24 -27 -22 -26 -25 -18 -12 -21 -30 -50 -46 -42 -38 -37 -34 -31 -29 -28 -22 -19 -5 6 10 10 25 29 35 36 41 30 28 37 48 41 33 36 34 29 22 11 10 17 24 25 36 45 47 57 57 67 62 56 60
-11 -8 -7 -7 -4 -7 -3 4 8 10 9 7 7 5 3 4 -2 -15 -12 -16 -23 -15 -26 -28 -19 -19 -29 -22 -18 -14 -7 -2 -8 -23 -24 -19 -5 -7 -9 -8 -7 0 -8 -16 -24 -28 -34 -29 -22 -19 -35 -35 -38 -40 -45 -43 -32 -24 -16 -18 -2 -8 -14 -6 2 -6 2 13 15 22 23 33 36 42 38 43 55 38 46 47 37 33 26 20 21 27 30 40 44 45 53 58 64 68 67 64
1 -8 -13 -11 -8 -10 -7 4 6 10 9 -1 -2 -3 -5 0 1 -1 -12 -19 -29 -28 -38 -27 -19 -12 -13 -18 -13 -6 -2 -5 -18 -23 -21 -15 -8 -13 -14 -9 -3 -3 -2 -9 -18 -31 -42 -32 -27 -52 -48 -33 -24 -15 -25 -41 -40 -32 -21 -8 1 4 12 10 15 20 17 19 16 12 22 32 35 43 50 51 54 58 59 51 51 42 36 33 30 33 34 40 48 48 47 61 66 68 71 71
7 0 -1 1 -4 -3 0 4 10 10 6 3 1 2 -6 -10 -7 -2 -2 -4 -15 -23 -28 -22 -12 -15 -5 -6 -3 2 -3 -11 -23 -28 -19 -13 -17 -18 -18 -4 -6 -4 -3 -7 -15 -24 -36 -38 -39 -36 -38 -35 -34 -22 -14 -15 -26 -25 -19 -14 -8 -3 8 16 20 22 25 25 25 25 29 37 44 48 51 55 49 58 61 62 65 63 49 43 36 35 40 41 49 57 63 66 67 67 71 74
11 8 7 5 4 6 6 6 4 10 10 1 1 -4 0 -6 -10 -10 -11 -4 -9 -24 -28 -19 -21 -12 -4 -1 6 -5 -6 -12 -25 -30 -20 -18 -18 -5 -6 -11 -19 -14 -6 -6 -11 -19 -33 -47 -44 -25 -18 -29 -26 -19 -10 -12 -15 -21 -26 -21 -12 -4 2 11 18 22 23 29 33 33 39 46 52 54 56 58 57 61 61 61 59 63 65 63 64 50 54 52 59 61 62 64 65 66 68 71
11 10 11 7 8 10 7 5 4 2 2 7 6 -8 -12 -13 -15 -18 -20 -24 -12 -21 -30 -29 -22 -18 -6 3 8 -6 -16 -20 -27 -31 -22 -15 -9 -5 -15 -25 -26 -24 -17 -9 -16 -24 -39 -35 -32 -19 -13 -7 -9 -14 -3 -12 -9 -10 -15 -21 -9 -1 3 6 12 17 22 30 37 41 40 46 49 55 57 59 53 43 46 56 51 64 68 72 72 69 67 61 64 63 63 61 55 60 66 69
10 11 12 9 9 9 8 12 9 7 0 -5 -3 3 0 2 -2 -5 -13 -19 -21 -32 -31 -16 -14 -8 -2 7 10 -2 -7 -27 -30 -20 -9 -13 -18 -23 -28 -28 -20 -18 -17 -21 -21 -31 -22 -27 -23 -21 -8 -6 1 7 6 -8 -8 2 -2 -4 -2 7 11 20 21 17 11 21 26 36 45 49 48 49 53 52 49 41 29 34 39 42 56 58 71 68 72 70 76 68 63 60 56 60 63 68
14 13 10 11 12 11 12 9 11 9 9 -11 -17 -21 -12 -8 -4 -12 -1 -4 -17 -36 -26 -28 -20 -6 -1 10 4 -12 -8 -16 -21 -13 -15 -20 -24 -24 -30 -32 -25 -15 -10 -6 -20 -17 -17 -10 -6 -9 -10 -5 3 9 -4 -17 -3 5 13 14 4 0 9 18 29 35 37 42 32 43 43 41 41 43 45 41 34 30 37 30 31 38 45 51 56 61 58 64 72 73 72 74 72 75 80 70
14 14 14 14 12 12 10 0 5 1 7 -5 -15 -17 -17 -13 -19 -26 -19 -4 -14 -23 -34 -26 -21 -13 -2 10 4 -14 -15 -22 -11 -11 -28 -22 -21 -10 -18 -29 -26 -23 -24 -20 -11 -1 5 8 7 7 11 5 9 14 6 -9 -12 8 14 13 16 19 21 25 12 29 31 34 30 35 38 40 44 47 44 37 32 32 36 49 52 51 45 44 55 57 68 73 67 62 55 60 62 77 75 79
14 14 13 12 12 12 11 1 5 -2 -2 2 -9 -19 -21 -22 -20 -25 -21 -13 -22 -33 -31 -22 -13 -5 -2 11 10 -2 -13 -11 -10 -28 -26 -23 -20 -13 -6 -18 -28 -29 -34 -33 -32 -22 -32 -9 3 11 25 28 29 29 30 10 21 16 22 12 7 11 28 23 15 19 21 28 27 27 30 50 49 48 40 40 40 41 45 49 61 62 56 58 66 69 69 57 57 57 50 50 44 52 58 70
15 15 13 13 12 12 11 1 5 -4 -11 0 -4 -13 -8 -6 -10 -13 -17 -19 -19 -30 -29 -16 -9 -3 2 12 11 4 -5 -2 -8 -18 -28 -25 -19 -16 -14 -6 -1 -7 -18 -24 -31 -32 -31 -17 -2 0 -2 9 18 29 30 31 31 30 35 34 41 26 28 34 41 41 44 35 32 37 46 51 51 48 45 42 49 52 53 60 61 59 60 58 56 42 58 64 60 48 54 60 64 56 58 62
13 12 12 10 11 8 10 6 7 0 -10 -10 -8 -5 -15 -20 -17 -11 -17 -24 -19 -34 -23 -23 -14 -7 4 12 16 8 0 -7 -16 -14 -29 -28 -20 -20 -18 -11 -10 0 4 -10 -24 -31 -23 -14 -17 -9 1 10 18 14 23 31 28 30 34 34 43 44 40 34 46 50 51 48 49 51 53 55 48 52 54 55 59 62 59 63 51 55 59 55 45 37 46 55 59 61 56 61 57 64 67 70
13 10 10 10 8 5 7 5 3 7 0 -8 -15 -10 -13 -23 -28 -28 -22 -15 -16 -34 -27 -20 -14 -5 7 15 13 1 -10 -17 -23 -18 -21 -28 -25 -32 -17 -12 -3 -3 -4 5 -1 -18 -21 -24 -17 2 2 1 -5 -3 15 18 23 24 16 11 18 35 47 42 40 44 49 54 52 54 55 55 48 56 60 56 52 55 56 49 39 43 44 47 46 37 39 45 50 62 61 64 68 67 66 72
10 11 7 8 6 3 8 4 2 4 3 -4 -11 -13 -17 -22 -32 -22 -19 -8 -18 -21 -20 -19 -8 3 10 18 12 6 -8 -17 -19 -15 -30 -35 -38 -41 -22 -26 -41 -15 -10 4 2 10 0 -15 -25 -25 -15 -11 -3 9 23 28 27 29 25 11 14 27 36 49 45 51 53 55 57 58 56 58 56 53 47 45 54 55 46 32 32 30 29 28 39 34 36 37 50 60 66 64 67 70 72 70
9 8 4 1 0 0 2 2 -1 0 0 0 -1 -7 -9 -15 -22 -31 -22 -11 -6 -3 4 -2 2 8 18 18 7 -7 -3 -6 -8 -17 -22 -33 -42 -32 -24 -41 -32 -8 -5 -15 -16 7 17 8 -5 -18 -9 -2 1 5 18 27 31 34 34 35 32 41 42 42 45 51 52 56 53 56 58 57 57 55 47 45 49 42 42 32 31 32 35 38 43 45 40 44 48 56 61 68 69 67 70 73
9 3 -3 -6 -6 1 4 4 -2 -1 -2 -6 -13 -13 -11 -18 -21 -29 -26 -26 -20 -15 -2 6 13 13 18 18 2 -9 -11 -6 -11 -16 -23 -20 -18 -38 -34 -23 -10 -8 -13 -40 -37 -19 2 20 14 -2 -4 5 10 11 18 29 34 38 36 37 39 42 48 51 53 54 47 33 44 52 55 51 48 43 45 38 43 33 34 32 31 37 39 41 48 46 51 53 55 57 66 72 63 64 67 72
5 -3 -9 -9 -3 3 6 5 4 -2 2 -6 -15 -19 -18 -25 -15 -13 -25 -16 -13 -15 -7 0 11 15 19 19 2 -4 -10 -7 -2 -15 -14 -14 -13 -25 -35 -29 -22 -26 -31 -42 -35 -23 -13 -7 21 21 16 17 24 36 34 39 41 42 42 43 43 46 47 51 49 48 41 41 48 52 55 49 42 34 37 42 47 39 31 28 26 29 31 39 41 39 38 42 52 60 69 74 71 66 69 70
5 6 5 3 6 11 5 9 1 3 6 2 -6 -22 -28 -22 -15 -7 -13 -3 -3 -6 -6 -2 9 18 19 14 7 0 0 -5 -3 3 -5 -8 -23 -26 -16 -31 -31 -38 -31 -22 -21 1 8 9 14 16 19 24 25 25 35 34 41 42 36 38 43 46 37 30 34 41 44 49 50 53 42 32 30 40 42 47 45 50 42 32 25 30 32 34 41 42 45 44 50 60 69 75 74 65 69 69
11 11 8 10 10 8 9 9 3 7 8 5 -2 -12 -28 -29 -18 -7 -3 -2 1 5 4 4 9 14 20 19 12 6 7 9 6 1 -4 -18 -27 -26 -29 -11 -10 -29 -27 -17 -15 -16 -7 -2 9 3 4 4 9 14 22 21 29 32 30 31 39 43 42 31 22 32 43 44 46 50 46 26 32 37 38 40 44 49 50 37 32 28 34 39 40 45 52 58 49 64 70 74 77 69 69 66
12 10 8 9 11 8 10 13 13 12 11 8 1 -6 -14 -20 -20 -20 -12 -8 -4 1 5 12 12 18 20 20 15 14 6 7 4 3 1 -4 -8 -14 -16 -7 -6 -15 -25 -29 -31 -30 -20 -3 -3 -3 -2 0 6 10 13 14 21 26 29 28 37 40 40 37 23 24 36 43 46 44 44 36 26 26 33 37 38 49 55 45 37 35 40 43 43 52 56 54 51 62 62 70 77 80 77 68
11 11 12 6 10 15 11 7 5 5 11 11 5 1 -5 -6 -12 -21 -17 -9 -9 -8 -1 3 11 14 20 20 18 13 9 5 7 11 7 10 7 0 2 -21 -15 -20 -24 -30 -33 -34 -36 -7 -7 -9 -1 6 7 10 17 24 25 28 27 26 30 31 25 32 26 20 37 42 37 34 38 35 33 22 29 33 35 38 38 51 52 48 39 45 41 43 41 41 54 60 68 73 77 80 74 73
11 14 14 16 13 12 8 7 -3 -4 7 6 8 7 4 1 -4 -18 -19 -17 -15 -10 -4 2 6 13 20 20 20 14 12 8 11 6 -5 -6 -7 -8 -11 -20 -28 -26 -15 -30 -22 -34 -28 -29 -26 -15 -1 4 12 17 20 19 19 21 22 25 21 15 16 21 25 21 32 26 18 17 22 26 27 18 19 31 32 31 35 44 52 60 57 47 41 37 37 43 55 58 66 73 77 81 78 78
10 14 15 13 12 9 8 4 -1 -1 3 4 7 6 7 3 -3 -14 -12 -13 -10 -6 0 4 8 11 17 20 21 15 7 1 12 4 -8 -17 -11 -14 -17 -15 -21 -23 -13 -12 -20 -32 -34 -37 -34 -12 -3 4 11 18 13 8 10 9 9 9 13 3 8 17 24 22 16 4 9 11 21 26 18 20 22 29 34 34 36 31 36 38 54 62 55 42 43 43 52 56 67 73 78 84 82 79
8 13 14 12 11 9 7 2 -3 -5 -3 -3 0 3 3 0 -6 -13 -13 -7 -2 1 6 5 7 15 20 20 20 15 7 1 12 4 -4 -15 -14 -6 -4 -7 -9 -14 -10 -8 -20 -27 -30 -33 -17 -21 -14 0 5 6 -3 4 -3 -10 -9 -7 0 -2 1 12 21 19 4 -6 0 9 21 21 23 25 33 37 33 32 31 26 29 31 39 58 64 57 53 54 67 68 69 75 79 81 84 85
14 7 9 12 10 7 4 3 -1 -10 -9 -8 -6 -4 0 -2 -11 -15 -14 -11 -4 2 5 11 10 14 16 20 20 18 13 6 12 1 -8 -4 -3 1 11 13 11 14 13 -8 -23 -13 -23 -32 -27 -12 -5 -17 -22 4 -14 -5 -8 -20 -26 -20 -4 5 10 18 22 19 7 -10 -9 2 25 29 31 37 39 41 40 39 38 29 26 32 41 49 66 68 66 74 74 75 76 76 76 80 84 86
14 14 7 8 6 6 2 0 -6 -14 -18 -16 -13 -10 -6 -7 -10 -13 -14 -8 -2 3 6 10 14 16 21 21 21 21 16 14 14 2 1 -2 -3 11 18 8 0 -8 8 9 -6 -17 -30 -37 -37 -20 -21 -41 -20 -2 -22 -23 -21 -26 -30 -19 -9 3 12 20 23 25 14 1 -10 5 21 28 38 40 43 44 44 47 41 36 33 39 57 63 64 65 71 72 65 69 71 73 76 80 83 85
12 15 14 11 9 6 -2 -7 -10 -18 -22 -18 -13 -7 -3 -2 0 -4 -7 -1 5 8 7 11 15 18 21 21 21 21 20 17 14 11 7 9 14 18 12 -4 -11 -10 -18 0 8 -20 -27 -43 -42 -32 -39 -31 -22 -6 -23 -39 -42 -35 -23 -16 -11 0 9 20 23 25 23 11 2 4 16 21 28 40 44 45 48 46 54 47 51 54 63 57 52 63 69 69 64 68 70 74 76 81 85 85
17 13 11 9 6 6 -1 -9 -15 -19 -13 -15 -11 -7 -1 1 2 0 -3 -5 0 9 13 14 17 21 21 21 21 21 21 20 21 14 19 25 24 8 2 -12 -23 -23 -11 -12 -1 6 -7 -23 -41 -43 -47 -40 -25 -17 -26 -46 -44 -35 -24 -16 -6 -2 7 17 24 26 29 25 17 5 15 14 31 44 44 41 48 49 56 57 55 59 51 47 49 54 57 67 67 71 76 78 79 81 85 83
18 15 13 13 8 3 -1 -9 -16 -16 -12 -9 -4 -2 1 2 3 4 3 -3 -3 3 13 15 19 20 21 21 21 22 24 26 25 25 25 14 4 -3 -7 -13 -20 -28 -31 -10 -11 -13 -3 -2 -11 -15 -24 -32 -36 -30 -31 -49 -52 -31 -40 -30 -18 -2 14 19 23 28 29 32 27 24 23 29 33 42 48 50 49 50 44 48 52 54 55 38 44 57 58 65 72 73 74 79 82 82 85 83
17 20 9 8 9 5 -1 -4 -10 -10 -7 -5 0 1 2 4 0 1 6 6 1 3 9 13 18 21 21 21 22 26 26 27 27 27 16 10 4 4 -1 -12 -20 -18 -28 -30 -27 -21 -15 -4 -34 -27 -35 -35 -27 -47 -42 -34 -42 -50 -43 -27 -9 4 18 19 25 29 31 35 37 30 30 26 35 42 47 44 46 38 38 43 55 52 57 41 49 57 60 58 70 74 75 72 83 82 86 89
13 18 17 10 8 7 2 -1 -6 -3 0 3 3 7 4 9 6 8 10 13 9 8 10 10 22 22 22 21 26 26 26 19 26 26 25 23 24 18 4 -6 -11 -8 -14 -16 -26 -30 -17 -24 -42 -49 -51 -23 -23 -22 -28 -17 -25 -24 -29 -29 -19 -2 11 19 24 29 33 35 35 40 37 31 31 41 43 41 39 39 41 45 56 60 65 63 66 69 74 69 73 77 83 82 82 84 87 89
10 17 19 16 8 10 3 0 2 1 6 9 8 11 12 12 10 11 16 16 19 16 15 16 19 23 23 24 25 26 15 14 10 12 22 23 13 23 23 11 10 5 5 -4 -5 -10 -16 -18 -30 -38 -29 -17 -15 -15 -21 -21 -13 -6 -10 -17 -11 0 9 15 24 29 34 30 29 35 38 38 33 38 36 34 40 42 41 51 65 66 70 69 68 68 68 72 77 78 78 79 78 84 87 90
12 14 15 20 13 11 4 6 6 4 10 14 10 10 15 16 12 15 17 19 20 21 17 20 20 23 24 25 25 26 22 17 15 5 2 2 6 1 -2 4 9 -3 -25 -17 -17 -9 -9 -2 -11 -30 -29 -20 -5 -6 -8 -16 -15 -5 1 3 6 7 9 20 27 36 37 39 33 35 34 38 40 42 48 43 41 53 43 53 65 62 71 75 75 74 75 77 74 71 71 78 80 81 80 83
12 9 14 21 15 16 11 15 8 7 15 16 7 14 19 19 11 16 21 22 20 21 22 20 22 23 22 25 25 25 24 20 14 8 -1 -10 -2 -2 -8 -6 9 2 -19 -18 -23 -27 -26 -21 -16 -34 -19 -16 -10 -1 4 2 8 0 3 8 11 15 33 33 34 36 34 37 39 37 42 49 50 52 50 59 54 61 58 58 65 58 69 75 69 76 73 69 67 70 71 76 83 84 86 90
8 11 15 11 22 19 18 12 8 14 18 12 15 18 21 19 14 18 21 23 23 22 23 23 24 23 24 23 25 26 24 20 18 15 6 -4 -7 -5 -9 -15 -2 -1 -3 -6 -19 -26 -29 -39 -39 -41 -40 -29 -19 -8 0 7 11 13 13 15 26 25 23 25 28 30 34 37 39 42 40 33 31 34 40 39 47 53 46 60 66 71 65 63 64 63 64 61 62 73 79 83 84 88 90 85
7 12 9 7 7 16 19 14 12 19 15 12 20 21 21 19 15 16 22 23 24 24 24 23 25 24 25 21 20 22 26 22 19 16 14 14 6 -7 -11 -15 -15 -15 -14 2 -4 -13 -20 -29 -35 -30 -32 -24 -13 -4 4 0 4 4 19 20 26 9 5 16 24 29 32 34 37 41 32 32 33 23 29 28 44 50 53 58 60 57 53 47 53 50 56 50 63 70 86 78 80 86 85 81
11 11 5 5 5 14 18 24 22 23 14 16 23 18 15 18 18 19 19 23 23 24 25 24 26 26 26 24 21 17 21 27 22 20 16 15 10 3 -4 -9 -13 -24 -33 -14 -8 -7 -15 -14 -32 -34 -26 -14 -26 -27 -17 -10 -3 1 7 6 1 -6 -2 8 17 20 33 36 38 40 35 37 39 42 43 45 47 52 57 55 55 52 47 46 44 51 63 72 74 77 82 71 80 81 77 76
2 0 2 0 4 9 9 16 25 25 24 23 24 20 18 17 17 21 24 23 25 25 26 26 26 26 26 26 24 21 20 28 28 16 13 5 10 2 1 0 -15 -16 -28 -20 -22 -6 -15 -25 -40 -41 -34 -35 -40 -38 -24 -8 -4 3 3 2 -7 -17 -11 1 5 15 28 31 25 30 29 29 37 42 43 41 42 49 52 55 51 44 42 44 43 52 61 71 75 72 65 67 68 71 72 77
-1 -2 -1 -2 -1 2 7 16 21 23 26 27 23 22 19 18 17 23 25 26 24 25 26 26 26 26 26 27 27 24 22 27 23 19 13 5 -3 -14 -12 -20 -20 -11 -20 -35 -27 -17 -9 -25 -41 -45 -35 -22 -24 -15 -11 -8 -1 0 -11 -4 -10 -16 -9 1 11 19 26 22 14 15 20 24 33 40 41 43 48 51 54 55 61 57 56 57 63 64 67 61 72 62 60 66 68 71 73 79
3 6 2 6 1 2 11 14 14 22 25 27 28 23 21 20 21 22 26 27 21 21 26 26 26 26 27 27 27 25 28 28 21 19 15 9 -2 -10 -18 -23 -29 -7 -11 -17 -23 -27 -28 -15 -23 -40 -31 -16 -16 -7 -5 -18 -20 -13 -23 -34 -23 -18 -11 0 11 18 18 11 6 17 26 32 36 38 42 47 48 44 47 49 54 59 56 57 54 51 57 64 57 53 55 67 73 76 78 83
1 -1 12 13 9 0 2 9 10 18 24 27 27 28 23 25 25 26 27 28 27 19 21 26 26 26 27 27 27 28 28 22 22 20 18 16 5 -3 -8 -12 -9 1 -2 -8 -18 -23 -25 -15 -12 -29 -39 -29 -23 -15 -6 -2 1 -11 -22 -17 -11 -13 -7 -1 3 11 6 -1 11 22 27 32 38 43 43 42 37 37 41 49 50 49 48 50 54 55 59 57 44 51 63 73 74 82 81 81
8 3 6 11 13 7 4 9 12 21 22 17 22 25 26 28 29 29 31 30 27 26 21 26 27 27 27 27 27 28 28 28 29 19 19 17 13 6 -2 2 7 3 -11 -15 -18 -12 -3 -8 -17 -21 -29 -38 -30 -31 -26 -16 -4 5 -1 -7 2 7 6 3 11 4 6 12 14 22 26 32 39 42 37 34 36 42 40 39 45 45 47 50 49 55 54 48 45 62 69 78 78 82 85 86
8 9 10 17 18 8 4 12 17 18 23 17 15 18 22 21 24 25 31 31 27 28 27 27 27 29 28 27 28 28 28 28 29 29 29 30 22 16 15 9 -6 -8 -12 -20 2 1 -11 -17 -9 -14 -32 -16 -14 -17 -29 -21 -9 1 9 11 10 14 16 17 11 18 17 20 26 27 28 27 30 29 31 33 36 39 35 39 42 41 43 46 50 53 51 41 42 52 64 75 74 85 85 88
11 19 9 16 21 11 5 13 20 20 26 23 19 19 23 25 27 24 26 32 31 29 30 29 25 28 28 24 24 28 28 24 20 29 29 30 30 30 27 6 2 -6 -15 -20 4 -7 -14 -6 -8 11 -3 -8 -8 -12 -27 -19 -11 -5 3 5 9 9 11 14 18 16 24 30 31 32 31 29 30 31 29 31 34 37 34 35 45 53 55 43 47 50 50 43 47 52 60 72 82 84 88 90
17 21 21 22 24 15 18 17 24 24 29 29 25 26 25 28 29 30 30 33 33 33 32 28 23 22 27 26 23 20 23 21 15 18 21 19 23 19 30 30 12 0 -5 -1 9 5 -7 8 14 12 12 7 -4 -20 -30 -19 -14 -6 2 -11 -2 5 10 12 15 17 18 21 23 24 26 29 32 34 35 35 35 34 36 35 38 51 60 55 57 52 51 54 55 58 71 76 79 87 83 90
18 19 20 21 26 20 19 25 29 30 34 32 30 28 31 32 32 33 33 33 33 29 28 27 24 22 23 26 24 21 18 16 11 7 11 13 14 16 18 29 30 13 7 13 19 17 16 18 1 -13 -14 -5 -2 -32 -24 -12 -14 -23 -20 -12 -3 2 10 13 15 16 18 22 22 26 29 28 31 29 26 31 31 35 41 44 49 57 60 64 67 63 62 66 64 69 72 73 79 85 83 89
26 29 28 20 31 32 35 35 35 35 31 34 34 34 34 34 34 33 33 29 29 29 28 27 25 24 21 22 24 21 18 16 15 16 13 13 15 15 17 20 30 30 26 26 18 19 6 19 -5 -14 -23 -18 -8 -29 -21 -26 -42 -38 -30 -20 -13 -4 0 7 9 11 13 16 21 23 27 28 28 25 28 31 33 36 41 36 37 47 53 57 58 58 62 67 70 76 74 77 74 80 82 89
28 29 35 35 35 35 35 27 25 26 24 32 34 34 34 34 31 31 31 29 29 28 27 27 27 24 20 18 24 23 17 15 19 13 10 12 5 5 14 15 17 27 25 15 2 -10 1 -3 9 5 -14 -20 -16 -32 -29 -39 -41 -30 -25 -22 -12 -7 -3 3 5 10 12 14 18 20 22 25 27 27 31 31 36 37 37 34 29 35 44 53 44 47 53 64 75 68 66 70 75 79 79 91
32 35 35 31 33 24 23 20 20 20 18 25 30 31 34 34 33 31 31 30 29 28 27 27 27 26 22 16 20 21 21 21 20 18 16 9 4 3 2 4 10 16 25 24 5 -5 -20 -15 -9 -6 4 -10 -12 -31 -33 -23 -18 -14 -7 -8 -3 -2 2 5 6 10 11 11 17 20 22 25 26 29 30 31 32 34 34 33 29 32 40 41 47 61 69 66 69 65 67 70 74 77 80 90
33 28 27 29 26 23 19 15 17 14 13 21 26 29 31 34 34 33 33 33 33 32 32 26 27 30 24 19 18 22 18 17 17 10 8 9 9 5 0 -3 -2 5 8 16 21 3 -13 -27 -18 -15 -4 -12 -18 -35 -38 -25 -24 -14 -14 -4 -2 0 2 3 4 4 8 13 15 18 22 23 25 25 30 32 33 42 44 45 45 44 51 56 59 64 60 50 57 61 66 70 74 74 83 92
33 31 25 22 20 21 19 15 11 13 15 20 25 29 31 31 31 33 32 32 32 24 31 32 23 21 15 22 23 17 11 12 16 15 10 10 7 9 5 0 1 2 6 1 4 17 -5 -19 -35 -19 -8 -3 -38 -41 -29 -11 -11 -8 -6 -7 -6 -5 -5 -4 -3 -2 4 15 19 20 22 27 30 28 34 40 44 45 46 51 49 56 46 35 45 49 57 53 51 62 69 75 80 80 84 93
26 31 29 25 23 12 12 12 10 10 10 17 20 25 29 30 32 32 32 32 27 28 31 25 27 22 14 15 16 11 8 6 15 16 10 3 1 0 0 2 2 1 3 -2 -2 5 15 -22 -34 -24 -32 -26 -39 -29 -23 -30 -14 -18 -18 -18 -15 -9 -5 -14 -10 -1 12 21 22 22 26 32 35 41 38 38 37 31 30 36 39 37 48 44 52 56 62 64 66 72 74 75 83 88 89 92
