test/HelianthusTinyTest/asciifiles/nabio_17.asc
ncols  170
nrows  166
xllcorner  -106.083333333333
yllcorner  39.5916666666667
cellsize 0.00833333333332943
NODATA_value  -9999
[rows 98 to 146 of 166, columns 0 to 95 of 170]
134 136 118 116 123 135 133 123 123 109 93 85 87 83 98 91 91 88 85 82 85 110 104 85 85 84 84 84 84 84 85 105 105 111 116 120 135 144 150 154 152 140 142 150 160 164 167 157 155 170 178 170 164 157 148 144 140 152 163 158 152 155 148 141 138 128 134 141 128 109 97 86 74 66 66 69 77 76 69 58 57 58 58 57 52 51 48 50 63 55 47 44 44 44 44 44
124 131 127 120 117 126 130 123 119 101 98 110 98 91 88 82 82 81 79 81 85 87 105 85 85 84 85 85 85 85 85 85 85 115 115 118 124 134 143 138 133 138 153 157 160 155 145 150 159 163 170 178 170 170 166 157 145 136 142 148 140 134 134 138 129 137 133 128 124 109 100 87 74 69 77 83 79 69 72 73 64 62 61 57 58 52 52 58 62 47 44 44 44 44 44 44
123 122 121 109 106 124 130 119 111 108 98 110 114 110 98 101 93 91 78 79 85 82 85 85 85 82 82 85 85 85 85 85 85 85 86 87 108 120 123 131 147 150 155 162 139 141 152 159 151 156 172 159 156 159 170 162 151 140 131 129 130 125 123 121 129 121 121 116 103 100 97 97 92 94 90 86 79 73 79 73 69 70 65 62 58 54 55 68 68 55 47 44 44 45 45 44
119 104 123 111 100 121 130 117 104 104 90 98 106 107 95 93 85 93 90 78 79 82 81 82 91 85 85 98 98 85 87 102 112 88 87 87 87 87 98 135 138 148 157 163 137 148 156 148 150 130 145 151 149 155 168 160 153 146 138 136 131 131 129 126 121 123 108 94 91 88 92 94 94 89 92 89 83 78 82 81 64 54 52 66 61 57 57 66 60 55 49 45 45 45 45 44
108 100 100 98 95 114 108 112 95 93 85 85 91 90 91 85 82 82 82 76 77 77 78 85 101 103 89 90 102 111 102 110 122 116 111 116 108 116 89 90 127 142 148 142 131 136 150 133 126 127 129 134 145 163 170 161 155 148 140 153 144 136 130 129 123 122 121 113 109 106 101 95 89 83 80 82 82 82 79 79 75 57 49 52 51 55 57 54 53 51 46 45 45 45 45 46
106 104 101 100 90 104 106 91 84 82 75 79 82 85 81 78 78 77 77 77 78 85 85 88 95 104 102 92 100 107 116 120 128 132 128 124 123 122 117 93 92 126 134 126 118 122 123 120 141 156 156 147 145 172 165 155 155 164 162 153 144 140 130 127 125 123 119 113 113 102 94 97 92 94 100 90 90 82 72 65 59 51 50 48 47 48 48 47 47 46 46 46 45 45 45 46
89 85 86 103 81 78 75 75 75 75 80 75 75 75 75 75 75 77 77 85 85 85 88 88 95 98 109 104 99 109 115 119 122 120 124 124 123 123 121 116 92 92 102 102 119 118 135 118 148 156 164 160 150 170 163 167 181 178 170 161 154 145 141 134 133 129 127 124 114 108 100 98 97 103 97 90 85 80 70 79 76 62 55 51 51 51 48 47 46 46 46 45 45 45 45 46
86 83 75 75 75 75 75 89 93 91 95 79 75 75 75 76 81 81 81 85 85 88 88 90 90 98 112 116 102 104 118 121 116 124 129 127 135 135 124 123 121 101 105 123 139 152 142 146 132 137 156 163 159 172 170 178 180 170 166 163 153 149 144 138 136 130 129 125 120 116 111 104 99 99 90 90 80 79 76 83 91 81 65 54 65 61 54 48 46 46 47 46 46 45 45 47
78 75 75 81 78 95 97 103 103 103 109 93 83 80 76 78 78 81 82 82 85 88 90 90 92 92 106 119 112 109 109 112 113 118 121 130 138 138 139 138 130 123 107 110 136 148 164 159 152 148 137 152 155 171 173 166 160 157 149 149 145 144 140 137 134 132 129 129 121 117 111 105 103 96 93 90 87 83 85 86 93 86 73 71 62 49 47 47 47 48 47 46 46 46 45 47
77 86 89 84 90 97 107 113 112 116 118 102 92 85 81 78 78 78 78 78 78 79 80 94 90 85 99 113 116 108 117 118 120 128 131 130 130 135 141 145 143 135 134 124 116 138 156 169 161 158 146 156 160 175 177 167 166 157 156 145 144 141 140 138 138 138 133 129 125 121 111 110 106 103 93 87 86 70 68 65 65 65 57 54 51 49 50 59 52 49 47 46 46 46 46 47
78 81 92 99 103 101 104 114 120 117 114 107 93 85 82 82 81 79 79 81 81 100 82 81 102 109 120 106 106 118 127 127 120 122 129 130 134 132 135 142 141 139 135 142 138 123 148 163 175 162 151 146 177 181 170 154 155 151 149 149 149 148 148 145 144 143 138 127 119 117 113 100 94 97 85 73 68 65 65 59 60 54 65 81 65 60 53 57 57 49 47 46 46 46 47 47
89 81 84 92 98 117 118 118 122 121 121 113 106 94 85 84 81 81 81 81 92 89 84 98 92 106 121 121 120 128 131 133 124 121 129 138 139 141 141 139 139 141 138 145 145 137 124 166 175 166 174 168 179 171 165 171 156 160 160 159 157 151 148 156 152 142 129 115 114 114 103 90 85 72 78 76 79 90 91 79 74 79 62 67 57 54 49 49 48 46 46 46 47 47 47 48
99 97 96 101 103 104 114 127 129 122 118 116 114 106 89 84 84 84 81 81 98 90 99 106 97 109 116 118 121 125 128 133 125 125 129 135 139 141 141 138 138 139 141 153 159 147 133 142 162 162 164 180 185 179 171 167 167 167 170 163 162 161 160 162 144 138 126 123 109 98 99 100 93 92 90 87 90 88 90 76 73 68 57 54 49 49 49 49 49 47 46 46 46 46 48 48
118 113 113 117 120 119 110 107 104 101 106 110 110 98 90 84 85 83 92 99 104 93 101 101 110 111 118 120 124 125 129 129 125 124 125 129 133 138 139 143 141 139 139 143 149 159 150 136 134 146 152 156 169 182 180 178 167 155 153 158 154 153 157 147 137 134 129 123 119 111 107 103 96 93 85 88 71 76 65 62 68 60 54 51 49 48 47 47 48 47 47 47 46 47 48 48
110 118 121 125 129 127 118 104 98 98 92 98 94 87 87 85 86 83 92 109 111 101 114 110 98 119 115 115 118 123 125 125 121 120 121 125 131 138 141 146 141 141 139 143 150 164 159 153 145 145 168 171 164 171 160 177 173 165 151 146 145 145 141 140 134 129 123 115 115 113 108 85 73 71 65 65 62 62 60 52 54 52 51 51 49 47 47 47 47 46 46 46 46 47 48 48
113 113 116 120 126 126 124 112 100 94 91 91 90 89 90 89 88 87 88 106 108 114 118 119 114 101 110 107 118 122 125 115 124 122 121 127 133 140 145 146 145 143 145 149 145 153 162 166 155 149 157 182 182 174 164 152 148 145 141 140 140 140 140 140 135 126 121 113 116 115 107 107 87 73 79 85 84 68 65 82 68 64 57 57 54 53 51 49 47 47 47 47 47 47 48 48
95 98 109 108 121 126 129 125 110 100 97 94 96 93 90 95 92 89 98 104 111 119 121 119 110 103 99 111 115 121 124 117 114 115 121 127 132 140 143 149 143 142 145 154 159 150 163 167 159 162 166 182 180 174 174 170 165 162 155 147 143 137 133 136 136 130 122 112 113 110 110 102 101 96 89 88 85 82 82 72 68 62 57 52 51 49 49 49 47 47 48 46 47 48 48 48
100 109 114 112 107 114 132 132 121 111 106 99 98 93 104 109 100 99 101 101 108 115 115 113 115 119 110 103 114 110 117 115 108 119 116 125 125 131 135 135 142 145 141 149 163 167 166 176 167 167 159 164 177 180 180 176 174 169 152 141 141 137 131 130 130 127 122 108 104 106 101 93 90 81 79 73 68 68 65 60 57 58 57 51 51 50 49 48 47 47 48 48 48 48 48 48
104 113 114 117 114 109 119 130 126 122 110 110 99 99 111 117 108 103 103 104 103 110 113 110 111 102 114 104 93 108 114 106 112 114 111 119 127 131 137 136 139 139 138 146 163 159 175 170 167 166 158 149 144 160 171 171 170 158 151 142 140 137 132 127 129 118 112 93 90 101 97 88 82 79 71 72 68 65 60 63 56 54 56 49 48 48 48 48 48 48 48 48 48 48 48 48
100 107 114 119 121 115 114 111 133 126 117 114 107 104 106 121 114 110 108 106 108 110 103 101 101 100 97 95 95 95 96 99 99 104 110 113 119 125 128 130 132 136 137 141 155 146 165 178 178 167 167 158 155 142 138 160 160 155 142 140 135 133 133 130 128 114 98 87 81 84 85 87 79 76 73 70 65 68 68 64 61 71 61 53 50 53 50 49 49 49 49 48 49 49 48 48
87 98 108 114 122 126 115 114 132 133 126 119 116 108 111 114 111 108 107 106 103 106 107 103 101 102 101 96 101 96 98 99 99 99 101 104 112 122 125 129 130 131 131 142 139 142 170 178 173 170 167 162 164 157 137 140 156 148 138 137 133 138 133 125 118 104 95 90 84 84 77 82 75 73 75 76 71 65 62 68 72 71 71 64 58 54 52 53 50 52 52 52 49 52 49 48
92 94 101 106 119 126 122 119 121 136 132 126 121 122 121 115 107 108 108 107 106 106 106 104 101 99 102 101 99 104 99 99 102 106 101 102 108 114 119 126 130 132 131 137 142 153 164 170 170 162 153 162 161 157 152 144 130 147 141 141 137 133 131 126 126 107 96 93 85 83 87 90 82 79 75 75 72 79 79 75 69 67 71 79 82 68 64 63 59 59 59 57 56 56 55 47
98 100 106 111 115 121 125 122 123 126 139 136 130 125 115 116 122 115 126 111 114 111 107 106 104 106 103 102 106 106 101 101 102 110 110 103 105 108 114 122 126 136 139 150 154 163 167 170 160 155 146 145 145 142 146 149 138 129 135 139 137 133 125 118 107 101 98 96 93 87 84 80 71 74 76 88 85 78 75 72 71 63 63 68 75 72 66 59 57 57 53 56 56 52 51 49
106 99 100 111 119 122 129 127 126 129 131 139 139 128 126 122 122 120 132 133 122 112 109 109 107 107 106 102 106 107 104 103 103 111 113 111 107 108 117 126 130 132 135 142 145 155 164 170 159 170 159 158 142 138 133 140 137 128 129 137 133 128 122 115 101 93 95 87 79 79 75 82 89 85 93 99 85 75 70 67 64 63 60 61 64 59 57 55 53 53 52 51 51 55 57 50
115 111 107 106 107 114 122 128 128 129 132 137 145 142 135 132 128 123 133 139 130 118 115 114 111 107 104 106 109 108 107 106 106 111 115 115 107 110 117 124 128 131 132 140 152 162 174 176 169 160 157 155 149 142 134 129 129 123 122 115 123 122 123 122 92 90 90 96 91 93 91 96 92 86 88 86 82 75 72 71 67 64 60 61 56 54 53 55 52 52 49 49 49 56 63 50
118 115 115 113 107 112 117 127 130 133 135 139 139 142 141 140 134 129 127 127 124 126 112 111 110 107 111 111 110 110 107 106 106 111 115 118 119 110 116 121 126 128 135 138 146 164 174 163 165 153 145 145 143 145 148 144 140 128 133 125 119 104 101 106 98 90 101 98 96 93 90 93 93 93 88 84 85 82 74 71 64 64 61 60 58 53 53 52 52 50 51 49 49 51 55 51
109 114 120 119 118 118 119 123 127 130 126 130 130 131 128 123 122 120 115 116 118 116 112 116 112 112 112 112 111 111 110 107 108 110 110 121 122 122 121 123 126 128 132 135 146 161 163 170 162 170 167 155 157 151 148 148 142 140 137 129 123 122 123 127 122 118 110 97 93 93 90 83 82 86 82 80 75 72 75 75 72 65 61 56 55 55 55 51 49 50 49 49 49 49 49 49
112 118 125 126 125 122 122 125 126 123 126 128 129 133 136 128 127 126 129 128 126 120 123 123 118 116 114 112 113 116 111 112 115 117 113 111 119 124 126 126 132 128 135 139 141 152 162 167 170 159 155 149 145 138 136 134 130 129 126 126 127 129 129 130 126 120 113 104 96 93 92 92 86 81 78 75 80 81 73 70 72 78 76 73 64 61 55 56 56 53 51 49 49 48 48 47
115 120 118 116 118 122 123 126 122 127 129 128 131 143 144 135 140 140 147 137 123 129 133 122 116 114 114 118 122 121 116 118 122 118 119 114 114 126 128 128 134 142 140 138 146 153 162 171 167 154 152 151 151 151 148 140 138 130 127 123 129 127 131 126 122 120 113 101 96 90 93 96 89 83 75 83 84 85 84 79 75 84 88 87 78 70 64 61 59 55 56 55 53 50 52 53
115 118 116 112 115 116 122 120 118 122 117 122 128 137 146 150 149 150 140 140 139 129 127 123 118 118 122 125 123 119 116 123 125 123 122 119 116 125 128 131 134 136 144 147 142 156 166 170 158 151 144 145 141 142 147 144 136 129 112 112 112 118 122 117 108 105 107 100 94 94 82 92 86 84 84 89 78 92 92 92 95 83 95 92 81 73 66 64 62 70 70 61 54 54 62 56
110 103 100 100 104 115 112 119 118 123 125 127 127 123 139 149 158 160 151 137 132 126 121 118 116 121 125 126 123 123 120 127 127 123 123 126 123 125 128 132 136 138 140 152 152 160 166 168 160 155 135 135 124 126 124 124 121 118 113 118 118 106 117 125 123 116 107 106 104 94 96 97 112 94 92 86 86 97 101 112 107 103 92 95 91 84 67 64 61 65 69 64 59 62 59 54
102 107 112 116 126 127 120 128 139 132 139 148 146 140 128 149 148 156 140 135 134 127 122 121 122 125 127 128 129 128 125 127 123 125 125 129 125 122 125 128 132 136 141 143 153 163 171 166 147 145 135 130 139 147 138 133 126 134 129 125 125 123 122 129 123 124 118 114 107 108 103 99 104 98 95 92 92 101 117 134 124 106 92 87 84 81 73 62 63 59 67 76 79 67 64 54
107 112 118 123 127 131 129 123 135 140 137 142 151 154 146 140 142 153 138 133 131 126 123 119 125 129 129 135 139 132 127 128 124 132 128 133 129 128 125 126 128 136 143 149 156 164 171 158 152 137 142 147 155 144 136 131 129 136 133 137 133 126 124 132 132 130 126 122 117 106 106 106 100 95 97 98 95 112 138 135 121 107 106 98 85 81 70 74 70 63 56 62 67 53 51 59
101 111 116 120 128 140 143 136 129 139 145 150 156 158 160 150 140 154 150 143 136 129 119 128 132 140 140 145 142 137 133 129 124 133 132 135 135 136 128 125 126 129 132 131 152 171 163 162 150 146 165 161 159 147 138 130 133 138 146 147 142 134 132 136 143 139 128 126 116 108 114 110 106 101 103 101 101 109 126 129 121 109 98 92 90 82 81 101 81 84 73 55 54 56 51 48
97 107 116 126 129 137 134 136 140 149 149 159 159 162 160 152 170 169 162 151 138 120 127 134 137 154 160 159 145 143 136 123 136 142 139 145 147 143 128 130 128 142 149 142 138 158 166 162 160 166 164 155 144 136 134 138 137 144 140 144 141 137 137 147 144 136 132 130 123 120 117 120 111 104 101 103 103 124 118 109 106 101 95 90 86 85 95 87 81 78 70 65 59 59 59 54
95 102 111 119 122 130 135 129 139 136 130 139 152 164 165 167 173 163 146 137 129 119 135 154 144 154 163 160 163 153 139 124 143 160 153 147 154 159 145 131 126 142 163 162 144 146 171 173 174 166 152 145 145 149 149 145 144 144 142 139 137 132 144 144 139 140 133 128 131 134 131 122 106 100 95 95 101 121 124 106 98 97 86 84 91 80 76 62 62 65 59 62 57 52 59 56
95 96 97 116 124 127 127 122 123 134 144 146 151 163 173 165 157 150 154 149 136 126 144 162 163 156 167 168 160 150 140 129 150 167 157 156 162 156 147 126 131 149 166 173 163 154 168 179 169 164 156 167 165 159 150 144 141 138 142 137 133 129 141 137 133 132 128 123 126 136 131 115 105 100 92 92 92 105 107 106 95 89 88 77 74 70 65 62 56 56 55 55 54 51 51 51
105 108 97 112 122 114 127 129 135 139 152 160 158 167 173 171 170 162 151 140 123 133 153 167 170 166 170 170 163 164 143 129 157 170 165 172 170 163 148 127 134 146 159 170 174 166 177 180 173 170 169 170 170 164 159 149 143 140 133 130 129 124 136 126 130 126 118 114 114 117 114 112 106 103 95 88 85 95 101 98 101 85 73 68 66 64 63 59 62 63 60 56 59 56 52 51
106 111 96 100 104 116 125 138 148 147 151 158 159 162 165 173 165 162 146 133 129 137 144 161 175 177 173 167 160 152 138 133 157 170 172 173 165 155 149 128 152 164 165 174 193 181 184 171 160 166 166 165 158 151 156 150 145 140 136 129 125 117 124 126 124 111 108 108 103 108 112 113 109 103 98 89 84 78 84 95 84 76 77 71 84 70 78 67 78 70 66 64 63 62 56 54
110 108 104 97 111 129 142 139 153 157 152 139 154 160 164 172 167 154 139 129 150 160 155 164 173 178 167 164 156 152 138 135 165 170 173 168 160 154 136 134 149 167 174 180 178 171 171 170 164 159 165 161 147 140 153 155 148 143 137 130 129 129 118 109 105 100 104 100 98 97 103 109 112 112 103 92 89 85 82 82 73 91 98 88 91 105 96 87 90 86 74 63 61 58 55 52
119 113 108 99 97 123 138 142 150 144 135 136 144 156 162 168 160 147 136 146 164 167 161 170 174 168 163 167 156 138 136 140 164 175 173 167 159 150 132 143 162 167 180 184 174 165 158 152 149 152 156 145 134 141 146 147 149 145 138 129 125 126 120 112 105 96 100 89 85 88 99 95 114 109 105 96 93 101 102 85 85 81 85 81 85 103 104 105 91 83 69 62 58 58 56 54
130 132 113 108 97 97 114 113 125 119 127 134 147 156 166 165 158 150 144 156 170 177 171 170 164 161 152 150 152 160 150 148 164 172 170 163 157 143 138 159 167 180 180 174 166 171 166 164 152 141 140 137 134 136 134 138 144 135 129 122 125 122 117 111 105 103 100 94 92 93 81 87 115 105 97 93 95 95 96 109 103 95 84 77 78 80 80 96 100 70 62 61 58 55 58 56
146 136 127 123 110 97 99 107 118 127 142 149 156 161 168 163 158 156 154 164 173 169 172 170 164 162 164 167 170 165 156 156 168 174 174 169 165 156 170 174 180 184 181 174 163 162 157 154 148 143 137 135 131 125 123 129 125 121 117 108 111 120 120 120 109 109 103 97 83 78 71 78 81 100 93 89 82 88 105 117 114 112 108 90 80 70 69 86 71 69 69 65 63 56 55 53
161 154 143 132 116 99 99 99 123 139 146 153 159 163 161 160 163 170 163 174 170 164 160 179 171 170 171 179 170 166 162 167 174 170 170 165 162 169 173 169 178 171 169 184 169 166 162 152 145 138 136 129 137 130 125 130 111 108 100 94 105 114 120 124 117 111 106 100 87 89 88 86 66 72 79 78 78 88 102 95 91 102 108 105 103 83 63 61 63 66 61 60 62 58 55 55
170 168 146 136 120 104 112 99 106 119 130 135 142 146 146 148 125 142 150 160 161 150 167 175 170 160 161 177 175 174 166 174 171 170 160 152 155 167 170 162 171 167 160 163 146 163 152 141 136 140 141 136 126 121 111 126 123 114 106 105 91 108 105 107 120 119 110 96 94 89 86 83 78 68 66 71 71 79 85 82 83 88 88 86 97 88 67 63 58 58 58 57 61 55 54 52
150 161 150 139 127 101 117 118 110 104 106 112 115 130 112 119 127 130 125 125 156 168 171 174 166 157 152 156 167 161 163 162 161 147 134 123 123 146 155 149 165 167 159 141 131 143 133 124 126 130 132 132 130 126 125 105 88 97 99 101 90 83 90 97 114 109 106 100 92 90 85 79 76 74 66 63 66 69 71 71 78 80 82 77 74 70 63 63 60 55 59 58 55 54 53 51
133 149 149 134 129 108 112 137 139 123 125 129 123 140 129 135 158 166 150 132 136 147 168 174 167 160 152 142 139 138 130 133 128 128 124 134 134 131 121 123 136 143 145 131 129 119 122 118 122 122 118 121 119 108 108 100 84 77 86 88 80 94 90 72 117 112 119 122 100 100 89 85 83 71 70 63 63 65 60 60 69 69 74 72 66 66 63 60 58 58 52 55 55 53 53 50
119 140 149 140 126 106 130 154 146 131 133 150 154 151 150 144 166 159 142 133 147 146 160 170 174 166 156 162 162 164 153 134 145 169 162 164 164 164 154 134 123 117 116 103 106 95 105 93 91 88 96 88 77 86 74 81 77 68 66 74 65 62 76 73 101 103 90 101 98 93 93 85 77 71 66 60 60 55 55 55 52 60 62 67 68 60 63 58 58 55 53 53 53 55 53 54
126 140 159 146 131 106 120 150 156 145 135 142 154 161 159 160 163 139 151 168 160 143 162 174 174 168 163 170 166 165 139 145 166 174 169 174 176 178 171 163 142 138 128 137 126 109 93 91 105 88 84 88 121 122 111 106 103 112 122 106 100 79 71 65 73 85 82 72 75 71 66 70 61 60 60 66 63 60 60 58 52 52 55 61 58 58 69 61 59 55 53 52 50 50 50 52
