test/HelianthusTinyTest/asciifiles/nabio_5.asc
ncols  170
nrows  166
xllcorner  -106.083333333333
yllcorner  39.5916666666667
cellsize 0.00833333333332943
NODATA_value  -9999
[rows 42 to 83 of 166, columns 0 to 93 of 170]
237 237 235 234 232 234 233 234 230 226 223 217 209 190 169 168 147 165 174 169 168 181 159 165 180 193 219 217 215 213 214 226 216 221 215 195 192 191 186 187 191 192 190 187 184 180 174 171 165 165 168 176 184 184 200 203 207 214 216 226 229 230 235 233 238 243 246 248 238 231 230 233 227 226 227 225 213 213 223 227 228 237 246 250 251 255 258 258 250 244 245 252 256 254
237 236 236 233 232 229 233 232 231 230 227 222 213 199 174 171 153 152 160 145 169 181 178 171 178 192 208 216 215 217 224 227 218 216 226 199 197 192 185 183 186 188 189 185 178 173 168 171 170 168 161 169 174 179 183 189 193 199 209 213 218 221 229 236 238 237 243 241 237 229 219 212 208 209 214 210 204 206 219 232 235 233 241 251 254 255 255 261 255 245 242 245 255 259
237 236 236 233 231 231 230 230 230 229 227 225 217 206 192 179 164 164 140 152 168 181 187 191 190 198 203 219 220 221 215 210 209 209 221 208 197 192 183 180 174 174 179 178 174 170 167 185 180 181 178 178 180 189 195 202 206 203 204 206 210 222 229 234 239 242 239 236 229 231 225 216 205 196 204 201 198 210 222 228 236 240 242 246 246 252 254 260 264 262 250 248 248 256
236 236 236 235 233 234 231 231 228 228 223 222 216 210 201 186 177 171 153 152 165 175 178 183 184 197 209 216 217 220 221 217 213 217 213 199 196 191 186 182 179 174 172 170 175 180 183 184 188 193 188 189 180 181 193 200 214 215 218 219 222 226 226 234 238 238 232 234 233 228 227 219 210 213 212 223 221 224 233 238 237 243 251 248 248 254 256 259 262 268 251 250 250 255
233 236 235 232 229 232 230 226 225 225 223 220 214 210 201 195 189 175 158 163 172 176 184 185 184 195 203 213 215 213 215 206 204 214 199 200 197 184 176 166 170 170 167 165 170 175 181 187 198 202 207 213 199 202 206 204 209 211 219 222 223 229 230 236 239 231 225 215 224 222 223 227 229 235 226 229 231 232 238 246 250 247 251 255 249 253 256 261 265 270 261 251 252 253
232 235 235 228 221 228 229 224 215 218 222 220 215 209 204 198 187 180 165 154 171 172 179 188 193 202 206 210 209 203 207 205 203 213 198 189 191 188 179 173 169 166 158 155 159 166 171 187 192 188 197 194 213 213 213 213 219 220 220 222 227 229 235 231 235 233 229 221 216 222 228 233 235 237 240 238 239 239 245 253 255 256 259 260 262 260 262 264 265 273 270 258 256 254
231 230 233 233 233 232 230 226 218 211 219 220 224 218 213 207 197 182 170 161 159 172 181 190 195 205 205 204 205 206 205 194 197 203 214 201 200 191 185 180 170 164 164 166 164 171 180 181 177 182 188 194 191 195 205 210 214 214 220 222 222 231 227 232 231 223 222 210 210 217 224 228 231 234 234 238 242 246 249 249 244 251 256 250 254 260 264 268 268 275 275 276 273 266
230 230 229 232 233 232 224 218 213 209 215 221 224 223 221 214 204 198 185 178 165 175 180 195 198 201 204 197 194 193 197 194 195 200 209 214 201 197 187 186 180 177 177 171 165 159 156 158 165 173 172 182 178 185 195 202 207 213 223 215 215 220 227 230 231 210 202 203 212 220 223 224 228 228 234 237 236 240 243 240 245 248 250 242 246 248 254 261 258 266 267 266 276 279
229 230 230 232 231 231 231 221 221 222 225 226 224 222 218 212 209 198 192 185 165 175 184 184 188 201 194 191 190 184 187 199 194 202 204 212 211 210 203 195 187 179 167 159 157 152 147 143 148 151 152 162 172 182 202 204 209 222 213 209 208 215 221 217 227 215 206 198 207 207 217 218 229 222 226 230 230 231 234 239 241 240 238 238 243 249 250 247 253 264 267 269 271 273
227 227 228 231 231 229 229 224 221 220 218 224 212 211 222 215 213 209 203 198 182 176 181 187 196 196 187 181 176 183 190 190 190 194 195 192 198 204 210 200 186 170 162 154 150 152 161 143 140 162 162 180 194 195 193 196 211 199 190 193 200 208 216 211 217 211 201 191 192 196 193 209 221 220 212 215 222 216 221 230 233 236 238 242 242 241 246 249 250 258 261 269 273 274
225 223 226 229 229 229 228 226 218 214 209 211 219 205 209 216 212 211 203 198 186 174 186 193 193 184 178 170 173 183 182 182 183 187 187 182 182 188 188 203 199 190 180 166 158 151 168 154 150 154 174 170 176 178 179 194 205 184 179 189 184 191 204 204 218 210 202 202 194 188 192 194 203 204 197 197 204 206 211 219 230 237 240 238 239 244 247 252 253 257 264 268 268 270
222 218 223 225 228 228 227 226 223 211 201 202 217 213 213 212 207 204 203 192 179 173 186 195 180 181 176 166 177 186 173 173 185 193 192 188 183 183 185 208 206 195 195 184 165 172 174 167 163 154 147 166 165 174 191 187 171 172 164 162 171 176 181 190 204 209 198 188 179 185 200 211 190 193 193 193 202 212 217 226 231 235 231 230 239 243 245 247 248 262 266 265 267 269
217 214 213 219 226 227 226 225 222 221 200 198 197 201 203 202 203 197 190 185 168 171 187 190 172 171 159 167 177 171 168 187 185 185 195 195 194 197 197 204 204 196 193 192 185 183 180 180 166 167 162 172 174 181 159 156 163 172 164 155 159 167 176 187 195 190 191 178 174 185 200 213 202 193 197 193 196 210 217 223 226 232 237 239 242 243 244 251 255 260 263 258 264 269
211 211 211 219 221 226 225 223 224 221 215 211 206 203 195 189 194 197 194 195 181 172 178 190 182 173 160 164 161 170 170 171 173 179 185 188 188 194 198 194 195 202 202 195 199 193 190 193 173 168 165 163 165 156 150 156 171 179 156 163 167 171 180 187 185 181 180 172 181 182 202 218 220 208 214 200 187 191 201 205 218 230 237 238 237 240 248 249 253 257 255 256 258 264
207 207 206 213 219 222 223 223 220 218 219 218 218 218 218 195 217 215 213 212 209 206 204 199 195 187 178 153 161 167 155 171 174 180 189 197 197 197 197 186 184 201 190 176 180 182 174 181 183 166 159 162 159 137 147 166 172 174 179 182 186 190 195 184 188 186 203 217 203 192 194 208 223 230 225 216 205 203 214 203 211 224 232 235 237 241 245 245 246 247 252 256 260 257
202 201 200 208 207 214 220 220 221 219 214 209 211 218 218 218 211 214 212 199 184 190 190 181 182 180 187 167 175 184 177 174 179 190 194 197 197 189 189 180 179 200 184 165 163 172 166 165 178 169 152 137 127 131 155 154 149 162 165 161 169 180 190 207 208 211 215 221 225 224 216 212 221 230 240 237 225 221 227 217 211 214 218 224 232 236 236 238 239 251 253 260 267 257
191 195 199 203 204 205 208 211 219 219 216 212 208 206 205 198 194 186 190 184 172 192 159 164 170 175 182 160 170 179 193 191 195 196 177 164 180 187 188 188 191 197 181 160 158 163 158 159 169 178 165 152 124 130 136 141 142 146 151 153 155 161 167 185 201 206 206 225 230 236 237 242 229 228 236 248 241 232 235 234 227 218 204 202 212 220 222 235 244 246 256 256 269 262
183 188 190 190 194 190 197 208 214 219 216 212 212 208 205 206 197 175 179 175 164 175 159 157 169 169 156 166 170 176 187 194 185 162 161 169 188 185 183 184 184 196 183 172 161 155 146 153 163 166 145 145 141 138 131 135 149 160 170 168 190 181 173 184 195 183 195 209 212 222 223 234 237 243 239 244 256 237 247 246 236 231 223 216 216 224 228 239 243 243 252 258 265 270
203 188 180 183 188 184 189 208 211 218 216 200 197 196 192 199 201 198 179 169 154 157 142 157 169 179 179 170 178 188 195 190 170 163 167 174 183 177 175 183 192 192 193 181 169 152 136 149 156 122 127 149 160 173 159 137 137 149 164 182 194 198 210 205 213 220 216 218 214 207 221 232 236 244 250 251 254 258 260 251 252 241 234 231 227 231 231 239 246 246 245 261 267 271
213 201 199 202 194 197 200 207 217 217 211 205 203 203 190 183 189 197 196 192 176 164 157 164 179 176 191 188 193 201 193 181 164 157 168 177 171 170 170 191 187 190 192 184 174 160 144 141 140 144 141 145 147 163 175 172 157 159 166 173 181 188 203 214 220 222 225 226 225 225 229 237 246 248 252 256 249 258 263 264 268 265 248 242 234 233 238 240 247 256 265 268 269 268
222 216 214 210 208 212 211 211 208 218 217 203 202 193 200 190 184 183 182 192 184 161 157 169 167 179 192 197 208 190 188 179 160 154 167 170 170 189 187 178 168 174 186 186 178 168 148 128 133 159 168 153 157 167 180 177 173 163 157 163 176 186 195 208 216 222 223 230 235 233 241 247 254 255 257 258 257 262 263 263 260 264 268 264 266 249 253 251 259 260 263 266 266 267
221 219 220 214 215 219 213 210 208 205 205 213 211 187 181 178 176 172 167 163 179 166 153 156 164 170 190 202 212 189 173 167 158 152 164 174 182 189 174 159 158 162 171 181 172 161 140 145 149 167 176 184 180 174 189 177 180 179 173 164 180 190 197 200 210 215 221 230 239 242 241 247 250 256 258 259 253 243 246 256 251 267 271 277 277 272 270 261 265 264 264 261 254 260
219 222 223 218 217 216 215 221 218 213 200 192 195 206 200 203 196 191 179 170 166 151 152 173 176 185 195 210 215 195 187 157 154 168 183 177 169 162 155 155 166 169 171 166 165 150 163 157 162 165 182 185 194 204 201 183 182 195 190 187 190 201 207 219 221 216 207 219 226 237 246 250 248 250 253 251 249 241 227 233 238 241 255 259 274 272 276 273 282 270 264 260 254 259
226 225 220 220 223 220 222 218 219 217 216 183 173 168 181 187 194 181 197 193 173 144 158 156 168 188 196 215 205 179 185 173 166 177 174 167 162 162 153 149 159 174 181 186 166 170 170 179 185 181 179 187 199 207 186 169 189 201 211 213 197 193 205 216 231 237 238 243 234 244 244 242 241 243 245 241 233 229 236 228 229 237 244 250 256 261 258 266 276 278 276 279 276 281
226 227 226 226 223 222 219 200 210 202 214 192 175 172 172 179 169 160 169 192 178 164 148 158 167 179 195 215 205 176 176 165 180 180 155 163 166 181 169 155 157 163 162 166 178 194 202 206 205 205 210 202 207 214 202 180 177 204 214 211 216 218 221 225 208 230 233 235 230 237 239 241 245 247 244 237 231 231 235 248 252 251 243 242 255 257 270 278 270 263 254 260 262 283
226 226 225 223 223 222 220 203 210 197 197 203 186 170 167 166 168 161 166 179 166 149 152 165 179 190 195 217 215 194 178 180 182 155 158 162 168 177 188 169 156 155 148 148 150 165 151 181 199 212 230 234 234 234 235 207 224 216 225 209 202 207 229 223 213 217 220 228 227 228 231 250 249 249 240 240 240 240 244 249 262 263 254 257 268 272 271 256 256 257 249 248 242 250
229 228 223 224 223 222 222 203 210 193 182 200 193 179 187 190 184 178 173 169 170 154 155 173 185 193 201 219 218 204 190 194 185 169 156 160 168 172 175 186 194 186 170 160 150 150 152 170 191 194 191 207 220 235 235 235 236 235 239 238 244 228 229 237 244 243 245 236 234 238 247 251 251 247 245 242 248 251 252 260 262 259 261 257 255 240 257 265 260 246 252 260 265 254
225 222 223 220 220 216 219 212 213 202 184 184 187 192 175 168 172 182 173 162 170 148 162 163 176 188 204 218 225 211 197 186 172 175 155 156 168 166 169 179 181 195 201 181 161 152 163 175 170 181 195 207 220 214 226 235 233 234 238 238 247 246 243 237 248 252 253 249 249 252 253 255 249 253 254 255 258 263 259 264 251 255 259 254 243 236 244 254 258 261 255 261 255 264
224 219 220 219 216 210 213 211 206 213 200 187 176 184 179 164 157 156 165 176 174 148 158 168 176 191 209 224 221 200 182 171 163 169 166 156 160 150 171 178 192 191 190 202 193 169 164 161 170 197 197 196 187 189 216 219 226 228 215 208 219 238 250 244 242 246 251 255 252 254 255 255 248 256 261 256 251 255 255 248 237 242 243 246 244 235 236 243 248 262 261 263 269 268
220 222 214 216 212 207 216 208 203 208 205 193 183 179 173 165 150 165 170 186 172 167 168 168 185 202 215 228 218 207 186 171 168 174 153 146 141 138 164 159 137 174 179 201 198 211 194 172 160 160 173 177 190 206 226 232 232 234 227 208 212 230 239 251 247 253 254 255 257 257 256 258 256 253 247 244 254 254 245 231 231 227 227 225 237 231 234 235 249 259 267 265 269 271
219 216 209 203 202 200 205 204 200 200 201 200 198 188 185 176 166 152 164 182 188 195 207 196 202 212 230 230 209 186 193 188 184 171 164 149 136 150 162 138 150 183 188 173 171 205 221 206 186 169 181 190 195 201 220 231 236 238 239 239 235 244 246 245 247 252 253 257 254 256 258 257 257 255 248 244 248 242 241 230 228 229 234 236 242 244 238 242 246 254 261 270 271 268
217 206 195 192 190 202 209 208 197 198 197 190 179 179 182 171 167 155 160 159 168 176 194 209 221 220 228 230 201 183 180 188 180 174 163 167 170 142 148 162 180 183 176 139 143 168 196 225 217 191 187 201 209 210 220 234 238 242 241 241 243 245 250 253 254 255 249 234 245 253 254 251 248 243 245 237 242 232 233 231 229 235 237 240 246 244 249 251 254 256 267 275 264 264
210 197 186 186 197 206 213 209 208 197 203 190 176 170 171 160 176 179 161 173 179 175 187 198 217 225 230 230 201 191 182 187 194 174 175 176 176 160 146 154 164 159 151 137 146 161 175 183 226 225 219 219 228 242 240 245 245 246 246 247 247 248 249 253 251 250 243 243 250 253 255 249 242 234 237 242 246 239 229 226 223 227 229 238 239 237 235 241 251 259 272 278 274 266
210 211 211 206 211 220 209 217 203 205 211 203 190 167 157 165 176 187 179 193 193 188 188 196 214 232 231 223 210 199 197 189 192 203 189 184 163 159 172 152 151 142 151 164 165 196 206 208 215 218 223 229 230 230 240 239 245 246 240 242 247 249 239 233 237 243 246 249 252 253 243 232 230 240 242 248 245 249 242 230 221 228 231 232 239 240 243 242 248 259 271 279 278 265
220 220 216 219 220 216 217 217 207 214 214 209 197 180 157 155 171 188 194 196 201 208 206 204 214 224 232 231 218 208 209 211 207 199 189 170 158 159 154 180 181 154 157 170 173 171 185 191 208 199 200 199 206 214 225 224 233 236 234 235 243 247 244 234 222 233 245 246 248 250 247 226 231 236 238 240 244 248 249 236 230 225 231 237 238 243 250 257 247 264 273 278 282 271
223 219 215 217 220 216 220 223 224 223 220 215 202 190 177 168 168 168 179 185 193 201 207 218 220 230 233 233 225 222 208 209 204 202 198 189 184 175 172 184 187 173 161 155 152 153 167 190 188 189 191 194 203 207 212 213 223 229 233 231 241 244 243 240 223 224 238 245 247 245 245 237 224 225 233 237 238 249 254 244 235 233 238 241 241 250 255 252 250 263 262 272 282 287
221 222 223 211 220 227 221 213 209 211 220 220 209 202 191 190 180 166 172 185 185 185 196 204 217 223 233 233 230 221 213 205 209 214 209 212 208 197 199 166 173 167 161 153 149 147 145 184 183 180 191 201 203 208 217 227 228 232 230 228 234 233 226 235 227 219 238 244 238 236 239 236 232 219 227 233 234 237 238 250 251 247 238 243 240 241 239 239 252 260 270 276 281 286
220 226 226 230 224 222 216 213 195 195 213 211 215 212 207 201 191 171 169 173 175 183 191 201 208 220 233 233 234 223 218 211 216 207 189 186 185 184 179 167 156 158 173 153 164 147 155 154 157 173 192 198 210 219 223 221 221 223 224 228 221 213 214 221 227 220 234 225 216 214 220 225 226 214 215 229 231 230 233 243 251 260 257 246 239 235 235 241 254 257 267 276 282 288
220 226 227 224 223 217 216 208 199 199 205 207 212 211 212 206 195 177 180 178 182 188 199 205 212 218 229 233 234 224 210 199 216 204 184 171 179 175 171 173 166 162 176 178 167 150 147 143 147 177 189 199 209 220 213 204 207 205 205 204 209 196 203 214 224 222 212 195 202 205 218 225 214 217 220 228 233 232 236 229 234 237 253 263 255 240 241 241 250 255 268 276 283 291
216 225 226 223 221 217 214 204 195 192 195 195 199 205 206 200 188 178 178 188 196 201 209 207 210 225 234 234 233 223 208 199 216 202 190 173 176 187 190 185 182 175 181 183 165 157 152 150 170 164 173 192 200 202 189 198 187 178 179 182 191 188 192 207 221 217 195 182 190 202 218 218 220 224 233 236 233 230 229 224 227 228 237 258 265 257 251 253 268 270 272 278 283 287
227 214 217 223 219 213 209 206 199 183 185 187 190 193 201 196 182 175 177 181 192 202 207 217 215 223 228 234 234 230 219 206 216 198 184 189 192 198 214 217 213 218 216 183 162 175 162 151 157 177 186 170 164 198 173 186 181 165 157 165 186 199 205 217 222 217 200 177 178 193 224 229 230 238 239 242 239 238 237 227 224 230 239 249 268 270 267 278 278 280 280 280 280 286
226 226 213 215 212 212 204 201 190 177 171 174 178 183 189 188 183 178 176 186 195 204 209 215 223 228 235 235 235 235 226 222 221 200 197 192 190 214 226 208 195 183 207 208 186 171 152 144 143 166 165 138 165 190 163 162 163 158 152 166 179 195 208 220 223 225 210 191 177 196 218 228 238 241 243 244 245 246 240 235 231 238 256 264 265 266 274 276 266 270 273 276 280 285
