test/HelianthusTinyTest/asciifiles/nabio_11.asc
ncols  170
nrows  166
xllcorner  -106.083333333333
yllcorner  39.5916666666667
cellsize 0.00833333333332943
NODATA_value  -9999
[rows 123 to 163 of 166, columns 0 to 92 of 170]
-90 -89 -89 -88 -86 -87 -89 -92 -93 -94 -94 -96 -97 -97 -97 -97 -93 -89 -88 -88 -86 -86 -82 -80 -79 -79 -79 -78 -78 -76 -76 -75 -75 -76 -76 -76 -76 -74 -74 -75 -78 -79 -83 -87 -93 -108 -119 -107 -109 -98 -91 -91 -89 -90 -92 -88 -84 -74 -78 -72 -68 -63 -62 -63 -61 -59 -62 -61 -60 -59 -58 -59 -59 -59 -56 -55 -55 -54 -50 -48 -43 -43 -41 -40 -37 -33 -31 -28 -29 -25 -27 -22 -22
-86 -87 -90 -89 -89 -89 -88 -90 -91 -93 -90 -91 -92 -92 -91 -88 -86 -85 -83 -84 -84 -82 -81 -82 -80 -80 -79 -79 -78 -76 -76 -75 -75 -75 -75 -78 -77 -76 -76 -76 -77 -79 -83 -84 -93 -106 -107 -114 -106 -116 -113 -99 -102 -96 -93 -92 -86 -85 -82 -73 -70 -69 -70 -73 -69 -68 -65 -61 -59 -59 -58 -55 -54 -56 -54 -53 -51 -48 -50 -50 -49 -44 -40 -36 -33 -33 -33 -28 -24 -26 -24 -20 -17
-88 -89 -92 -93 -91 -90 -90 -91 -91 -90 -90 -91 -91 -93 -94 -90 -89 -88 -89 -88 -87 -84 -85 -84 -82 -80 -80 -79 -78 -79 -76 -77 -77 -77 -75 -75 -76 -77 -78 -78 -82 -78 -83 -87 -88 -97 -107 -110 -114 -103 -100 -95 -90 -83 -82 -80 -76 -75 -73 -72 -73 -74 -74 -74 -72 -68 -66 -63 -60 -59 -59 -59 -56 -53 -52 -50 -53 -53 -49 -47 -48 -51 -50 -49 -44 -40 -34 -35 -34 -31 -28 -24 -23
-89 -90 -89 -89 -89 -90 -91 -91 -90 -92 -92 -91 -92 -98 -99 -93 -97 -96 -100 -93 -86 -88 -90 -83 -81 -80 -80 -80 -81 -80 -78 -78 -79 -78 -77 -75 -75 -79 -80 -80 -84 -91 -88 -86 -94 -98 -107 -116 -110 -99 -98 -96 -97 -96 -93 -86 -83 -75 -74 -71 -73 -73 -75 -71 -70 -68 -66 -62 -60 -58 -59 -60 -57 -55 -51 -54 -55 -55 -54 -52 -50 -55 -57 -56 -51 -47 -43 -40 -37 -33 -34 -33 -30
-88 -90 -89 -87 -87 -87 -90 -89 -88 -89 -87 -88 -91 -96 -100 -103 -101 -102 -97 -96 -94 -89 -87 -85 -81 -80 -81 -83 -81 -79 -78 -79 -80 -79 -77 -77 -75 -77 -80 -82 -84 -85 -91 -94 -91 -101 -110 -114 -102 -97 -91 -91 -87 -88 -92 -89 -82 -75 -66 -66 -66 -67 -69 -67 -65 -63 -64 -62 -60 -60 -55 -59 -56 -55 -55 -58 -53 -58 -58 -59 -60 -54 -59 -58 -54 -48 -44 -43 -42 -47 -48 -40 -32
-86 -85 -84 -84 -85 -88 -87 -88 -88 -89 -90 -91 -91 -89 -95 -101 -107 -108 -103 -93 -90 -87 -83 -82 -81 -82 -84 -84 -81 -81 -80 -83 -82 -79 -78 -80 -76 -78 -79 -84 -87 -87 -88 -97 -98 -104 -110 -113 -104 -100 -83 -83 -73 -74 -73 -72 -70 -68 -67 -68 -68 -64 -67 -72 -71 -67 -64 -64 -63 -60 -60 -61 -66 -59 -58 -56 -56 -61 -62 -67 -65 -63 -58 -60 -58 -55 -46 -43 -40 -44 -46 -43 -37
-85 -87 -88 -89 -92 -93 -89 -92 -98 -93 -97 -102 -101 -98 -91 -102 -102 -106 -97 -93 -91 -87 -83 -83 -82 -84 -85 -85 -86 -84 -82 -83 -80 -80 -80 -83 -78 -75 -77 -80 -83 -86 -90 -91 -99 -107 -115 -110 -93 -92 -83 -77 -86 -93 -84 -79 -74 -81 -75 -73 -71 -72 -70 -75 -70 -71 -68 -67 -64 -65 -63 -61 -63 -61 -60 -59 -58 -62 -69 -79 -73 -64 -59 -57 -55 -53 -50 -42 -42 -39 -45 -51 -53
-87 -88 -89 -92 -93 -94 -93 -91 -95 -98 -96 -99 -104 -106 -101 -97 -97 -104 -94 -91 -90 -87 -85 -83 -85 -87 -87 -90 -92 -88 -84 -84 -80 -86 -83 -85 -83 -81 -76 -79 -80 -86 -91 -95 -101 -108 -115 -102 -98 -86 -89 -94 -101 -90 -82 -78 -76 -81 -79 -82 -78 -72 -72 -77 -77 -75 -73 -70 -68 -64 -64 -64 -62 -60 -61 -61 -60 -67 -84 -81 -71 -66 -65 -62 -56 -54 -48 -50 -48 -42 -34 -42 -46
-84 -86 -89 -90 -93 -100 -100 -97 -94 -98 -101 -103 -107 -107 -111 -103 -97 -104 -102 -97 -93 -89 -84 -87 -90 -94 -94 -97 -94 -91 -87 -84 -81 -87 -85 -88 -88 -88 -81 -77 -78 -81 -83 -82 -99 -116 -107 -106 -95 -94 -110 -105 -104 -94 -85 -77 -78 -84 -92 -92 -88 -80 -78 -82 -88 -84 -74 -73 -68 -65 -67 -66 -64 -63 -64 -63 -63 -66 -73 -76 -71 -67 -62 -59 -59 -55 -54 -63 -55 -57 -49 -34 -32
-83 -86 -89 -92 -93 -97 -95 -96 -99 -103 -103 -110 -109 -112 -110 -104 -118 -116 -111 -103 -94 -84 -88 -92 -93 -103 -106 -105 -97 -96 -91 -81 -89 -94 -91 -95 -95 -92 -81 -82 -80 -91 -96 -91 -87 -103 -111 -105 -104 -111 -108 -101 -91 -83 -80 -85 -83 -91 -87 -91 -87 -82 -83 -92 -91 -81 -78 -76 -70 -70 -69 -70 -66 -64 -63 -63 -64 -73 -69 -67 -65 -63 -61 -58 -57 -56 -62 -57 -54 -52 -48 -44 -38
-83 -85 -86 -90 -91 -94 -97 -93 -99 -96 -93 -97 -105 -112 -114 -115 -121 -112 -100 -95 -90 -84 -92 -103 -97 -103 -110 -108 -110 -102 -92 -82 -94 -105 -101 -97 -101 -103 -96 -83 -78 -91 -105 -105 -93 -94 -117 -118 -119 -111 -98 -92 -92 -95 -96 -92 -90 -92 -89 -86 -84 -78 -91 -91 -86 -86 -80 -75 -77 -80 -77 -71 -65 -62 -61 -61 -63 -72 -73 -65 -62 -62 -57 -55 -59 -54 -51 -41 -41 -44 -38 -41 -37
-83 -83 -83 -88 -92 -93 -93 -90 -91 -95 -102 -101 -105 -112 -121 -114 -107 -102 -104 -101 -94 -88 -98 -110 -110 -105 -113 -115 -107 -99 -94 -86 -99 -112 -103 -103 -106 -103 -96 -79 -83 -97 -108 -118 -107 -100 -112 -125 -114 -108 -102 -111 -109 -103 -97 -91 -88 -84 -89 -84 -81 -76 -87 -85 -79 -78 -75 -72 -73 -81 -77 -69 -65 -62 -59 -59 -59 -65 -66 -65 -61 -58 -58 -52 -51 -48 -44 -41 -37 -37 -34 -34 -33
-86 -86 -83 -87 -91 -87 -92 -94 -96 -99 -106 -110 -109 -115 -121 -119 -117 -110 -103 -96 -86 -92 -103 -114 -117 -113 -116 -116 -109 -110 -95 -87 -104 -116 -109 -116 -114 -106 -97 -80 -87 -95 -103 -115 -120 -108 -123 -125 -119 -116 -114 -115 -115 -109 -104 -96 -90 -87 -80 -78 -76 -72 -83 -73 -77 -74 -70 -68 -68 -70 -68 -67 -65 -64 -61 -58 -57 -61 -63 -62 -64 -57 -50 -47 -46 -44 -43 -39 -42 -43 -40 -37 -40
-86 -88 -82 -84 -84 -88 -92 -98 -104 -103 -106 -110 -110 -112 -114 -121 -114 -111 -101 -92 -90 -95 -98 -109 -121 -123 -119 -114 -107 -102 -93 -88 -104 -115 -117 -118 -110 -101 -98 -82 -99 -108 -108 -120 -134 -128 -128 -116 -105 -110 -111 -111 -103 -98 -102 -97 -92 -88 -85 -78 -74 -69 -72 -75 -73 -67 -66 -66 -64 -66 -68 -68 -67 -65 -62 -59 -56 -54 -56 -61 -56 -52 -53 -50 -57 -48 -53 -47 -54 -49 -46 -44 -44
-88 -86 -85 -82 -87 -94 -101 -99 -106 -110 -106 -98 -107 -110 -113 -120 -115 -106 -96 -90 -102 -109 -105 -111 -120 -124 -114 -111 -104 -101 -92 -90 -112 -117 -118 -112 -105 -101 -89 -88 -98 -112 -120 -125 -124 -116 -115 -116 -108 -104 -110 -106 -95 -89 -99 -101 -95 -91 -85 -79 -77 -77 -70 -67 -65 -63 -65 -63 -63 -63 -65 -67 -68 -68 -65 -60 -59 -57 -56 -56 -51 -60 -63 -59 -60 -67 -63 -59 -61 -58 -51 -43 -41
-91 -89 -87 -84 -82 -91 -99 -100 -104 -101 -96 -97 -101 -107 -112 -117 -110 -101 -95 -100 -113 -113 -110 -117 -121 -115 -110 -113 -105 -93 -91 -94 -109 -121 -118 -112 -104 -99 -86 -93 -106 -111 -125 -128 -120 -108 -103 -100 -97 -99 -102 -93 -83 -91 -94 -95 -96 -92 -86 -78 -75 -75 -71 -68 -66 -62 -64 -59 -57 -59 -63 -62 -69 -67 -66 -62 -61 -64 -65 -57 -57 -55 -58 -55 -58 -66 -67 -68 -61 -57 -49 -43 -39
-97 -97 -89 -86 -82 -82 -88 -87 -92 -88 -92 -95 -102 -108 -115 -114 -109 -103 -99 -106 -118 -123 -118 -117 -113 -109 -102 -101 -102 -107 -100 -99 -109 -117 -116 -109 -104 -94 -90 -103 -113 -124 -125 -120 -111 -116 -111 -108 -99 -91 -89 -87 -84 -87 -84 -88 -92 -84 -79 -73 -75 -72 -70 -68 -66 -65 -64 -61 -61 -62 -56 -59 -70 -66 -63 -61 -62 -62 -63 -69 -66 -63 -57 -54 -54 -55 -55 -64 -65 -50 -43 -42 -39
-104 -99 -94 -93 -86 -82 -83 -85 -88 -93 -100 -104 -108 -112 -117 -113 -108 -106 -106 -113 -120 -117 -120 -117 -113 -110 -110 -113 -117 -111 -104 -103 -114 -120 -120 -113 -109 -103 -114 -121 -126 -129 -126 -119 -108 -106 -103 -102 -96 -92 -88 -85 -82 -76 -75 -79 -76 -73 -70 -68 -68 -72 -72 -72 -68 -68 -65 -63 -58 -55 -51 -55 -56 -64 -62 -60 -57 -59 -67 -73 -71 -70 -69 -60 -56 -50 -49 -59 -50 -50 -48 -46 -45
-114 -109 -102 -96 -88 -83 -83 -82 -91 -99 -103 -106 -110 -113 -112 -112 -113 -119 -112 -121 -118 -112 -108 -124 -118 -117 -118 -125 -117 -112 -108 -113 -121 -117 -115 -109 -106 -114 -119 -114 -124 -117 -115 -129 -114 -112 -107 -100 -95 -89 -87 -80 -88 -81 -77 -81 -69 -68 -65 -63 -66 -70 -72 -74 -71 -69 -67 -65 -59 -60 -59 -58 -48 -52 -56 -55 -55 -60 -66 -63 -61 -67 -69 -68 -67 -57 -45 -43 -45 -47 -43 -41 -43
-120 -118 -105 -99 -91 -84 -87 -82 -84 -89 -94 -97 -101 -102 -102 -104 -90 -99 -103 -110 -111 -103 -114 -122 -118 -108 -108 -122 -122 -121 -112 -121 -117 -116 -105 -101 -102 -113 -117 -107 -116 -113 -106 -108 -96 -108 -100 -91 -88 -90 -92 -87 -79 -75 -69 -78 -75 -70 -67 -67 -62 -68 -67 -68 -73 -72 -69 -63 -63 -60 -59 -58 -56 -50 -48 -51 -51 -56 -59 -57 -57 -60 -61 -59 -65 -60 -48 -44 -40 -40 -40 -38 -42
-107 -114 -107 -99 -94 -85 -89 -89 -85 -84 -84 -86 -87 -94 -85 -88 -91 -92 -89 -89 -106 -116 -119 -122 -114 -107 -103 -104 -113 -108 -109 -109 -107 -99 -90 -83 -82 -98 -102 -99 -110 -113 -104 -92 -86 -94 -86 -79 -80 -82 -84 -84 -83 -79 -78 -68 -62 -65 -65 -66 -62 -59 -61 -64 -71 -69 -68 -65 -62 -61 -59 -56 -55 -53 -49 -46 -49 -51 -52 -51 -55 -56 -57 -55 -54 -51 -45 -44 -42 -36 -42 -40 -36
-97 -106 -106 -98 -94 -86 -88 -100 -99 -91 -91 -94 -90 -98 -93 -95 -110 -116 -104 -94 -95 -102 -116 -122 -115 -108 -104 -97 -95 -94 -89 -91 -86 -87 -84 -91 -89 -87 -80 -82 -90 -95 -96 -85 -84 -75 -78 -75 -77 -77 -73 -76 -74 -68 -68 -66 -60 -58 -61 -62 -58 -63 -62 -54 -73 -71 -74 -75 -66 -66 -61 -59 -58 -53 -51 -47 -46 -47 -43 -44 -50 -51 -54 -52 -48 -47 -46 -43 -40 -39 -30 -38 -36
-91 -102 -107 -102 -94 -85 -95 -108 -103 -96 -96 -106 -108 -106 -104 -101 -116 -110 -100 -94 -102 -101 -110 -118 -122 -114 -106 -111 -110 -112 -104 -92 -98 -115 -108 -109 -110 -110 -102 -90 -81 -76 -74 -69 -70 -66 -69 -65 -65 -63 -66 -63 -58 -62 -57 -60 -58 -53 -52 -56 -50 -49 -57 -55 -67 -68 -62 -67 -65 -63 -63 -60 -56 -52 -49 -44 -43 -37 -39 -36 -33 -43 -45 -49 -49 -44 -45 -41 -40 -37 -33 -33 -34
-95 -102 -113 -104 -97 -85 -91 -107 -110 -103 -97 -100 -108 -113 -110 -112 -113 -98 -105 -118 -110 -100 -111 -122 -122 -116 -112 -118 -114 -113 -95 -97 -113 -122 -117 -120 -123 -124 -117 -109 -95 -93 -85 -91 -83 -71 -66 -65 -69 -63 -62 -64 -77 -77 -71 -69 -68 -71 -76 -69 -67 -58 -54 -50 -55 -60 -59 -54 -55 -54 -50 -52 -46 -44 -44 -50 -47 -45 -44 -43 -34 -34 -36 -45 -42 -41 -50 -45 -42 -36 -33 -29 -24
-96 -102 -112 -108 -98 -94 -88 -96 -108 -108 -107 -99 -104 -112 -117 -114 -108 -100 -123 -123 -111 -103 -110 -119 -126 -118 -111 -108 -100 -95 -108 -103 -114 -132 -128 -130 -123 -115 -114 -110 -108 -103 -101 -93 -85 -76 -74 -67 -62 -61 -69 -74 -89 -92 -84 -85 -79 -75 -74 -70 -66 -62 -62 -62 -45 -53 -48 -43 -42 -42 -41 -43 -42 -42 -41 -41 -41 -37 -35 -46 -39 -30 -36 -34 -37 -38 -44 -42 -34 -32 -28 -30 -22
-96 -103 -118 -111 -107 -101 -93 -87 -102 -114 -109 -106 -106 -111 -118 -113 -106 -111 -119 -116 -105 -116 -116 -121 -125 -118 -106 -106 -113 -122 -115 -108 -116 -127 -124 -117 -114 -113 -100 -97 -92 -88 -92 -87 -84 -86 -78 -66 -69 -81 -87 -86 -101 -95 -95 -89 -84 -82 -77 -74 -68 -69 -64 -62 -57 -52 -47 -47 -48 -50 -50 -50 -50 -57 -56 -44 -48 -46 -38 -38 -41 -45 -41 -30 -31 -29 -26 -41 -35 -36 -27 -24 -25
-96 -102 -117 -114 -109 -111 -98 -89 -102 -117 -113 -109 -111 -114 -118 -114 -113 -117 -117 -109 -119 -133 -126 -124 -115 -112 -106 -112 -123 -126 -115 -116 -117 -126 -121 -113 -107 -100 -110 -107 -103 -100 -96 -96 -99 -87 -64 -63 -81 -95 -107 -99 -104 -102 -100 -94 -94 -91 -84 -80 -76 -66 -57 -54 -51 -51 -54 -52 -52 -66 -63 -59 -63 -71 -59 -60 -57 -54 -49 -44 -52 -51 -45 -37 -38 -38 -36 -33 -33 -30 -27 -30 -38
-94 -104 -115 -119 -117 -108 -103 -92 -92 -103 -102 -103 -108 -110 -113 -117 -113 -116 -120 -114 -125 -117 -117 -114 -109 -109 -119 -122 -116 -114 -125 -131 -126 -134 -126 -120 -118 -121 -119 -118 -115 -110 -111 -107 -97 -83 -63 -71 -86 -104 -102 -97 -104 -95 -85 -79 -80 -77 -71 -69 -63 -54 -58 -61 -57 -57 -58 -56 -55 -61 -67 -70 -71 -73 -64 -71 -66 -66 -62 -54 -46 -43 -43 -39 -39 -36 -35 -33 -36 -33 -32 -34 -35
-96 -106 -110 -108 -113 -115 -106 -100 -92 -91 -98 -106 -111 -106 -111 -109 -106 -110 -116 -124 -119 -124 -120 -119 -120 -112 -105 -109 -112 -108 -118 -124 -124 -121 -124 -120 -113 -119 -119 -114 -112 -118 -117 -108 -99 -82 -64 -79 -99 -101 -98 -91 -88 -83 -80 -74 -71 -67 -59 -61 -61 -60 -65 -63 -62 -61 -63 -65 -60 -64 -64 -79 -81 -86 -80 -72 -62 -62 -62 -57 -51 -44 -42 -39 -39 -38 -35 -36 -35 -40 -41 -39 -39
-95 -104 -97 -100 -107 -114 -111 -105 -102 -100 -93 -96 -96 -99 -104 -105 -109 -108 -117 -123 -117 -113 -108 -105 -108 -106 -98 -95 -95 -95 -105 -112 -110 -106 -109 -106 -104 -99 -101 -99 -108 -97 -92 -93 -85 -67 -68 -77 -98 -107 -106 -98 -95 -91 -81 -73 -64 -67 -63 -76 -70 -70 -69 -69 -65 -64 -70 -72 -68 -77 -71 -68 -77 -82 -76 -73 -65 -60 -58 -54 -49 -49 -48 -43 -40 -40 -40 -42 -39 -38 -41 -41 -38
-93 -90 -93 -97 -101 -112 -117 -113 -108 -106 -105 -105 -108 -113 -110 -116 -117 -115 -119 -125 -118 -118 -117 -108 -100 -96 -102 -102 -101 -94 -90 -90 -85 -84 -86 -85 -84 -81 -79 -81 -82 -78 -73 -73 -73 -83 -75 -85 -101 -101 -94 -84 -77 -82 -78 -74 -70 -76 -86 -81 -70 -75 -79 -75 -72 -75 -80 -77 -71 -84 -79 -74 -71 -69 -68 -68 -63 -59 -55 -58 -56 -50 -45 -43 -45 -42 -43 -43 -42 -43 -41 -38 -37
-82 -85 -88 -94 -102 -110 -120 -117 -115 -113 -115 -117 -114 -117 -112 -113 -120 -115 -113 -125 -118 -113 -111 -104 -99 -108 -116 -117 -112 -106 -101 -103 -93 -90 -97 -95 -103 -93 -97 -104 -105 -100 -99 -99 -92 -84 -75 -92 -105 -96 -88 -85 -77 -71 -70 -73 -73 -85 -88 -83 -80 -76 -87 -84 -79 -81 -90 -87 -87 -90 -91 -85 -76 -71 -68 -63 -62 -63 -61 -58 -55 -51 -50 -49 -47 -45 -43 -43 -42 -39 -38 -37 -36
-80 -87 -91 -96 -104 -111 -117 -111 -108 -110 -117 -113 -107 -100 -107 -104 -114 -105 -117 -121 -114 -108 -105 -99 -103 -113 -123 -126 -120 -113 -104 -107 -103 -95 -112 -119 -112 -107 -117 -120 -115 -106 -93 -90 -91 -84 -87 -106 -100 -94 -85 -80 -85 -91 -84 -79 -76 -81 -89 -91 -89 -86 -95 -97 -92 -92 -97 -107 -97 -95 -106 -94 -83 -77 -71 -64 -67 -68 -72 -70 -64 -61 -58 -57 -48 -44 -42 -40 -40 -40 -36 -35 -33
-83 -85 -89 -94 -104 -108 -106 -105 -100 -108 -105 -106 -103 -98 -100 -103 -109 -117 -119 -121 -115 -111 -117 -114 -109 -119 -126 -120 -113 -109 -116 -115 -102 -102 -99 -105 -120 -124 -124 -116 -109 -104 -96 -109 -106 -83 -92 -102 -96 -90 -85 -89 -97 -95 -85 -88 -83 -82 -88 -93 -98 -96 -96 -92 -101 -94 -95 -101 -97 -81 -84 -91 -84 -72 -77 -78 -71 -68 -71 -68 -69 -71 -69 -67 -49 -44 -41 -41 -39 -37 -35 -36 -34
-78 -82 -86 -91 -99 -102 -96 -93 -100 -100 -98 -95 -94 -101 -111 -116 -122 -117 -113 -117 -118 -119 -121 -117 -116 -119 -121 -122 -122 -121 -115 -105 -98 -117 -121 -106 -116 -123 -120 -115 -107 -102 -112 -113 -101 -87 -101 -109 -101 -93 -90 -96 -95 -90 -94 -91 -89 -94 -96 -98 -93 -85 -77 -72 -77 -77 -83 -83 -88 -77 -79 -67 -76 -66 -69 -78 -68 -58 -52 -56 -68 -66 -60 -62 -53 -45 -41 -39 -37 -35 -35 -33 -33
-78 -78 -83 -87 -92 -94 -94 -89 -87 -90 -89 -95 -100 -105 -111 -117 -117 -111 -109 -107 -122 -116 -112 -117 -117 -110 -114 -125 -117 -110 -107 -114 -116 -122 -120 -112 -122 -121 -114 -110 -102 -102 -116 -109 -96 -91 -112 -114 -103 -97 -100 -106 -104 -98 -104 -97 -89 -94 -98 -103 -94 -88 -80 -71 -69 -64 -60 -66 -68 -65 -57 -60 -55 -58 -63 -73 -79 -72 -61 -50 -58 -54 -53 -49 -45 -44 -42 -40 -37 -35 -35 -34 -29
-78 -78 -81 -86 -85 -85 -84 -86 -92 -96 -95 -98 -105 -112 -115 -116 -113 -110 -104 -103 -114 -114 -110 -105 -109 -105 -110 -122 -126 -122 -117 -137 -123 -120 -117 -122 -132 -121 -113 -108 -106 -114 -114 -109 -106 -93 -112 -115 -107 -99 -104 -112 -106 -109 -109 -102 -94 -109 -111 -105 -103 -86 -79 -80 -80 -71 -66 -61 -57 -57 -54 -51 -53 -53 -51 -62 -70 -75 -61 -54 -45 -41 -45 -46 -42 -41 -37 -37 -39 -37 -37 -36 -32
-79 -78 -81 -82 -81 -83 -88 -94 -101 -104 -103 -102 -103 -107 -110 -109 -107 -106 -104 -98 -104 -105 -100 -96 -104 -108 -111 -123 -120 -114 -128 -135 -133 -129 -131 -132 -125 -117 -108 -114 -114 -119 -118 -114 -99 -99 -110 -117 -109 -103 -114 -115 -113 -115 -112 -101 -105 -117 -111 -96 -93 -86 -92 -91 -89 -81 -76 -72 -67 -62 -57 -53 -51 -53 -49 -48 -54 -60 -50 -45 -38 -41 -38 -40 -38 -42 -44 -37 -35 -33 -34 -32 -32
-79 -79 -80 -81 -81 -80 -84 -90 -95 -103 -101 -95 -95 -100 -100 -101 -102 -100 -99 -96 -89 -94 -96 -108 -110 -117 -120 -125 -115 -110 -122 -131 -130 -127 -120 -126 -129 -115 -113 -121 -121 -122 -122 -114 -94 -107 -125 -118 -111 -107 -110 -120 -121 -117 -108 -103 -117 -119 -113 -107 -106 -99 -100 -96 -91 -83 -76 -72 -68 -63 -55 -53 -51 -49 -49 -50 -46 -46 -41 -40 -42 -41 -42 -46 -49 -42 -41 -40 -38 -35 -31 -32 -35
-82 -81 -80 -81 -80 -80 -80 -86 -87 -90 -93 -90 -90 -91 -92 -91 -92 -95 -90 -89 -94 -103 -109 -113 -114 -123 -121 -116 -108 -107 -116 -120 -130 -118 -112 -120 -129 -121 -118 -127 -123 -117 -118 -110 -97 -112 -125 -121 -122 -117 -126 -127 -121 -113 -108 -122 -127 -119 -117 -115 -107 -100 -87 -84 -78 -78 -72 -68 -68 -66 -60 -57 -56 -54 -54 -51 -48 -47 -48 -43 -46 -47 -47 -51 -48 -43 -43 -40 -37 -35 -35 -34 -36
-84 -83 -81 -81 -80 -80 -82 -81 -82 -83 -84 -87 -86 -86 -82 -84 -82 -83 -86 -94 -99 -103 -107 -104 -111 -111 -112 -121 -105 -106 -120 -120 -123 -115 -108 -120 -132 -127 -125 -123 -121 -115 -108 -103 -102 -113 -124 -122 -126 -125 -129 -129 -122 -114 -125 -131 -125 -117 -109 -106 -103 -88 -80 -75 -72 -69 -69 -66 -62 -64 -60 -60 -58 -56 -57 -56 -54 -50 -47 -49 -51 -52 -49 -47 -46 -45 -51 -47 -40 -37 -36 -37 -38
