test/HelianthusTinyTest/asciifiles/nabio_10.asc
ncols  170
nrows  166
xllcorner  -106.083333333333
yllcorner  39.5916666666667
cellsize 0.00833333333332943
NODATA_value  -9999
[rows 43 to 85 of 166, columns 0 to 95 of 170]
125 125 125 122 122 120 123 122 122 121 119 115 109 99 82 80 68 67 73 62 79 87 86 80 85 95 106 111 111 112 118 120 113 113 120 100 99 96 91 89 92 93 94 91 86 82 79 81 81 79 74 80 83 87 90 95 97 102 109 113 116 119 126 132 134 133 139 137 133 126 118 112 110 110 114 111 107 109 120 130 133 131 139 148 151 153 153 159 153 144 140 144 153 158 157 158
125 125 125 123 122 122 121 121 121 120 119 117 111 104 95 86 76 76 58 67 78 87 92 94 93 99 102 114 114 116 111 107 107 107 116 106 99 96 89 87 83 83 87 86 83 80 79 91 87 88 87 87 88 94 99 104 107 104 105 107 110 119 125 130 135 137 135 132 126 129 124 116 107 101 107 105 103 112 122 127 134 138 140 144 144 149 153 158 162 161 148 146 147 154 157 165
125 125 125 124 123 123 122 121 120 119 116 115 111 107 100 91 84 80 68 66 76 83 85 89 90 98 106 111 112 114 116 112 110 112 110 100 98 95 91 89 86 83 82 81 84 88 90 90 93 97 93 94 88 89 97 102 113 113 115 117 119 122 123 130 134 135 129 131 130 125 124 118 111 113 113 122 120 123 131 135 136 141 148 145 146 151 154 157 160 166 150 148 150 154 157 161
123 125 124 122 120 122 120 118 117 117 116 113 109 106 101 96 92 83 71 75 81 84 90 90 90 97 102 110 110 109 111 104 104 110 100 101 99 90 84 77 80 80 78 77 81 84 89 92 100 103 107 111 101 103 107 105 109 110 117 119 120 125 126 132 134 128 122 114 123 121 122 125 127 133 124 127 129 130 135 143 147 144 148 152 148 150 154 159 163 168 159 149 150 151 154 161
122 124 124 119 114 119 120 116 110 112 115 113 109 106 103 99 91 87 76 69 80 81 86 92 96 102 104 108 106 102 105 104 102 110 99 93 95 93 87 83 80 77 72 69 72 78 81 93 96 93 100 98 111 111 111 112 116 118 117 120 124 125 130 127 131 129 126 119 115 121 125 130 132 134 137 135 136 137 142 151 152 153 157 157 159 158 159 162 163 170 168 156 154 152 157 154
121 120 123 123 123 122 120 117 112 107 112 113 116 112 109 105 98 88 80 74 72 81 87 94 97 103 104 103 103 104 104 97 98 102 110 102 101 95 91 87 81 76 76 77 76 81 88 88 86 89 93 97 96 98 106 110 112 112 117 119 119 127 124 128 127 120 120 111 111 116 122 125 128 132 132 135 139 144 147 147 142 148 154 147 151 157 161 166 166 173 173 174 171 165 161 156
120 120 119 122 122 122 116 111 108 106 110 114 116 116 114 109 102 99 90 86 76 83 87 97 99 101 103 98 97 96 99 96 97 100 107 110 102 99 92 91 87 85 85 81 77 72 70 72 77 83 82 89 87 92 99 104 107 112 119 114 113 117 123 127 128 110 105 105 112 119 121 123 126 126 131 134 133 137 140 137 142 146 147 140 145 146 151 159 157 163 166 165 174 178 177 168
119 120 120 122 122 121 121 114 113 115 117 118 116 115 113 108 105 99 94 90 76 83 89 89 92 101 96 94 94 90 92 100 96 102 104 109 109 108 103 98 93 87 79 73 71 67 63 61 64 68 67 75 82 90 104 105 109 118 111 109 108 113 118 116 124 115 107 102 108 108 116 117 126 121 124 128 128 129 132 137 139 138 137 136 141 148 149 146 151 161 165 167 170 171 177 181
118 119 119 121 121 120 119 116 114 113 111 117 107 106 115 109 109 106 101 99 88 85 87 91 98 98 91 88 84 89 94 94 94 96 97 95 100 103 108 101 92 80 75 69 66 67 74 62 59 75 75 88 97 99 97 99 111 102 96 98 103 108 114 110 115 112 104 96 97 100 99 111 119 119 113 116 121 116 120 128 131 135 137 140 140 139 145 147 148 156 159 168 172 173 175 183
116 116 118 119 119 119 119 118 112 109 105 107 113 103 105 111 108 107 102 98 91 83 91 95 96 90 86 80 82 89 89 88 89 92 92 89 89 92 93 103 101 94 88 78 72 67 79 69 66 69 83 81 85 86 87 98 105 91 87 95 91 96 105 105 116 111 104 105 98 95 98 99 105 106 102 101 106 108 112 119 128 135 138 136 137 142 145 151 152 155 162 166 167 169 170 178
114 112 116 116 119 119 118 118 115 107 100 101 111 109 109 108 105 103 102 95 86 82 91 97 87 87 84 77 86 91 82 82 90 96 95 93 89 89 91 106 105 98 98 90 77 82 84 78 76 70 65 78 77 84 95 93 81 83 76 75 82 86 89 95 106 110 101 95 88 92 104 111 96 98 98 98 106 113 117 125 129 134 129 129 137 141 143 145 147 160 165 164 166 168 168 173
111 109 108 112 117 117 118 116 115 114 100 98 97 101 102 101 102 98 94 90 79 81 91 93 82 81 72 78 85 81 78 92 90 91 97 98 97 99 99 104 104 99 96 96 92 89 88 88 78 78 75 82 84 88 73 71 76 82 77 70 73 79 86 93 99 96 96 88 84 93 104 113 105 98 102 98 101 111 117 123 125 131 135 137 141 141 143 150 153 158 161 157 163 168 171 174
107 107 106 112 114 118 117 115 116 114 110 107 103 102 97 93 96 98 96 97 88 81 85 93 88 82 73 76 74 80 80 81 83 87 91 93 93 97 100 97 98 102 102 98 100 97 95 96 83 79 77 76 78 71 66 71 82 87 71 76 79 82 88 94 92 90 88 83 89 90 105 117 119 109 114 103 94 97 104 107 119 128 135 136 136 139 147 148 152 156 154 155 157 162 168 173
104 104 104 109 112 114 115 115 113 112 113 111 112 112 112 97 111 110 108 108 106 104 103 99 97 91 85 68 74 78 69 81 83 87 93 99 99 99 99 91 90 102 94 85 87 89 84 89 90 78 73 75 73 57 64 78 83 84 88 90 93 96 99 91 94 93 105 116 105 98 99 110 121 128 124 116 107 106 114 107 112 124 131 133 136 139 144 144 145 145 150 155 158 155 164 169
101 100 100 105 104 109 113 113 114 112 109 106 107 112 112 112 107 109 107 100 90 93 94 87 89 87 91 78 83 90 86 83 86 94 97 99 99 93 93 88 87 101 90 77 75 82 78 77 87 80 68 57 49 52 71 70 66 76 77 75 80 89 96 108 109 111 114 118 123 121 116 113 119 128 136 133 123 121 125 118 113 115 118 124 130 134 134 137 137 150 151 158 166 155 156 163
94 96 99 102 102 103 104 107 112 112 110 108 105 104 103 98 96 91 94 89 81 95 73 76 80 84 88 73 80 86 96 95 97 98 85 76 87 92 93 92 94 99 88 74 72 76 73 73 80 86 77 68 47 51 56 59 61 64 67 69 70 75 79 92 103 107 107 122 127 133 134 138 127 125 134 145 138 130 133 131 126 119 108 105 113 121 122 133 142 145 155 155 168 161 154 159
88 92 93 93 95 93 97 105 109 112 110 107 107 105 103 104 98 83 87 83 76 83 73 71 80 80 70 77 80 85 92 97 91 75 74 80 93 91 89 90 91 98 90 82 74 70 64 69 76 78 63 63 60 58 52 55 66 74 81 80 95 89 84 92 99 91 99 110 112 119 120 131 133 140 135 140 153 135 143 143 134 130 122 117 117 124 127 137 141 142 151 156 164 169 168 164
102 92 86 88 92 89 93 105 107 112 110 99 98 97 94 99 100 98 87 79 69 71 60 71 80 86 86 80 85 92 97 94 81 76 78 83 90 86 84 89 96 96 96 88 80 68 56 66 71 45 49 66 74 83 73 57 57 66 77 90 98 101 109 106 112 118 115 117 113 109 119 129 133 140 147 148 151 155 158 147 148 139 133 129 127 130 131 137 145 145 144 160 166 169 173 173
108 100 99 101 95 97 100 104 111 111 107 103 102 101 93 89 93 98 97 95 84 76 71 76 86 84 94 92 96 101 96 88 76 71 79 85 81 81 81 95 92 94 96 91 83 74 61 59 58 62 60 63 64 76 84 83 72 73 78 83 89 94 105 113 118 120 123 123 123 123 126 134 141 145 147 152 146 155 160 161 165 162 146 140 133 132 137 138 146 155 163 166 167 167 173 177
114 110 109 106 104 107 107 107 105 112 111 102 101 95 100 93 89 89 88 95 89 74 71 80 78 87 95 98 105 94 92 87 73 69 79 81 80 94 92 87 79 84 92 92 87 79 65 50 54 73 80 69 72 79 88 86 83 76 72 77 85 93 99 108 115 119 121 126 131 130 136 144 149 151 153 155 154 159 160 160 157 161 165 162 163 147 151 149 157 159 161 164 165 166 170 174
113 112 113 109 109 112 108 106 105 103 103 108 106 92 87 85 84 81 79 75 87 78 69 70 76 80 94 102 108 93 83 78 72 67 77 83 89 93 84 73 73 75 82 88 82 74 59 63 66 79 85 91 88 84 94 86 88 88 83 77 88 96 100 103 109 114 119 127 135 138 137 144 146 152 154 156 151 140 142 153 147 164 168 174 174 170 167 159 163 162 162 159 153 159 166 171
112 114 115 111 111 110 109 113 111 108 100 94 96 104 100 102 98 94 86 80 78 67 67 82 85 90 97 107 110 97 92 72 69 79 89 86 80 75 70 70 78 80 81 78 78 67 76 72 75 77 90 91 98 105 103 90 90 99 96 93 96 104 108 117 119 114 108 118 123 133 142 146 145 145 150 148 146 138 126 131 136 139 153 156 172 169 173 171 180 168 161 158 153 158 162 169
117 116 113 113 115 113 114 111 112 111 110 89 82 78 88 92 96 88 98 95 82 62 72 71 79 93 98 110 104 87 91 83 78 85 83 79 75 75 68 66 73 84 89 92 78 81 81 88 91 89 88 93 101 107 93 81 95 102 110 112 100 97 106 115 127 133 134 139 130 140 140 138 137 139 142 138 130 127 133 127 127 134 141 148 153 159 156 164 174 175 174 177 174 179 186 171
118 118 117 117 115 114 112 100 106 101 109 94 84 81 82 86 80 73 80 95 86 76 64 72 79 87 97 110 104 85 84 77 88 88 70 76 78 88 80 71 72 76 75 78 87 97 102 106 105 105 108 103 107 112 103 88 86 105 112 110 114 116 118 122 109 126 129 131 127 133 135 137 141 144 141 134 129 129 133 145 148 147 141 140 152 154 168 175 167 161 152 158 161 181 177 184
118 117 116 115 115 114 113 102 107 98 98 102 91 80 78 78 79 73 78 87 78 65 67 77 87 94 97 111 110 97 86 87 89 70 73 76 79 86 93 80 71 70 65 66 67 77 67 89 100 110 124 127 128 128 128 107 119 113 120 109 104 108 125 120 112 116 118 125 124 125 128 147 146 145 137 137 137 137 141 146 159 161 152 155 166 169 169 154 154 155 147 147 141 149 156 170
119 118 115 116 115 114 114 102 107 96 88 100 96 87 91 93 90 86 82 80 80 69 70 83 90 96 101 112 112 103 94 97 91 81 71 73 80 82 84 92 97 92 81 74 67 67 68 81 96 98 96 106 116 128 129 129 130 129 133 132 139 124 125 132 139 138 141 132 130 134 143 148 148 144 141 139 145 149 149 157 159 156 158 155 153 139 155 163 158 144 151 158 163 153 155 161
117 115 116 112 113 110 112 107 108 101 90 89 91 95 84 79 82 88 83 74 80 64 75 76 85 92 103 112 117 107 99 91 83 85 70 71 79 78 80 87 89 98 102 88 74 68 76 84 81 89 98 107 116 111 121 129 127 128 132 132 141 141 138 132 143 147 148 145 145 147 149 151 145 149 150 151 155 160 157 161 148 151 156 152 141 134 142 152 156 159 153 159 154 162 167 171
115 113 113 112 110 106 108 107 104 108 100 91 84 90 86 76 71 70 77 85 83 65 73 79 85 94 106 116 114 100 89 82 76 81 78 71 74 67 82 87 95 95 94 102 97 81 77 75 82 99 99 99 93 95 113 116 121 122 113 108 116 133 144 139 137 141 146 151 148 150 151 152 144 152 157 152 148 151 152 145 135 139 140 143 142 133 135 141 146 160 159 162 168 166 166 173
113 114 109 110 107 104 110 105 102 105 104 95 89 86 83 77 67 77 81 91 82 79 79 80 91 102 110 119 112 105 91 82 80 84 69 64 60 58 77 74 57 83 88 102 100 108 97 83 74 74 83 86 95 106 121 126 126 127 123 108 111 125 134 146 142 148 150 151 153 154 153 154 152 149 143 141 151 151 142 128 129 126 126 124 135 129 132 133 147 157 165 163 167 170 174 170
112 110 106 101 101 100 103 102 100 100 101 100 99 93 91 85 78 68 77 89 93 97 104 98 101 108 120 120 106 91 96 93 91 82 77 66 56 67 76 58 67 90 93 83 82 105 115 105 92 80 89 95 98 103 117 125 130 132 133 133 130 139 140 140 142 147 149 153 149 151 153 153 153 151 144 141 145 139 138 128 127 127 132 135 139 141 136 140 144 152 159 168 169 166 171 174
111 104 97 95 93 101 106 105 98 99 98 93 86 86 88 81 79 70 74 73 79 85 97 106 114 113 119 120 101 90 87 93 88 83 76 79 81 61 65 76 88 90 85 59 62 80 99 119 113 96 93 103 108 108 116 128 133 136 135 136 137 140 145 148 149 151 144 130 141 149 151 147 145 139 141 134 139 130 130 129 128 133 135 137 144 142 147 150 152 154 165 173 162 162 167 173
106 98 91 91 98 104 108 106 105 98 102 94 85 81 81 74 85 87 75 83 86 84 92 99 112 117 120 120 101 95 89 92 97 83 85 85 85 74 64 70 77 73 67 57 64 75 85 91 120 119 115 115 122 135 133 138 139 140 141 141 141 144 144 148 145 146 138 138 145 148 151 145 138 131 134 139 143 135 127 125 122 125 127 135 137 135 134 139 149 157 170 176 172 165 169 171
106 107 107 104 107 113 106 111 102 104 107 102 94 78 71 77 85 92 87 96 96 93 93 98 110 121 121 115 106 100 99 94 96 102 94 90 76 74 83 68 67 61 67 78 78 99 105 107 112 114 118 123 124 124 134 133 139 140 134 137 141 144 135 128 132 138 141 145 147 150 139 129 127 137 139 144 141 146 139 128 121 126 129 130 137 138 141 140 146 158 169 177 176 163 169 169
113 113 110 112 113 110 111 110 105 109 109 106 98 87 71 70 81 92 96 98 101 106 104 103 109 116 122 121 112 105 107 108 105 100 94 81 72 73 70 88 89 70 72 82 83 83 92 96 107 101 102 101 106 112 120 119 127 131 128 129 137 141 139 128 118 129 140 141 143 146 143 123 128 133 135 137 141 145 146 133 128 124 130 135 136 141 148 155 145 162 171 175 180 169 169 165
115 112 110 111 113 111 113 115 116 115 112 109 102 94 85 79 79 79 87 91 96 101 105 112 113 121 122 122 116 115 105 107 103 102 100 94 91 85 83 91 92 83 75 70 68 69 79 95 94 95 96 98 104 107 110 111 119 124 128 126 135 138 138 135 120 121 133 140 143 141 141 133 123 123 130 134 134 145 151 141 133 131 136 139 139 148 153 150 148 160 160 170 181 184 179 168
114 115 115 107 113 119 114 108 106 107 113 112 106 101 94 94 87 78 82 91 91 91 98 103 111 115 122 122 120 113 109 104 107 110 106 109 107 99 100 78 84 79 75 69 66 65 63 91 91 89 96 103 104 108 114 122 123 126 125 123 129 128 122 130 123 117 134 139 134 131 135 132 129 118 125 130 131 134 134 147 148 144 135 141 137 139 137 137 150 157 168 175 180 184 175 175
114 117 117 120 116 115 111 109 97 97 108 107 110 108 105 101 95 82 80 83 84 90 95 101 106 114 123 123 123 115 112 108 111 105 94 92 91 90 87 79 71 73 84 69 77 65 71 70 72 84 96 101 109 115 118 117 117 119 120 123 118 112 113 118 123 118 129 123 115 114 118 123 124 114 115 127 128 128 131 140 148 156 154 143 137 133 133 139 152 155 165 174 180 186 181 181
113 117 119 116 115 111 110 105 100 99 104 105 108 107 107 104 97 85 87 86 89 93 100 104 108 112 120 122 123 116 107 100 111 103 90 82 87 85 82 84 78 76 86 87 79 67 65 62 65 87 95 101 108 116 111 105 107 106 106 105 109 100 104 113 121 119 112 99 105 107 117 123 113 116 118 126 130 130 133 127 132 135 150 160 152 138 139 139 148 153 165 174 181 189 187 182
110 117 117 115 114 111 109 103 97 95 97 97 100 104 104 100 93 87 87 93 98 101 106 105 107 116 123 123 122 116 106 100 111 102 95 84 86 93 95 92 89 85 89 90 79 72 69 67 82 78 84 97 102 104 95 101 94 88 89 91 97 95 97 108 118 115 100 91 96 104 117 117 119 121 130 133 130 128 127 122 126 127 135 155 162 155 149 151 166 168 169 176 182 185 189 190
119 109 111 115 113 109 106 104 100 90 91 92 94 96 101 98 89 85 85 88 96 102 105 112 110 115 118 123 123 119 113 105 111 100 91 94 96 100 110 112 110 113 112 91 76 85 77 68 73 87 93 82 77 101 84 93 90 78 73 79 93 102 106 115 119 115 103 87 88 98 122 126 127 134 135 138 136 135 134 126 122 128 137 146 165 167 165 175 175 178 178 179 179 184 189 191
118 117 109 110 108 108 103 101 94 85 82 84 86 89 94 93 89 86 86 92 97 103 106 110 115 118 124 124 124 123 118 115 115 101 99 96 95 110 119 106 98 91 106 107 93 82 69 62 62 79 78 58 78 96 77 76 77 74 69 80 89 99 109 117 120 121 110 97 87 101 117 125 134 137 139 140 141 143 137 132 129 135 153 162 162 163 171 173 163 168 171 174 178 184 188 190
115 119 117 114 112 107 98 93 89 82 77 82 86 93 97 98 100 96 93 99 105 108 107 112 116 121 124 124 123 124 122 118 115 110 106 108 114 118 111 95 87 89 81 98 106 79 72 57 58 68 61 69 77 92 76 60 57 65 76 82 87 96 105 117 120 122 119 107 98 100 112 117 124 136 141 141 144 142 150 143 148 150 162 154 148 161 169 169 162 167 171 175 177 184 190 190
122 117 114 111 108 107 100 91 84 81 87 85 89 93 99 101 103 100 96 95 100 109 115 116 120 124 124 124 124 124 123 122 123 115 121 127 126 107 100 86 76 77 88 87 97 104 91 76 59 56 51 59 74 81 73 52 55 65 75 82 92 95 102 113 121 123 127 122 113 101 111 110 128 140 140 137 144 146 153 153 151 156 147 143 145 150 155 167 166 172 179 181 182 185 190 188
