test/HelianthusTinyTest/asciifiles/nabio_19.asc
ncols  170
nrows  166
xllcorner  -106.083333333333
yllcorner  39.5916666666667
cellsize 0.00833333333332943
NODATA_value  -9999
[rows 49 to 97 of 166, columns 0 to 95 of 170]
124 123 123 120 119 119 125 129 134 137 131 126 123 123 123 129 139 143 158 164 178 167 161 146 143 138 135 141 144 146 141 144 141 136 125 118 132 138 148 149 156 159 159 163 170 176 180 177 168 159 159 148 151 142 131 120 113 105 89 101 101 92 80 75 72 105 114 112 99 87 81 80 74 73 64 58 60 54 51 54 49 45 44 51 47 45 41 38 39 37 37 37 36 36 36 36
124 123 123 120 120 120 120 126 126 125 123 120 123 123 126 132 135 145 152 158 178 167 158 158 152 139 146 149 150 155 152 138 144 135 130 121 121 121 130 139 147 156 169 177 180 184 190 193 187 184 183 171 159 148 122 119 112 93 105 109 111 101 91 95 81 95 109 120 107 107 91 88 73 81 76 70 68 67 64 56 54 54 55 56 50 44 43 46 41 37 37 36 36 36 36 36
125 125 123 121 120 120 120 125 126 126 129 123 134 134 123 129 129 135 140 143 161 166 161 155 144 144 154 161 164 156 149 150 147 144 141 144 136 130 121 134 148 167 175 184 188 184 175 193 196 172 172 151 134 131 133 130 108 125 136 131 122 109 98 105 95 102 117 128 128 122 125 102 86 85 97 91 81 89 81 68 63 58 56 51 51 51 47 45 44 39 38 36 36 36 36 36
126 128 125 121 121 120 121 123 129 132 137 134 126 140 136 128 132 132 140 146 158 170 155 149 147 158 164 171 167 158 158 158 156 151 151 156 156 150 147 130 134 144 156 170 178 187 166 183 187 181 159 162 156 154 151 133 119 142 151 136 142 131 116 115 95 104 117 114 126 133 128 124 112 110 117 119 109 105 97 84 68 59 54 57 54 50 47 42 41 40 37 37 37 36 36 36
128 131 128 125 122 120 122 123 125 135 146 144 130 132 132 133 137 139 141 152 164 170 158 148 162 161 167 176 164 155 167 167 155 147 145 150 156 155 152 125 127 139 139 150 171 164 162 168 172 181 190 168 169 159 139 142 161 158 168 170 158 152 145 134 114 106 122 134 145 137 117 101 128 125 125 123 111 97 88 75 67 60 67 66 54 51 48 46 45 38 37 37 37 37 37 36
133 136 137 131 124 123 123 123 126 126 146 149 149 143 143 143 142 149 154 160 177 173 157 152 171 173 185 175 164 170 174 153 155 153 144 141 144 140 138 130 130 138 141 144 150 153 156 153 170 168 172 162 159 151 175 178 170 159 168 177 173 163 152 139 125 133 131 146 151 137 117 98 114 125 117 123 120 100 88 79 74 65 58 56 51 51 49 43 40 39 37 39 37 37 36 36
137 137 137 131 128 123 123 125 123 126 131 137 140 143 149 155 151 149 152 149 163 173 166 152 161 170 184 179 182 172 173 170 167 161 155 152 150 144 138 143 140 131 131 139 134 141 144 139 162 168 171 172 169 178 184 178 161 151 177 169 164 158 148 139 139 145 147 154 144 141 115 91 88 105 95 114 131 125 111 106 86 69 58 57 57 54 45 45 42 40 40 40 39 37 37 36
142 142 143 136 131 128 125 125 128 129 128 128 129 129 128 149 129 129 132 133 136 137 139 144 149 155 166 192 183 176 189 170 167 161 150 141 141 141 141 151 153 133 145 162 157 153 162 153 150 170 178 175 175 199 190 168 161 157 151 148 142 136 129 142 136 139 116 95 114 128 126 105 84 72 80 93 108 109 94 108 97 77 65 61 57 54 48 48 48 46 43 40 39 40 37 37
148 148 148 140 142 134 128 128 127 129 133 138 137 128 127 128 134 132 133 146 161 155 155 164 161 164 155 176 170 158 164 168 164 152 145 141 141 150 149 159 159 136 153 174 176 166 171 172 156 166 184 200 229 206 181 181 187 171 168 171 162 148 136 114 111 108 101 91 82 85 95 100 88 72 58 62 80 84 75 88 97 93 87 77 66 60 60 57 56 43 42 39 37 40 40 37
157 154 150 146 145 143 140 137 130 128 133 135 139 140 142 149 152 160 155 163 174 153 187 181 174 170 161 185 173 164 149 149 146 144 164 177 161 153 150 152 147 141 156 179 182 175 181 178 168 159 172 185 214 208 202 196 193 188 184 181 178 170 165 142 122 113 113 85 77 65 64 56 74 77 62 48 56 68 63 65 74 86 108 109 94 81 80 61 51 48 40 40 37 39 42 39
166 160 160 160 154 159 152 140 134 129 133 136 136 139 143 140 149 172 166 172 183 170 187 189 176 176 190 180 175 167 155 147 158 181 182 173 152 155 158 155 154 141 156 167 179 185 193 185 175 171 193 193 196 199 206 202 187 174 162 165 137 148 158 144 130 144 128 108 104 89 88 68 64 54 60 54 42 60 50 48 62 68 80 90 88 77 71 57 51 51 43 40 37 37 37 37
146 163 169 166 160 166 160 141 137 130 133 149 151 152 156 147 146 149 167 178 192 190 204 189 177 166 167 175 167 155 149 152 173 180 177 168 158 164 167 157 147 147 144 157 170 189 204 190 182 236 212 190 178 162 178 200 199 187 170 149 133 128 112 116 105 95 100 96 102 111 89 71 65 54 45 45 42 39 39 45 45 54 63 68 73 68 66 57 48 48 49 39 37 37 37 37
137 148 151 147 157 153 148 142 131 131 137 143 146 145 157 164 158 150 150 155 172 183 190 181 167 170 155 155 152 141 150 162 180 188 174 164 171 173 172 149 153 150 147 153 166 179 196 199 199 196 199 193 193 174 161 162 178 176 168 161 150 141 122 105 96 91 86 85 85 85 77 65 53 48 45 42 48 39 39 39 38 38 48 54 63 65 57 57 48 40 38 37 37 37 37 37
128 134 135 140 142 137 138 138 140 131 131 146 146 155 149 158 163 166 166 155 163 186 190 178 180 167 152 147 135 154 155 165 186 192 177 173 174 152 155 163 174 167 153 153 161 173 193 213 207 180 169 185 181 169 155 158 162 172 179 171 157 144 132 114 102 92 89 78 71 71 60 51 43 42 41 39 40 39 39 39 39 39 38 39 38 47 42 45 40 39 39 38 38 38 37 37
129 131 129 136 135 131 137 140 141 145 144 137 138 162 169 170 172 178 181 186 168 182 195 192 183 176 155 142 132 155 173 179 187 192 180 170 161 153 169 183 185 180 170 158 169 180 201 196 190 172 162 153 156 162 144 159 154 155 162 170 152 139 130 125 113 103 93 78 65 59 59 51 48 42 40 39 43 55 51 42 45 38 38 39 38 38 38 39 38 39 39 39 42 39 38 37
131 128 126 132 132 134 135 127 131 137 148 157 154 143 148 144 152 157 169 179 182 197 196 175 171 161 152 135 128 149 158 189 192 177 161 167 174 182 189 189 176 173 172 176 176 190 178 184 178 175 156 150 139 127 130 152 153 136 142 145 140 125 116 99 95 102 116 96 85 65 53 48 49 48 43 45 48 57 77 68 60 56 42 39 38 38 38 38 39 38 39 40 42 40 39 38
123 124 129 129 126 129 127 131 130 132 133 166 178 182 169 163 155 169 151 155 175 203 190 193 180 158 149 129 139 167 161 173 180 168 171 177 183 183 192 195 184 169 161 155 175 170 170 159 153 157 159 150 135 124 147 168 144 130 116 110 131 138 120 103 81 68 65 59 74 56 56 59 59 56 53 59 70 76 65 76 74 63 53 45 41 39 41 39 38 38 38 38 38 38 38 38
122 122 123 122 126 127 131 150 140 148 135 157 175 178 178 170 181 191 181 157 172 185 200 190 181 169 152 129 140 171 171 181 165 165 190 181 179 163 174 189 186 180 182 177 163 144 134 130 130 130 122 133 124 116 130 156 159 125 113 116 108 102 98 90 116 82 76 71 79 68 65 61 54 51 54 65 71 73 65 48 45 46 54 54 42 41 38 39 38 39 44 40 39 38 38 38
122 123 124 126 126 127 129 147 140 153 153 146 163 181 183 184 182 190 184 169 184 200 197 183 169 158 152 127 129 152 169 165 164 192 189 183 178 167 155 174 189 189 196 195 192 178 192 159 138 121 93 84 83 83 81 124 99 110 96 116 127 119 85 94 108 102 98 82 85 83 77 48 49 49 59 60 60 59 54 48 39 39 42 41 39 39 39 42 42 42 48 48 54 45 41 38
120 121 125 125 126 128 128 147 140 157 169 151 157 172 163 160 166 172 178 181 180 197 194 176 163 155 146 126 127 141 155 152 161 177 189 186 177 173 170 158 147 157 173 183 192 192 191 170 147 144 146 127 109 82 81 79 79 80 73 73 61 87 85 73 59 60 56 70 74 66 53 47 46 51 54 58 49 46 45 40 39 40 39 41 42 57 41 39 41 51 44 41 39 43 42 40
124 127 126 129 129 134 131 138 137 150 166 166 165 157 175 184 179 169 178 188 181 203 187 187 172 160 143 126 119 134 149 161 174 171 192 192 179 180 176 165 163 147 141 162 183 192 180 167 172 159 142 126 109 116 97 80 84 82 73 73 59 57 62 73 55 49 47 50 49 46 45 43 50 45 43 43 40 39 40 39 46 43 41 42 54 65 54 43 41 41 44 40 42 39 39 38
124 130 129 131 135 141 138 140 145 138 151 164 175 166 172 188 194 194 186 175 177 201 192 182 172 158 137 120 123 146 166 177 185 177 181 191 186 195 174 167 152 152 153 138 147 174 178 181 172 141 141 141 151 147 113 107 96 93 113 122 106 71 53 60 63 57 49 43 46 43 43 43 51 43 40 43 46 43 42 49 63 57 55 51 54 65 63 54 48 40 41 39 39 39 39 39
129 128 136 135 139 145 135 142 148 143 146 159 169 173 178 187 200 186 181 165 179 184 183 181 164 146 131 114 127 140 162 177 180 174 194 201 205 207 183 186 209 171 164 141 143 127 147 170 183 183 169 163 149 130 98 87 87 84 93 121 116 87 70 50 56 47 46 43 40 40 42 40 43 46 52 55 44 43 54 74 74 78 79 82 64 71 67 65 48 41 39 39 39 39 39 39
132 135 142 149 151 151 147 147 151 152 151 151 154 163 166 176 186 200 188 169 163 156 143 154 147 136 114 113 139 163 155 160 164 177 183 198 211 195 186 207 195 161 155 170 173 134 114 132 154 174 160 150 143 135 110 90 81 76 73 73 78 61 60 60 56 49 47 43 46 43 40 40 42 43 52 55 50 59 59 75 77 75 69 65 57 55 62 57 51 44 41 39 39 39 39 39
133 145 157 160 163 150 142 144 154 154 154 163 173 173 169 181 185 197 191 193 183 175 155 140 124 127 116 113 147 166 169 160 169 175 186 181 177 204 199 186 165 161 170 206 201 177 144 107 118 150 153 136 127 124 110 84 75 67 70 68 65 61 53 49 46 46 53 76 57 46 43 47 52 59 55 66 58 74 72 75 77 68 64 60 51 54 49 47 44 43 39 39 41 40 39 39
141 155 166 167 157 145 139 142 144 157 148 162 178 182 182 192 176 174 191 179 174 176 163 153 131 121 113 113 148 158 167 161 155 175 174 172 171 189 201 192 183 189 195 209 200 183 169 160 105 106 115 114 98 73 76 67 64 62 61 60 59 56 54 49 51 52 62 62 52 47 43 52 61 73 68 59 52 65 78 82 88 80 77 64 61 64 65 59 47 42 39 39 39 40 39 39
141 140 141 145 141 129 142 133 149 147 141 148 163 188 197 188 176 166 173 157 158 163 163 155 135 113 113 124 139 151 152 160 155 145 158 164 186 189 176 195 196 204 195 183 180 147 135 132 121 117 109 97 95 95 73 75 64 62 73 67 60 56 70 82 73 63 59 52 49 46 61 78 81 65 59 53 56 49 59 77 88 79 75 74 61 59 55 58 50 42 39 39 39 41 40 39
129 129 135 132 129 135 132 134 145 138 136 142 157 173 197 199 182 166 157 156 150 143 144 146 136 124 111 110 130 140 139 136 140 149 158 180 191 189 195 168 167 192 189 177 173 174 160 152 132 141 141 141 130 119 104 104 87 81 84 81 66 60 62 81 101 79 60 57 55 50 55 89 79 69 66 63 58 52 49 69 77 84 74 65 64 56 48 43 52 41 40 40 40 40 40 41
126 132 135 132 129 135 129 126 126 126 130 136 151 163 177 186 186 185 174 166 160 151 143 130 130 115 110 110 122 124 140 139 146 146 149 159 164 174 177 164 161 174 186 192 195 194 180 153 154 153 151 147 135 130 122 121 104 93 87 90 70 66 65 70 98 96 72 60 56 58 58 71 91 89 76 68 67 52 46 56 69 71 64 58 58 49 44 47 49 41 41 40 40 41 40 40
129 126 126 140 129 120 129 138 144 141 130 131 142 151 163 163 172 188 181 169 169 166 157 147 133 126 110 110 116 127 136 143 140 132 139 134 138 152 149 183 175 181 186 195 198 200 201 160 161 164 150 138 135 129 115 99 96 90 92 93 84 84 96 79 93 104 72 63 70 75 68 73 78 99 85 76 73 68 67 49 49 52 65 58 61 58 62 62 47 42 41 41 41 41 40 40
129 122 121 116 123 126 135 139 158 160 139 141 137 139 145 152 162 183 185 181 178 170 160 151 143 130 110 110 110 124 131 137 132 142 161 163 164 166 169 183 192 189 174 195 183 200 192 192 189 172 150 141 127 115 109 110 110 104 102 96 104 117 116 104 93 102 81 93 108 110 102 91 88 106 105 81 79 79 73 59 49 43 44 55 63 69 68 61 46 44 41 41 41 41 41 41
129 121 119 123 126 135 135 144 154 155 148 146 139 141 141 148 158 178 173 176 172 166 154 147 140 133 118 110 110 124 140 152 131 146 166 180 171 174 178 177 183 186 171 170 180 198 200 203 198 168 154 141 130 113 124 135 130 130 130 130 123 140 130 113 99 101 115 136 126 123 102 93 108 103 98 85 76 75 71 81 71 67 47 41 46 61 61 61 49 45 41 41 41 41 41 41
135 123 122 126 129 134 138 149 159 163 160 160 154 148 148 154 166 176 176 166 157 151 144 144 142 124 110 110 112 124 142 152 132 147 160 178 175 163 158 164 168 174 167 165 183 190 195 197 176 182 172 150 141 138 153 141 153 163 161 157 146 149 143 124 105 109 138 152 143 126 103 102 98 93 78 71 78 80 81 89 84 81 66 44 41 44 49 47 41 41 41 41 41 41 41 41
120 137 134 126 132 140 144 147 155 171 169 169 166 161 154 158 174 180 179 173 163 151 145 134 136 127 121 110 110 117 130 144 133 152 166 161 158 152 133 129 132 126 128 164 186 172 186 197 191 169 158 175 182 143 171 156 160 178 185 176 153 137 129 112 104 110 132 159 158 138 96 86 83 71 68 64 66 67 69 84 89 78 64 52 41 41 41 41 41 41 41 41 41 41 41 41
121 122 138 137 140 141 149 153 165 180 185 182 177 172 166 166 172 177 178 169 160 150 145 137 127 121 109 110 110 110 121 127 127 151 154 158 160 134 119 140 155 165 140 138 162 177 195 203 204 180 181 207 180 153 181 182 180 185 191 175 161 143 124 108 101 98 119 143 158 135 104 89 70 66 62 60 60 55 64 72 78 68 46 43 42 41 41 41 41 41 41 41 41 41 41 41
126 117 120 129 132 141 158 168 172 185 191 185 177 166 160 158 154 162 168 157 145 141 143 133 127 117 107 108 110 109 113 121 127 134 143 139 127 119 131 161 172 170 180 154 140 183 192 211 209 197 204 194 183 160 183 203 206 197 182 172 164 147 132 109 101 97 102 126 141 136 115 105 89 67 60 60 55 58 49 58 52 49 43 46 50 43 41 41 43 41 41 41 41 41 41 41
112 123 129 134 140 142 155 171 182 188 177 180 174 166 157 154 151 155 162 163 157 138 129 129 121 107 107 108 110 110 112 113 113 128 116 99 101 140 152 174 189 189 171 173 155 143 165 186 209 212 218 206 188 177 187 215 212 197 184 173 157 151 136 116 100 95 90 97 114 135 116 118 83 61 61 66 55 55 46 46 49 45 52 55 55 49 46 41 41 41 41 41 41 41 41 41
110 117 123 123 137 149 156 171 183 183 177 171 163 159 154 151 150 147 151 160 163 151 129 124 115 110 109 109 107 104 98 91 94 98 98 130 149 161 166 176 185 195 198 170 171 174 159 157 170 175 186 197 201 194 194 218 223 193 205 191 175 152 123 113 104 91 90 84 93 99 102 89 80 65 55 53 55 52 61 55 52 49 48 69 61 47 46 43 41 41 41 41 42 41 41 41
112 103 132 136 133 143 155 163 172 172 168 164 155 154 151 148 155 154 145 144 154 150 141 130 115 105 109 109 104 88 90 88 88 88 124 137 149 149 158 174 186 183 195 198 193 186 177 160 201 192 200 200 191 215 209 197 209 219 209 188 163 141 116 113 98 90 84 79 73 87 86 94 77 63 58 61 60 71 72 63 49 52 46 64 55 47 45 47 41 41 41 41 42 42 42 41
123 109 113 132 136 140 149 157 166 162 155 150 149 141 150 138 146 141 136 129 139 142 138 138 101 102 103 107 88 88 88 118 88 91 98 106 100 120 149 165 174 168 177 180 192 198 180 189 210 220 223 186 186 184 191 177 188 185 191 190 178 152 129 114 101 90 83 79 77 69 74 86 84 67 63 66 69 69 66 60 48 45 44 44 44 43 42 43 41 42 42 42 42 42 42 41
132 113 107 116 135 134 149 155 152 152 143 138 141 132 132 132 135 135 121 121 112 121 126 124 114 98 99 96 88 88 127 131 140 136 107 107 133 104 107 136 139 149 149 162 164 171 180 180 196 206 194 180 175 176 183 182 171 160 166 175 166 149 134 123 104 91 80 87 91 77 72 72 81 72 75 78 69 66 66 52 44 44 44 44 44 44 44 44 43 43 43 43 43 42 43 42
126 120 119 105 123 132 147 143 144 147 135 125 135 135 122 119 132 123 116 108 105 102 121 111 109 97 96 88 88 88 107 124 130 149 155 154 148 155 161 149 140 162 192 182 183 170 168 159 171 196 194 183 162 162 165 176 175 160 149 145 140 137 134 112 97 76 74 71 82 77 80 73 69 66 57 66 66 52 64 51 44 45 44 44 44 44 44 44 44 44 44 43 43 43 43 43
126 132 123 103 119 116 129 122 141 141 120 118 143 126 110 109 135 121 102 99 109 105 102 108 101 99 102 91 88 91 95 115 132 145 159 175 161 160 171 168 143 153 186 183 190 195 193 186 180 202 183 177 169 155 146 149 139 151 146 137 131 125 83 83 80 76 80 75 72 75 66 56 55 52 55 47 52 46 48 47 44 47 44 44 44 44 44 44 44 44 44 44 44 44 44 43
135 129 117 129 100 106 110 129 138 123 110 129 123 113 102 108 127 116 100 96 93 99 95 96 94 96 94 96 88 86 95 115 121 130 149 166 169 166 173 180 161 159 162 168 186 193 198 208 208 211 209 195 182 166 154 142 135 129 130 124 101 101 105 103 94 91 80 75 72 66 69 83 88 80 69 72 59 52 61 46 44 44 44 45 44 44 44 46 45 44 44 44 44 44 43 44
137 126 133 140 140 116 106 123 129 108 123 130 107 102 103 108 125 121 99 96 91 89 90 94 85 92 88 109 112 104 86 107 118 127 134 133 149 169 175 182 180 182 180 155 164 177 186 196 203 197 198 189 174 160 147 154 147 146 117 114 101 136 142 123 106 93 86 81 77 68 86 85 83 103 89 92 63 55 52 48 47 49 52 59 52 55 50 55 45 44 44 44 44 44 44 44
127 129 145 144 146 123 110 92 100 96 126 118 94 115 125 115 115 110 111 96 93 89 87 92 84 84 82 91 112 123 114 85 107 118 129 131 140 153 165 174 179 193 204 180 171 168 180 180 200 202 192 177 191 193 180 169 157 151 141 143 149 162 154 137 120 114 84 79 74 69 80 77 72 66 65 61 60 53 49 51 51 54 59 61 63 54 45 44 44 44 44 44 44 44 44 44
149 154 152 155 146 135 137 116 90 90 93 94 93 108 115 119 116 102 92 96 88 88 85 84 82 82 81 86 96 109 115 83 84 129 135 151 143 155 157 160 182 183 197 188 190 168 181 193 209 210 202 202 208 206 189 167 160 149 148 149 163 176 168 149 143 125 95 89 102 90 92 92 77 66 66 69 68 56 54 51 55 64 66 64 65 54 47 44 44 44 44 44 44 44 44 44
155 158 157 158 158 152 140 119 102 96 88 86 96 99 110 113 118 96 88 85 91 89 85 84 83 82 82 82 82 96 108 88 107 121 135 151 165 182 179 190 189 177 189 205 196 183 171 193 211 216 203 189 191 179 172 167 157 154 170 160 167 176 166 150 134 117 100 110 125 123 111 103 83 70 69 66 58 55 52 51 47 49 50 49 47 47 44 47 44 47 47 44 44 44 44 44
148 141 149 143 154 152 132 125 123 99 91 85 85 93 104 107 104 99 87 85 105 105 85 85 84 83 82 82 82 95 83 84 112 120 132 145 163 176 188 194 202 171 177 184 193 196 196 180 190 209 199 181 180 166 163 182 185 174 186 197 185 179 169 151 134 117 117 132 140 117 100 86 78 74 67 60 58 64 59 58 52 48 51 50 52 55 50 47 50 53 51 44 44 44 44 44
