test/HelianthusTinyTest/asciifiles/nabio_7.asc
ncols  170
nrows  166
xllcorner  -106.083333333333
yllcorner  39.5916666666667
cellsize 0.00833333333332943
NODATA_value  -9999
[rows 0 to 41 of 166, columns 0 to 93 of 170]
376 378 379 378 383 385 381 381 383 387 387 385 384 383 381 380 379 378 375 377 372 371 377 377 374 373 378 375 376 379 376 376 376 373 373 376 377 375 374 374 372 371 371 370 367 367 364 362 361 359 361 361 362 364 365 363 362 361 359 360 363 364 370 369 368 369 366 368 370 369 369 367 368 368 369 369 368 367 368 368 368 374 370 373 373 373 376 372 370 368 368 371 371 370
376 376 377 380 384 381 378 383 386 387 388 386 384 377 375 377 378 376 371 371 372 373 377 370 368 365 366 371 365 361 364 374 374 370 372 375 376 374 371 371 370 370 367 366 364 364 363 364 362 362 364 361 361 361 357 355 356 359 358 357 363 363 366 369 372 371 364 367 370 371 371 369 370 370 369 369 369 368 370 370 370 370 372 375 376 376 376 375 370 371 369 371 373 370
373 376 378 381 382 379 384 386 386 387 387 387 386 379 374 377 375 375 372 364 369 371 372 369 368 364 363 363 363 357 360 370 371 373 370 374 371 371 370 370 367 366 363 364 366 367 367 365 365 365 365 357 360 361 357 355 359 358 359 363 365 367 367 366 367 371 367 370 368 368 373 374 371 371 371 371 371 370 372 373 373 373 373 372 373 372 376 374 373 374 371 374 373 371
370 374 377 378 380 381 386 387 387 386 386 386 387 383 376 375 373 376 366 364 365 370 368 367 365 365 362 360 358 356 363 368 370 370 371 371 371 372 369 368 366 363 364 366 368 368 367 367 367 367 361 362 362 360 359 362 360 358 357 363 366 366 364 366 366 372 373 374 370 370 370 372 376 372 374 376 372 370 372 370 373 373 372 374 374 374 377 374 375 375 374 374 373 372
370 370 374 374 378 383 382 385 386 386 386 386 386 386 383 377 378 378 365 368 368 368 364 364 361 364 361 358 358 356 353 362 366 369 370 371 372 369 367 364 364 363 366 368 366 365 364 363 361 363 365 366 365 365 362 362 361 358 360 362 363 364 366 365 366 369 369 373 376 371 368 369 372 376 375 377 372 372 372 372 372 375 375 372 376 376 377 375 377 377 375 374 374 374
366 370 370 372 378 379 381 383 383 386 385 385 385 386 387 386 383 380 371 371 372 368 366 365 364 364 362 357 353 351 347 355 366 369 370 370 370 368 366 362 362 363 363 363 364 364 360 360 364 364 366 364 367 368 367 363 362 363 362 364 364 365 366 367 368 368 368 371 375 377 370 368 369 376 376 377 377 376 376 374 373 377 378 376 375 373 375 379 377 375 376 375 375 374
367 370 377 377 377 379 380 382 382 381 380 382 385 383 386 387 387 383 382 377 375 374 370 367 364 362 358 356 351 347 349 359 365 369 370 369 368 364 362 364 366 363 363 362 363 359 360 362 364 360 359 363 364 364 368 367 367 367 366 365 366 366 363 366 366 368 370 369 373 376 375 372 369 371 370 373 374 376 378 376 375 375 377 375 375 379 380 379 374 376 377 376 375 375
366 369 374 378 381 380 378 378 378 379 382 382 382 382 383 386 386 385 384 383 381 379 375 372 369 366 358 354 351 349 354 363 366 369 369 367 365 363 362 361 363 358 359 358 357 359 358 360 358 359 360 361 363 364 363 363 363 366 368 370 366 368 368 366 368 368 369 369 370 372 376 377 375 375 371 370 370 372 373 379 380 377 380 379 379 378 374 374 376 377 376 376 376 375
361 363 367 367 379 369 374 374 379 380 378 378 378 381 382 384 387 386 385 384 383 381 379 376 372 361 359 356 352 355 361 365 366 367 363 363 363 362 359 360 360 360 357 356 356 356 357 355 356 356 356 359 360 363 364 361 365 365 365 367 370 371 367 367 367 365 370 372 372 374 374 375 376 377 379 378 373 376 377 373 376 379 381 379 377 379 378 377 375 377 377 377 377 377
356 358 366 361 362 361 365 373 376 377 378 382 384 384 385 386 385 385 384 384 383 383 382 379 374 362 362 359 365 367 365 365 366 363 360 357 356 357 358 357 358 358 353 354 356 353 356 355 360 359 362 361 360 363 361 361 361 365 366 368 369 375 372 371 370 369 367 372 373 375 376 374 378 377 377 376 374 375 372 371 372 374 375 378 379 383 378 376 377 376 378 378 377 377
353 358 356 359 356 361 360 367 370 375 378 381 382 384 386 384 383 386 385 384 382 383 383 380 378 370 367 371 369 364 365 362 359 359 357 357 355 355 356 354 351 352 352 351 354 356 357 359 360 359 360 360 361 363 363 365 367 368 370 367 369 371 372 367 371 372 370 371 375 373 374 377 374 373 374 375 372 375 374 377 374 374 376 379 380 382 383 383 381 382 378 377 377 378
352 354 352 353 355 357 360 365 367 370 372 377 379 380 378 385 386 386 386 384 383 382 381 380 378 373 371 373 366 363 354 349 347 355 355 353 352 349 349 350 353 354 354 354 351 351 351 353 353 351 350 355 357 360 359 361 362 364 364 365 367 368 367 366 364 366 365 367 367 368 372 369 368 368 369 372 373 373 374 375 377 377 378 378 378 381 384 383 383 382 380 377 377 377
348 347 350 351 355 356 360 364 365 371 373 375 378 378 383 385 385 384 386 385 383 383 382 379 379 374 371 371 363 356 349 345 346 350 354 348 347 349 351 349 353 353 354 359 358 351 351 351 351 353 354 356 352 350 355 357 363 364 367 368 369 365 366 367 366 367 367 367 368 372 367 368 367 368 368 370 371 372 374 374 374 376 377 378 379 380 381 378 381 382 377 377 376 377
344 346 347 348 352 358 362 363 361 367 370 373 376 379 383 385 381 374 377 382 384 383 382 381 380 371 370 368 359 350 345 346 349 349 345 345 348 349 347 348 354 355 356 357 359 360 362 362 362 359 361 361 357 361 361 364 363 364 368 364 365 366 366 369 368 369 368 370 368 369 368 367 368 369 368 367 368 369 371 372 373 375 376 378 378 379 378 378 378 376 384 380 380 377
350 348 346 349 351 356 360 358 362 365 368 370 373 377 382 385 383 379 377 376 383 383 382 379 378 373 368 362 346 346 345 347 347 345 344 345 348 345 345 342 341 348 351 353 356 350 353 354 362 364 366 366 366 366 365 367 367 367 365 366 368 368 368 369 368 370 370 370 369 368 366 366 369 370 373 369 373 373 373 372 373 375 378 380 379 380 380 377 379 378 377 377 381 379
354 356 359 354 354 359 351 354 359 360 368 368 372 373 380 384 385 378 379 378 378 383 381 380 379 371 366 354 345 346 345 346 346 345 345 344 344 343 341 340 341 344 348 351 354 356 357 359 359 362 363 365 367 367 365 365 365 366 365 365 366 367 368 368 369 368 367 368 367 367 368 366 366 372 374 376 375 377 376 377 377 379 376 376 377 379 382 381 381 381 380 376 377 382
343 345 355 360 361 361 356 354 358 356 358 365 368 369 374 381 385 384 379 379 379 383 382 379 378 369 360 351 345 345 346 346 346 346 344 344 341 341 340 341 343 347 351 348 351 357 359 362 363 364 366 366 366 367 368 368 371 371 371 371 369 373 366 368 365 368 368 367 368 370 371 370 370 372 369 370 366 368 371 372 377 376 375 374 375 376 377 379 377 380 376 378 379 380
340 343 346 354 362 362 361 353 354 356 357 360 363 364 368 371 378 384 381 381 379 379 383 381 379 375 357 351 346 343 344 346 346 346 347 345 344 342 340 339 342 347 349 351 351 357 358 362 361 361 363 365 366 367 367 366 369 367 368 369 371 373 373 374 371 370 369 370 371 371 371 371 370 368 367 367 367 368 370 371 372 374 374 377 379 383 384 382 385 379 378 380 380 381
345 346 349 354 359 362 362 357 352 354 358 360 362 367 369 372 380 385 381 379 376 377 380 383 379 370 357 353 349 344 344 345 347 348 349 345 343 341 339 342 342 345 349 353 354 358 362 358 357 356 362 365 366 366 365 365 367 366 366 368 369 370 370 369 370 371 375 373 373 369 368 367 367 367 367 366 366 368 369 369 369 371 373 375 377 383 383 384 385 385 383 382 381 386
358 353 352 354 357 362 362 360 353 352 354 360 362 368 373 376 377 383 381 379 378 378 379 382 382 374 360 354 349 345 345 345 349 351 348 347 344 342 340 343 349 354 353 357 356 357 356 357 357 358 361 363 364 363 364 364 366 367 367 368 368 369 368 369 368 369 368 369 373 374 370 367 366 366 368 366 365 367 365 368 369 371 374 375 375 378 382 383 381 384 387 385 386 387
371 363 358 354 352 355 359 362 359 357 357 360 368 365 369 373 377 383 381 378 380 378 378 377 382 375 360 353 349 346 347 348 350 351 349 348 346 343 344 346 351 351 354 349 352 351 351 353 351 356 359 361 363 363 365 365 364 366 366 366 368 368 368 368 368 369 368 369 369 369 371 371 372 376 372 369 367 366 367 368 369 367 375 376 376 376 380 383 384 383 384 383 386 386
385 373 359 350 347 349 353 359 362 357 360 357 362 365 371 374 371 376 381 379 381 380 381 380 382 381 368 353 351 347 351 352 351 350 348 349 347 345 346 346 344 341 344 346 349 346 349 347 348 348 354 358 359 363 365 366 368 367 366 367 367 367 367 368 367 367 366 368 366 367 369 369 371 372 372 375 375 369 370 370 369 370 372 374 375 379 382 382 382 384 382 381 386 388
386 380 370 355 348 344 348 353 360 357 355 360 367 355 361 365 368 372 377 374 376 382 382 381 382 380 377 366 359 355 353 351 349 347 346 345 344 344 341 343 342 338 339 341 342 341 341 344 346 346 351 359 360 362 364 367 367 368 368 367 368 368 367 368 367 367 367 366 366 367 369 368 366 366 366 373 377 376 378 375 371 374 374 376 380 381 381 381 383 383 381 387 388 387
389 385 380 370 355 348 345 350 357 361 355 362 363 356 363 360 363 368 372 372 373 378 383 382 382 377 378 360 354 351 350 349 348 347 346 345 342 344 342 338 339 337 335 334 337 339 337 343 349 350 354 357 361 363 365 366 365 366 367 368 367 368 368 367 366 367 367 368 366 365 366 366 366 365 368 368 368 371 379 376 365 371 369 372 375 377 378 381 383 384 385 386 385 385
390 390 385 376 364 353 347 347 355 362 360 360 352 353 354 358 362 363 365 365 368 374 380 382 381 375 377 368 355 351 351 349 351 350 352 351 348 348 346 344 342 338 337 335 335 335 339 346 349 353 354 359 362 363 363 364 365 365 366 366 367 366 364 367 367 367 365 365 366 366 366 366 366 367 365 365 365 366 371 371 381 378 374 373 376 377 381 385 383 382 382 381 384 384
393 391 386 381 373 364 351 345 347 352 359 358 347 349 355 356 354 358 363 368 370 371 379 383 377 368 377 366 360 352 350 352 353 352 351 349 350 349 352 346 344 342 339 339 337 339 340 345 348 354 355 359 359 360 362 362 364 365 365 365 364 363 362 363 364 365 364 364 365 365 365 365 365 365 365 366 366 366 367 368 371 373 374 382 381 382 379 381 381 380 380 376 377 379
395 394 391 381 367 356 346 342 343 349 359 358 349 347 348 351 354 357 362 363 366 369 377 383 381 371 378 366 363 363 352 358 355 352 348 350 346 354 346 344 342 346 345 345 340 340 337 341 346 351 356 356 360 362 361 363 365 363 363 364 366 366 365 366 367 368 366 365 367 367 366 365 367 368 366 368 367 367 367 368 369 370 370 372 371 373 376 376 377 380 377 375 377 375
396 394 391 386 372 363 354 347 341 346 351 358 355 346 345 349 354 356 359 358 363 366 373 382 382 374 377 367 360 358 352 355 354 354 351 350 352 357 352 348 345 347 351 350 350 346 338 339 341 345 351 356 358 360 362 362 361 362 362 363 366 366 367 370 368 368 370 367 369 368 368 368 367 369 369 367 365 365 364 367 368 368 367 369 372 375 372 373 376 376 375 377 377 376
394 394 392 388 386 376 366 359 341 342 343 351 353 350 341 345 348 353 354 357 361 366 372 375 382 382 374 360 359 355 353 350 349 350 352 351 352 360 362 345 348 349 357 356 355 348 344 344 344 349 353 357 360 360 362 362 361 362 366 367 367 370 367 369 370 370 369 369 370 370 368 370 370 371 371 367 365 365 365 365 368 370 368 370 371 372 371 372 374 376 380 379 378 374
395 394 392 394 389 387 382 367 358 346 341 343 345 349 346 346 346 349 352 356 357 360 360 361 381 381 376 363 356 354 351 350 349 350 350 352 351 350 352 366 368 361 363 359 357 354 346 349 354 357 360 362 364 360 360 361 364 363 365 365 365 362 364 366 368 370 367 367 366 364 368 367 368 367 367 369 368 366 366 367 368 370 372 373 374 372 373 374 375 375 377 380 379 369
397 393 394 388 388 385 384 381 367 363 345 338 344 346 347 344 346 349 350 354 356 354 358 361 368 381 382 365 356 353 350 349 350 351 352 355 354 352 355 356 372 377 369 362 362 362 356 347 351 356 358 362 364 365 367 368 369 370 369 369 365 362 365 365 364 365 365 365 363 363 363 365 364 364 367 368 370 366 366 365 366 369 371 374 372 374 372 376 371 372 375 379 380 368
397 396 395 390 383 385 386 382 377 367 351 340 341 344 341 344 344 346 350 356 351 349 353 356 363 377 381 367 354 351 352 350 353 353 353 355 356 363 365 370 382 381 381 375 368 364 367 365 362 365 357 364 372 367 368 365 368 371 374 373 369 367 368 371 365 366 367 367 366 366 366 366 366 366 366 367 368 371 372 370 368 368 370 370 370 372 369 370 369 374 373 378 384 372
397 397 395 395 394 389 385 379 374 375 358 334 334 341 344 341 344 345 349 345 347 346 350 354 357 370 381 364 353 353 353 349 353 353 358 362 363 363 383 382 382 372 382 382 381 375 372 373 376 373 371 369 377 376 375 371 368 369 373 375 374 369 373 368 371 373 372 370 371 371 370 371 367 367 367 371 373 376 374 371 366 368 370 372 373 370 368 369 373 373 371 374 384 373
396 396 396 394 394 392 386 383 381 378 365 346 337 330 340 340 342 344 344 344 344 342 343 351 355 366 381 380 350 350 351 350 350 353 353 352 355 369 383 383 368 367 368 371 377 378 378 379 379 376 379 375 375 374 374 377 376 378 375 375 375 376 378 372 378 377 378 377 372 374 374 373 370 371 372 376 381 381 373 373 371 367 369 377 386 388 367 376 381 386 385 384 388 380
395 396 395 395 394 393 390 385 374 373 367 352 334 327 332 338 341 338 341 341 339 344 347 351 354 364 379 380 367 354 351 350 350 352 351 352 354 384 384 371 352 354 352 358 361 365 371 374 374 372 372 371 372 372 371 369 369 372 370 369 369 368 369 369 370 369 371 371 371 371 374 376 374 375 372 372 376 376 381 376 381 381 377 388 384 384 383 388 390 378 377 392 387 391
395 394 394 395 394 394 391 385 378 373 366 357 340 327 329 336 336 333 331 338 338 339 342 347 357 364 374 379 366 357 353 356 358 353 363 369 385 382 377 371 359 353 355 358 362 365 365 362 365 368 364 363 363 366 365 365 365 366 367 366 365 368 367 367 367 368 365 366 364 367 371 374 372 378 372 374 374 375 375 375 384 387 378 383 374 363 367 377 379 364 368 374 382 386
394 395 394 394 395 394 391 389 384 373 371 357 344 331 328 332 337 340 335 338 340 338 346 354 364 371 380 380 361 363 364 367 375 382 385 383 384 372 370 371 361 354 350 350 350 360 355 350 352 360 362 357 354 359 360 362 363 362 364 364 364 364 364 365 364 365 363 362 365 367 369 372 371 366 365 367 370 363 373 373 370 363 381 377 377 362 361 368 376 366 369 371 380 381
389 393 394 394 395 394 391 385 383 376 371 359 346 343 329 324 333 340 344 349 354 359 364 367 370 366 376 374 361 356 354 364 381 375 369 366 363 361 367 365 361 355 351 348 346 349 347 349 352 357 356 351 351 354 357 359 361 360 360 364 365 368 367 367 367 366 364 364 365 369 367 365 369 369 367 369 365 368 364 363 362 368 369 369 372 363 366 372 374 366 363 373 376 374
385 385 391 392 392 394 390 388 378 376 368 361 349 342 337 325 333 338 344 346 351 360 356 347 351 366 379 379 361 358 359 369 382 365 358 358 361 362 360 357 361 354 350 347 344 340 341 347 352 352 352 347 348 354 357 355 358 359 363 365 365 365 366 366 366 368 368 366 364 365 363 364 365 362 367 365 365 361 360 360 362 366 360 359 367 367 367 368 369 366 363 363 361 366
387 388 386 392 391 394 392 388 383 380 370 370 360 358 342 328 330 338 334 338 347 354 337 342 357 363 377 378 360 361 365 371 377 372 359 358 358 354 354 356 353 356 352 350 347 343 341 345 345 345 347 344 347 351 348 355 357 358 361 362 361 362 361 364 363 366 367 364 365 364 365 365 364 362 364 362 363 360 359 360 359 358 359 359 363 367 366 366 364 364 365 362 362 365
387 389 389 390 389 392 392 391 382 376 372 365 357 343 350 340 330 334 336 346 350 350 337 342 349 361 372 373 364 364 363 359 368 376 354 355 358 352 351 352 357 351 351 349 343 339 337 336 335 339 345 350 350 354 358 360 361 359 354 355 359 361 363 363 365 363 363 365 362 363 364 364 361 361 361 361 361 360 359 357 357 358 358 360 362 368 366 361 359 361 361 360 361 362
389 392 391 391 388 389 388 390 387 380 374 368 364 343 340 339 337 338 342 347 343 331 327 337 342 356 371 375 366 365 364 366 376 376 363 355 351 350 348 347 351 347 349 347 345 341 336 333 333 336 337 342 343 351 354 359 359 362 363 359 358 362 363 363 364 366 365 365 365 364 360 361 361 360 360 360 359 357 357 357 358 359 359 361 359 361 366 361 359 357 360 360 359 361
