test/HelianthusTinyTest/asciifiles/nabio_12.asc
ncols  170
nrows  166
xllcorner  -106.083333333333
yllcorner  39.5916666666667
cellsize 0.00833333333332943
NODATA_value  -9999
[rows 42 to 83 of 166, columns 0 to 93 of 170]
581 578 578 577 578 573 571 566 570 575 579 588 608 658 728 731 807 741 713 727 728 684 763 739 690 646 566 570 575 580 576 536 567 551 566 636 644 647 665 660 646 645 646 656 670 685 705 715 738 739 728 697 668 667 603 596 577 554 545 501 486 484 458 468 451 433 424 415 446 471 473 465 486 492 484 494 539 541 502 482 481 448 423 410 408 404 397 397 413 427 428 411 405 407
579 577 575 576 574 576 569 569 569 568 573 580 596 634 712 720 784 790 761 816 728 689 696 723 697 651 598 574 576 568 548 533 564 567 534 621 628 643 669 675 665 657 653 670 693 713 733 721 720 730 758 724 707 686 671 648 633 612 572 553 532 518 486 461 451 451 430 435 451 484 521 551 564 559 537 554 580 571 517 467 454 466 435 410 405 404 405 395 403 427 438 428 407 399
577 574 571 573 575 571 573 572 571 571 571 576 588 615 652 693 748 745 834 793 734 685 666 654 660 633 616 565 559 555 574 588 593 590 549 593 630 645 675 687 708 707 689 692 712 723 733 667 688 679 690 690 684 650 626 600 580 596 589 579 564 517 486 464 449 435 445 456 484 471 495 535 578 614 581 593 605 558 507 482 452 439 433 424 420 409 403 396 394 395 415 422 419 406
574 573 571 570 569 566 568 568 572 571 576 579 590 601 630 670 700 722 789 792 745 711 697 682 677 636 596 575 572 559 554 567 580 565 577 622 632 649 668 680 696 708 719 724 704 685 673 670 658 637 651 652 687 679 633 606 554 550 536 528 516 502 500 466 454 447 472 461 469 488 494 523 558 549 545 504 514 500 464 447 447 430 410 420 417 407 402 397 393 389 412 418 415 408
575 571 570 571 575 569 568 575 576 575 576 583 595 603 626 645 664 709 770 753 722 704 677 674 677 641 617 584 576 581 573 602 609 575 625 621 630 674 702 740 726 725 737 741 723 707 683 665 621 603 583 560 611 600 584 593 572 562 532 520 512 487 484 464 449 476 505 541 499 509 505 488 481 456 494 478 472 469 447 420 411 420 411 401 414 409 402 395 393 388 398 416 413 411
576 571 569 574 586 574 571 579 596 589 580 582 592 605 617 634 669 696 746 785 724 719 695 665 645 620 607 593 596 617 601 610 611 576 630 658 654 663 696 715 728 742 770 782 764 740 721 663 643 656 626 635 559 561 558 558 532 527 526 516 498 484 465 481 460 469 484 518 537 511 486 466 459 447 439 447 443 441 425 403 401 399 395 395 394 396 394 392 392 388 390 401 406 411
577 575 567 566 565 565 567 574 590 603 584 579 575 583 592 612 642 689 727 759 767 718 691 657 642 615 609 615 609 605 611 642 631 615 574 617 623 653 674 691 727 748 749 741 750 722 689 686 699 680 660 636 647 628 590 569 556 555 532 516 517 483 501 476 478 513 512 562 561 534 505 490 475 461 461 446 434 418 412 413 429 410 399 413 404 397 392 390 390 387 387 387 388 395
574 573 573 566 565 565 578 589 599 607 593 580 573 573 576 591 618 634 677 699 746 712 694 646 637 624 617 637 644 651 634 647 641 625 593 574 616 634 666 671 693 704 705 721 746 766 780 773 745 713 716 680 693 666 633 601 581 558 517 549 552 528 495 483 478 567 595 591 555 521 506 503 490 487 464 449 455 438 430 440 428 417 413 436 422 418 407 395 399 393 392 394 388 386
574 573 572 566 566 566 564 581 581 577 572 566 572 574 582 596 607 636 657 679 746 712 682 682 666 625 646 655 662 681 669 627 647 621 607 583 583 585 613 638 664 696 739 768 778 794 816 831 810 799 795 756 717 679 602 597 576 525 561 574 579 553 526 537 499 540 581 613 577 577 535 529 485 512 495 479 477 473 467 447 439 441 445 449 434 414 413 422 408 394 392 392 390 389
575 575 573 567 565 564 563 573 582 582 587 570 600 603 573 589 591 606 620 634 689 706 692 671 640 640 671 693 707 683 658 663 656 647 641 650 625 608 584 623 669 727 758 792 806 794 764 829 843 757 757 691 637 629 638 628 567 614 650 636 610 575 546 567 540 561 603 640 635 622 631 567 520 519 554 538 512 535 514 478 467 453 447 436 436 436 422 418 417 402 398 392 388 389
575 579 574 566 565 562 566 569 587 595 608 601 580 619 608 584 598 599 621 641 678 719 674 652 647 682 703 728 718 685 687 689 684 669 670 689 690 666 663 611 621 655 691 742 770 803 733 791 808 789 715 725 706 699 692 638 596 670 697 653 671 641 595 593 537 565 601 597 633 654 636 630 595 591 614 618 590 580 560 522 480 454 441 450 443 433 422 409 408 403 395 394 395 393
580 585 579 573 566 561 567 568 574 601 632 629 588 594 594 599 610 616 622 657 698 719 680 648 696 694 712 745 705 676 718 718 676 652 650 668 685 684 675 596 599 637 640 678 746 722 716 741 753 787 817 745 748 716 653 662 725 718 751 761 722 703 684 651 591 569 617 655 688 668 605 562 643 633 635 632 595 555 534 498 476 456 477 476 443 436 426 422 421 396 393 396 395 394
588 599 600 585 571 565 569 568 575 575 632 639 644 627 626 627 623 644 662 681 741 728 675 663 724 730 773 740 706 726 740 674 676 674 645 641 647 635 635 608 607 634 645 655 672 685 694 691 746 743 759 722 716 692 770 781 754 720 750 786 771 740 703 661 625 647 645 692 711 664 606 554 599 632 612 631 621 565 534 508 495 471 453 447 436 435 431 412 404 400 396 403 397 395
602 601 602 584 579 567 568 573 569 575 588 605 614 624 645 664 650 644 654 647 692 727 704 662 690 724 770 754 765 732 734 726 718 699 681 671 667 646 630 646 638 614 615 638 628 650 658 645 719 741 752 756 747 782 805 781 725 694 781 757 742 723 694 661 667 682 693 716 685 678 600 533 525 575 547 604 657 638 599 584 527 481 453 451 453 442 420 417 409 403 405 405 403 398
614 614 617 599 584 577 571 573 578 581 578 579 582 583 581 644 584 586 592 598 606 612 618 633 649 672 707 798 769 742 790 726 717 698 662 637 637 636 638 674 680 618 657 709 697 685 718 689 681 747 773 764 769 854 820 748 723 713 696 683 667 651 631 675 656 666 596 539 595 638 633 572 513 483 503 541 587 590 547 589 561 504 471 461 453 441 427 428 426 422 414 405 402 406
629 630 631 609 614 594 577 577 575 580 590 608 601 579 577 581 598 592 597 635 686 665 663 696 689 699 673 741 720 685 706 718 705 667 648 636 637 664 662 696 700 624 683 751 762 726 746 752 700 732 798 857 899 882 787 789 814 761 750 761 733 690 649 586 580 569 553 529 504 514 541 556 523 483 444 456 505 520 496 535 560 547 532 505 477 460 458 454 451 414 412 402 396 406
659 647 635 625 622 617 610 601 580 577 589 596 609 614 617 640 652 679 663 687 727 659 773 753 730 718 691 773 733 701 655 656 646 641 708 752 699 674 668 673 660 639 692 768 780 757 780 770 739 705 753 800 908 886 865 841 838 817 805 795 787 761 743 669 609 585 586 508 488 457 454 435 487 494 455 416 440 474 462 467 494 529 590 596 556 519 515 465 437 430 405 405 393 402
688 668 665 666 650 665 643 609 592 578 588 597 598 609 618 614 643 715 699 718 756 713 773 784 738 739 788 752 736 712 674 649 682 763 767 738 670 681 687 681 680 638 688 726 768 790 822 796 761 745 825 828 843 854 882 869 809 768 729 739 652 688 720 677 635 679 632 575 563 522 519 469 458 432 450 430 398 452 424 419 459 478 512 540 537 506 492 451 438 437 412 405 398 395
622 673 696 685 670 684 666 610 598 580 587 636 641 649 659 633 630 642 701 737 790 783 837 781 740 703 706 734 710 672 651 666 733 760 750 721 687 709 720 686 655 657 651 692 738 804 861 812 785 922 899 815 773 723 775 860 856 815 754 687 638 626 579 591 562 533 549 539 556 583 524 475 462 431 407 407 400 392 392 410 409 439 466 480 494 480 477 451 428 429 432 402 396 395
594 628 635 624 654 644 631 612 581 581 600 617 627 623 666 688 669 644 645 659 715 757 783 754 705 716 663 670 657 627 655 696 758 788 739 708 732 737 736 661 674 664 658 680 724 770 833 842 849 834 847 828 826 762 719 725 783 773 749 723 692 663 604 561 533 521 510 508 509 508 489 455 426 413 407 396 416 394 389 391 389 389 420 440 466 473 454 449 424 404 398 395 395 396
570 583 591 602 611 595 598 598 608 580 581 624 628 656 636 667 683 690 694 657 685 766 783 742 748 705 658 641 604 665 673 704 776 797 749 737 738 667 677 704 745 722 677 678 706 747 819 898 875 775 742 799 784 746 697 708 726 760 784 759 712 672 636 584 548 524 516 489 468 474 444 420 401 398 393 389 393 390 389 391 394 391 390 393 391 422 409 416 401 400 400 400 398 397
570 576 574 592 590 576 595 603 609 619 617 595 599 676 699 706 714 732 746 764 703 752 799 790 758 735 667 624 593 668 728 751 782 803 758 724 695 671 722 774 784 768 731 694 728 770 851 829 812 747 714 685 697 722 661 710 696 700 726 753 697 656 629 616 581 556 528 488 452 439 442 420 412 394 391 389 402 434 426 398 412 390 388 391 390 392 393 399 396 398 399 402 412 402
575 569 561 578 580 582 589 566 578 594 629 660 650 616 632 621 645 663 704 737 751 805 803 727 715 683 653 601 580 651 678 787 797 747 691 714 738 766 792 792 751 740 737 754 755 808 764 785 769 759 693 679 644 608 616 688 691 639 660 671 659 613 587 538 529 552 592 534 508 456 423 410 413 412 399 407 414 443 497 474 453 440 403 398 391 392 390 393 393 394 399 404 412 405
553 555 570 570 561 569 566 576 573 579 583 689 726 744 699 677 654 701 643 658 728 828 779 790 746 675 646 582 615 708 689 730 755 715 726 748 769 769 802 815 777 725 699 682 752 737 737 701 681 696 703 673 628 597 672 738 663 620 579 565 630 651 598 550 490 457 452 434 474 431 430 438 443 433 426 444 475 491 464 494 492 460 433 414 403 397 402 397 394 394 395 395 395 395
549 549 553 552 559 564 575 632 602 627 589 659 717 728 728 705 740 775 740 661 712 761 816 781 749 709 652 582 613 717 721 757 703 704 792 760 754 701 741 794 784 764 771 755 709 650 619 606 607 610 586 618 596 572 613 701 712 605 569 579 560 543 534 511 586 491 477 468 490 463 453 444 428 419 428 461 480 483 465 417 410 415 436 439 405 402 392 394 396 399 415 405 401 396
548 552 554 559 559 561 567 620 602 640 641 620 679 739 747 751 745 774 753 705 753 813 805 754 708 668 652 575 582 654 711 701 695 796 784 769 752 714 677 740 792 797 823 821 809 761 815 699 633 583 502 482 479 480 478 597 526 559 522 583 614 593 496 523 565 547 536 497 506 500 487 410 413 415 444 446 446 446 433 417 394 393 404 399 392 393 393 407 407 408 428 427 447 423
540 543 555 555 558 561 564 620 599 655 694 635 655 705 679 667 689 709 730 742 738 800 790 729 686 659 631 569 574 618 667 654 689 740 789 777 746 733 723 683 651 684 740 775 809 813 807 735 662 650 658 599 549 478 476 472 472 479 459 462 431 501 496 465 433 434 426 464 474 455 420 406 407 419 428 440 415 409 409 394 394 397 394 399 405 450 404 397 402 434 416 406 402 415
552 560 556 565 564 581 571 594 591 631 685 686 681 658 718 748 731 696 729 767 741 822 765 766 716 674 620 570 547 594 642 681 730 720 797 796 753 755 744 709 700 648 628 702 775 809 768 725 740 699 647 596 548 569 518 472 487 481 461 462 425 422 436 467 420 404 403 410 410 403 401 395 413 402 400 399 391 390 393 392 413 405 398 406 439 469 439 409 405 405 414 405 411 403
550 565 564 570 581 598 589 596 613 590 634 676 715 687 706 761 788 788 758 720 728 817 784 750 715 667 601 551 559 634 699 739 768 741 756 793 777 811 737 714 663 665 671 622 653 743 760 773 739 641 642 642 678 668 562 546 517 512 565 595 550 459 412 431 440 425 406 393 400 394 395 394 418 395 390 396 409 400 400 419 459 444 439 431 437 470 464 441 427 402 406 402 401 403
563 560 582 580 592 609 581 602 621 606 616 659 692 707 728 756 811 756 738 684 735 752 751 744 687 626 581 530 571 612 686 739 751 729 801 830 849 859 765 780 866 730 707 627 637 590 652 734 781 781 733 716 668 608 517 490 492 485 511 593 576 498 454 404 421 401 397 392 386 386 390 387 395 404 422 431 403 400 432 485 489 501 504 513 467 486 475 472 427 404 400 402 401 401
568 576 598 621 627 630 616 617 632 634 628 634 642 672 684 718 754 805 762 696 675 655 611 650 629 593 528 526 604 685 660 679 691 739 763 819 871 812 775 859 815 695 677 729 740 610 553 608 682 749 700 668 649 625 551 496 473 463 460 460 471 431 430 431 421 404 401 390 398 390 387 387 392 396 422 431 418 444 446 490 495 491 476 467 446 440 460 449 433 415 406 400 401 404
572 607 644 658 664 625 601 604 640 638 642 669 706 706 693 736 751 795 777 782 746 720 653 605 556 563 531 526 632 696 705 679 708 730 770 755 742 844 826 777 706 695 724 858 840 751 643 532 566 666 677 624 597 590 550 482 460 441 449 445 440 431 410 402 397 397 415 475 428 401 394 406 420 438 429 459 441 482 479 491 493 469 461 452 431 439 424 420 416 412 400 399 406 406
593 639 679 680 643 608 590 599 605 646 621 665 722 738 737 773 718 711 773 732 712 723 680 645 577 545 524 524 634 667 698 681 660 730 727 722 721 782 831 799 767 787 815 867 836 775 724 694 529 530 558 557 515 448 457 436 429 429 427 425 424 417 413 401 409 412 439 439 414 404 394 416 442 475 461 441 424 459 496 509 524 505 498 459 456 468 470 455 422 407 401 401 400 404
594 589 593 608 594 559 600 573 621 615 597 622 668 756 788 760 717 680 709 657 658 675 677 652 586 520 519 554 601 642 649 674 663 626 673 693 771 785 737 812 815 848 814 767 763 649 611 605 574 561 539 509 502 506 452 456 429 427 454 443 425 416 452 485 466 437 429 412 406 399 440 483 494 451 439 425 434 416 444 493 527 504 491 487 456 451 440 451 431 406 401 400 402 407
557 556 574 565 558 574 570 572 607 585 579 599 646 704 789 798 737 678 655 650 631 609 614 618 589 550 515 514 572 609 603 596 612 641 672 745 789 786 805 709 706 801 793 747 737 739 692 667 606 636 633 636 605 574 530 533 487 471 482 478 437 426 432 483 537 478 432 425 423 410 423 514 490 465 459 451 437 425 418 472 495 513 486 465 459 442 422 410 434 403 401 402 402 404
545 563 574 566 556 575 557 549 548 549 560 579 626 670 715 750 750 749 710 687 662 633 610 567 565 523 513 513 546 556 608 602 624 630 642 677 694 727 741 694 686 737 780 801 814 810 759 671 676 673 669 654 621 604 582 579 534 505 488 499 449 439 439 451 527 524 461 433 424 430 430 466 522 517 483 463 461 425 409 435 472 480 459 449 449 422 414 419 427 406 406 403 401 402
553 547 546 588 556 530 555 583 602 594 560 561 598 626 667 672 703 756 736 690 690 687 652 622 576 554 508 511 527 560 592 618 604 583 605 592 606 651 643 763 736 759 780 812 825 834 840 693 699 710 665 628 620 601 561 517 510 495 503 508 484 483 519 475 512 547 458 438 459 471 456 471 484 544 505 484 478 463 463 418 417 429 465 444 456 450 460 462 422 410 403 404 403 404
552 532 531 517 539 547 575 585 647 652 589 594 579 589 609 632 664 740 749 734 724 699 667 634 608 563 507 507 508 553 573 597 577 615 678 687 691 700 712 762 800 787 737 812 771 833 803 807 794 736 665 637 593 557 541 548 546 533 528 513 538 577 574 542 515 540 484 517 562 568 548 517 512 564 560 497 495 496 480 443 416 403 407 438 458 476 476 458 418 415 405 405 403 403
552 531 524 535 546 568 574 601 632 635 615 607 586 592 592 616 651 722 705 716 701 678 639 619 595 573 529 508 507 549 602 643 575 625 695 743 716 728 742 738 765 778 724 720 759 823 831 846 832 722 676 637 601 552 583 621 604 611 613 614 592 647 617 568 527 534 578 646 616 607 548 522 568 555 543 505 484 484 475 501 476 469 415 402 415 456 456 458 426 417 406 405 404 400
568 533 532 542 549 564 581 615 648 663 651 652 635 615 615 636 675 713 714 678 650 631 608 609 602 544 506 506 510 550 606 642 577 629 673 738 727 687 674 694 707 730 706 703 765 796 811 824 747 770 736 662 636 628 678 642 681 715 712 700 664 675 658 601 545 558 646 697 666 616 549 548 538 527 484 469 487 496 501 525 509 503 466 409 401 411 424 419 405 405 405 404 404 404
525 575 564 540 559 585 597 608 635 691 682 682 673 655 632 649 703 727 722 705 667 630 610 573 581 552 536 504 506 525 566 617 578 646 696 678 670 648 587 576 589 571 576 700 779 728 779 822 799 724 691 750 773 642 737 691 704 768 795 765 685 637 610 562 542 560 629 721 714 653 529 503 497 465 459 451 458 461 468 509 525 498 460 431 402 403 403 401 403 405 404 406 406 406
528 529 579 572 585 586 614 626 667 718 740 728 712 694 673 676 695 712 720 690 657 622 609 581 550 534 498 500 504 506 538 557 558 640 649 669 673 588 541 610 662 699 612 608 691 747 812 846 850 764 768 868 766 675 774 779 771 794 814 761 713 653 599 549 532 524 590 663 720 645 552 510 462 454 443 440 442 431 457 479 496 469 413 404 403 404 400 404 406 405 406 405 407 406
