test/HelianthusTinyTest/asciifiles/nabio_7.asc
ncols  170
nrows  166
xllcorner  -106.083333333333
yllcorner  39.5916666666667
cellsize 0.00833333333332943
NODATA_value  -9999
[rows 84 to 125 of 166, columns 0 to 93 of 170]
392 397 395 390 387 379 365 357 352 343 338 343 347 356 362 362 366 359 355 363 372 377 375 384 389 398 402 402 401 401 398 390 384 376 369 371 380 386 376 352 344 345 338 354 362 336 330 321 322 329 324 329 333 344 333 323 320 327 331 335 338 345 353 364 365 366 363 352 343 345 355 358 362 363 363 363 362 361 360 361 361 360 366 361 359 365 370 371 364 368 372 375 376 382
402 394 390 386 380 379 366 354 346 341 349 347 351 357 364 367 370 366 359 357 365 379 389 389 395 403 402 402 401 401 399 398 397 383 393 397 396 368 359 343 334 334 345 342 353 361 345 333 324 322 317 323 332 336 331 317 320 327 331 334 342 343 351 359 366 367 367 365 357 346 354 353 363 363 364 364 362 362 362 361 361 362 360 360 360 359 362 369 368 373 378 379 381 383
403 397 394 394 384 374 367 355 345 347 350 354 360 363 368 370 370 373 370 360 359 369 389 393 399 402 402 402 402 402 403 401 400 399 398 380 364 352 349 342 337 330 330 344 342 341 349 348 342 338 332 328 326 329 328 315 312 329 323 328 334 345 358 362 365 367 367 367 365 363 361 363 364 363 363 362 363 362 362 360 362 362 361 359 360 362 362 365 374 374 377 381 386 385
402 407 387 383 387 377 367 361 353 353 357 360 366 368 371 374 365 367 375 376 365 369 380 388 398 404 403 402 402 404 402 402 402 401 386 374 363 361 354 344 337 337 332 330 332 334 339 348 327 332 328 327 331 319 321 328 322 315 321 329 340 350 362 363 367 368 367 368 368 366 366 362 365 365 364 363 364 362 362 361 362 362 363 360 360 361 363 363 371 375 376 372 386 385
394 403 401 387 385 381 372 366 357 362 368 372 374 379 372 383 375 378 384 390 381 377 382 381 405 405 404 402 405 404 404 394 402 400 398 395 396 386 362 349 344 345 340 340 333 330 338 332 323 317 315 333 333 333 329 335 331 331 329 329 334 343 355 362 366 368 370 369 367 368 366 364 364 365 365 364 364 363 362 362 364 364 368 367 369 371 376 370 374 379 386 384 383 386
387 402 405 400 385 387 374 369 371 370 379 383 380 388 389 389 386 387 397 396 401 396 393 393 400 405 404 403 404 405 388 383 375 377 396 396 378 394 393 372 369 360 361 350 347 344 340 336 330 325 330 336 338 337 334 333 338 341 339 334 339 344 353 358 365 368 370 368 367 368 367 366 366 366 365 363 365 363 362 363 368 369 373 373 371 371 371 374 379 380 380 380 379 386
393 398 398 407 396 390 375 380 379 375 385 394 386 386 397 398 389 396 400 403 404 404 397 401 402 405 404 405 405 404 401 391 385 365 360 360 366 359 353 362 369 350 333 338 337 344 344 348 342 330 331 336 344 344 342 337 335 344 348 350 350 351 352 363 368 371 370 369 368 368 367 366 365 365 365 365 363 364 363 364 368 367 375 379 378 376 378 379 376 372 373 380 381 382
392 387 395 408 399 400 391 397 381 380 398 400 380 393 404 404 386 397 406 406 403 404 405 403 404 404 403 406 404 403 403 397 383 369 358 346 354 355 348 347 366 358 337 338 334 332 332 335 338 328 336 336 342 348 352 349 355 347 350 353 355 360 373 372 372 371 370 370 369 367 368 367 367 367 365 367 364 368 367 365 371 365 373 378 373 377 375 371 369 373 372 376 384 384
385 391 399 391 409 405 403 391 384 396 404 393 396 402 407 404 392 401 406 408 408 406 408 406 407 404 406 403 405 405 403 397 392 384 368 351 349 351 346 341 353 354 351 347 337 332 331 325 326 324 324 330 336 341 347 354 359 361 359 362 371 370 368 368 369 368 371 370 369 370 368 367 364 366 367 364 364 365 364 368 371 375 370 367 368 369 369 366 365 374 379 384 385 390
384 392 387 383 383 400 405 396 391 405 396 391 406 407 406 405 395 397 408 408 408 409 408 407 408 406 406 401 398 401 404 400 393 386 380 382 365 349 345 341 341 340 340 356 349 342 336 330 328 330 330 333 339 346 353 347 350 349 366 366 370 352 348 358 365 369 370 370 369 369 367 367 366 359 362 362 366 365 365 367 368 365 363 362 364 362 364 361 368 372 386 378 381 387
391 391 379 379 378 396 404 413 410 410 394 400 410 400 395 402 402 404 403 409 407 409 409 407 409 408 407 406 399 394 397 403 399 394 386 382 373 361 352 346 342 335 328 341 346 345 339 340 330 328 332 339 332 331 335 342 345 348 352 351 346 340 344 350 360 363 370 370 370 369 367 367 367 367 366 366 365 366 366 366 366 364 363 363 362 363 368 374 376 378 383 374 379 381
374 371 372 369 378 385 385 400 414 413 412 410 411 405 401 399 401 406 410 409 409 409 409 410 409 408 407 407 404 401 396 403 402 386 380 366 372 360 358 356 340 340 331 336 336 346 339 333 325 325 328 328 325 326 331 341 344 349 350 348 341 334 337 345 346 356 368 369 364 367 365 365 367 367 366 366 366 366 366 366 366 363 363 363 363 363 367 374 376 374 368 370 371 372
369 367 368 366 368 372 382 399 407 410 414 414 409 408 404 403 400 409 410 411 408 409 410 409 408 407 407 406 405 403 398 402 398 393 380 365 353 343 343 336 337 344 337 328 333 339 345 333 324 321 329 334 332 338 340 341 346 346 338 343 338 335 339 344 352 360 367 363 353 354 358 362 365 367 366 366 366 367 366 367 370 367 365 365 368 369 372 367 374 366 365 369 370 373
376 381 375 379 371 372 391 395 397 410 412 413 414 410 407 405 406 407 411 411 404 405 409 408 408 408 408 407 405 403 404 403 396 393 383 372 354 346 338 335 332 348 344 338 335 333 332 340 335 325 330 336 336 343 344 335 335 339 333 327 332 335 337 344 352 360 359 351 345 357 364 366 367 367 368 367 367 366 366 367 367 369 367 367 365 365 366 370 366 363 362 370 374 376
371 368 394 395 385 370 373 385 388 402 411 414 412 413 409 411 410 411 412 411 410 400 402 408 408 408 408 407 406 405 404 399 397 393 390 384 365 353 347 343 345 355 352 345 338 335 333 339 341 331 327 332 333 337 343 346 347 340 333 336 338 336 341 343 344 351 346 343 351 361 365 367 367 367 367 367 366 365 365 365 367 365 365 365 366 365 367 366 362 364 369 375 375 381
384 376 380 389 394 383 377 385 391 408 409 402 408 411 412 413 412 412 412 411 410 409 402 409 408 408 407 406 406 405 404 403 402 392 390 386 378 364 353 358 364 357 344 340 338 341 348 344 337 334 331 328 330 330 332 336 345 350 345 340 346 349 349 344 351 346 347 350 353 362 363 367 367 369 367 366 365 366 365 365 365 364 365 366 365 366 366 364 362 368 372 378 379 381
385 387 389 403 404 385 376 391 400 402 409 402 396 401 408 406 410 409 412 411 410 409 410 409 408 408 408 406 405 404 405 403 402 401 400 399 392 382 379 367 350 347 343 337 355 354 342 338 343 339 330 337 339 336 329 333 340 346 354 356 353 358 360 361 352 359 359 360 365 365 366 364 365 365 365 365 365 366 364 365 365 364 364 366 365 365 365 361 361 364 370 375 375 383
389 406 387 401 408 389 377 393 405 407 413 409 403 403 409 410 411 409 410 411 411 409 409 409 407 407 407 404 402 405 403 399 393 401 400 399 399 398 395 361 357 348 341 337 358 346 341 345 344 362 347 343 344 340 332 335 339 342 348 349 353 351 354 356 359 357 366 370 369 369 367 366 365 365 364 364 364 365 363 364 367 368 368 364 365 365 364 363 364 365 367 375 381 382
403 408 408 410 412 397 402 400 411 412 414 415 411 412 411 412 412 413 413 412 411 410 410 409 403 402 406 405 401 395 400 395 383 389 393 387 392 386 397 395 371 354 348 352 364 358 345 360 367 364 363 356 346 336 331 335 338 343 347 338 343 346 352 354 357 357 358 362 362 363 365 365 368 368 368 366 365 365 364 363 363 367 371 367 369 365 366 366 367 367 375 376 378 383
404 405 407 408 413 407 404 412 416 416 418 416 415 413 414 415 414 413 412 411 411 409 408 408 406 401 402 405 402 398 391 387 376 367 374 377 379 380 384 395 394 372 361 370 379 375 373 376 351 341 340 345 346 329 333 340 339 333 334 337 343 345 351 354 357 357 359 362 361 366 368 365 367 364 362 364 364 365 367 367 369 369 371 373 374 371 371 372 371 373 374 376 378 383
415 418 417 407 419 419 421 420 419 418 416 418 417 415 415 415 414 413 413 410 409 409 409 408 405 403 399 401 401 396 391 386 383 385 378 377 381 380 382 386 394 393 391 389 379 378 357 376 346 340 334 336 342 331 334 332 323 327 330 334 338 341 344 348 350 351 353 355 360 363 365 365 365 362 363 365 365 366 367 365 364 368 369 370 370 369 371 373 374 377 376 376 375 379
418 419 422 422 421 421 420 414 411 413 410 416 417 415 415 414 413 413 412 410 409 409 408 408 406 404 396 391 399 399 388 384 390 379 372 376 364 363 377 378 379 391 389 375 355 343 352 348 360 356 340 336 337 330 330 326 324 329 333 333 339 339 342 346 345 350 352 354 358 359 361 363 364 363 365 364 367 367 366 365 361 364 366 368 365 366 367 372 377 373 372 373 377 378
422 423 423 419 420 410 410 404 406 406 402 412 415 415 415 414 414 413 412 412 410 409 408 408 407 405 398 387 394 396 395 394 393 387 383 369 361 360 357 360 368 378 388 386 359 346 337 339 344 345 353 342 340 330 330 333 336 337 341 340 343 344 344 347 346 349 350 348 357 359 360 363 362 365 365 365 365 365 365 364 360 363 366 365 367 371 375 373 375 372 372 374 376 377
423 416 416 417 414 410 403 396 398 394 392 405 411 413 414 414 414 413 412 412 411 411 411 405 407 407 404 394 391 397 389 388 386 375 370 370 370 362 357 351 354 361 365 375 382 355 341 332 337 339 347 340 337 328 327 332 334 337 338 343 344 344 345 346 345 344 346 351 353 356 361 361 362 362 364 366 365 369 369 368 369 368 369 371 372 373 371 369 369 370 374 374 376 377
422 419 414 408 406 407 405 396 389 393 396 402 410 413 413 413 413 414 412 411 411 404 410 409 402 398 387 399 399 387 377 377 385 383 374 371 366 368 361 354 356 356 362 355 358 375 347 337 328 336 343 346 327 326 331 340 339 341 342 341 341 341 341 341 342 342 344 353 359 360 361 365 366 364 368 370 370 372 369 372 370 371 367 364 367 368 369 369 367 372 375 378 379 380
416 419 418 413 409 392 390 390 385 387 387 399 403 411 412 413 413 413 412 411 408 408 409 404 406 401 386 386 387 377 371 368 381 384 372 362 358 356 355 357 357 355 357 351 351 357 371 335 329 334 330 333 327 331 333 330 338 336 335 335 337 339 341 336 339 341 351 363 362 360 365 368 368 371 370 369 368 365 364 365 367 365 369 367 369 371 373 373 374 376 376 377 381 382
408 410 410 407 406 404 395 379 377 385 391 392 394 403 411 413 411 411 411 411 406 408 404 400 404 397 392 389 387 378 376 369 378 379 371 363 358 356 356 359 359 357 354 344 341 350 362 352 337 336 335 324 321 325 331 332 331 332 331 333 335 334 334 334 342 343 354 357 364 367 367 366 368 366 365 368 365 365 363 368 368 369 371 371 375 375 373 374 374 376 377 376 379 379
389 395 397 390 389 388 399 402 403 405 402 399 399 408 411 412 411 411 408 405 402 406 403 403 397 396 391 387 383 380 373 372 379 383 378 372 366 361 357 354 355 356 356 353 346 341 346 357 358 348 343 340 332 324 324 327 332 339 339 337 338 338 336 340 346 347 352 356 359 363 364 366 366 366 369 368 371 369 372 372 370 370 372 375 376 377 378 377 375 375 376 376 377 381
398 390 386 379 377 376 390 404 409 408 411 408 409 412 411 411 410 411 409 399 396 403 395 398 404 388 392 391 389 382 380 380 383 385 383 378 369 361 355 350 355 355 356 352 346 338 341 342 348 348 333 332 337 331 338 328 330 333 342 344 343 342 344 344 348 354 358 363 362 362 363 370 373 372 374 373 374 373 373 375 374 376 375 376 376 378 379 381 380 379 378 378 377 375
395 395 390 388 379 379 382 397 407 409 411 411 410 410 410 410 410 410 410 402 400 394 391 388 394 401 396 398 390 384 380 390 380 383 383 375 367 359 352 351 354 353 350 348 351 343 337 336 341 345 339 324 324 329 335 341 343 343 346 346 346 346 344 344 346 354 359 364 362 361 364 363 370 372 370 368 368 372 370 366 370 370 372 371 372 374 374 376 380 380 381 380 380 380
411 409 399 402 386 379 375 382 398 405 408 410 409 409 410 408 409 410 405 403 397 388 387 389 396 401 402 394 391 386 383 390 391 390 385 376 368 356 355 349 354 353 351 344 341 346 339 334 339 337 334 324 326 329 329 331 333 335 338 343 344 346 350 347 346 351 359 363 362 363 362 366 364 366 369 368 368 368 368 370 371 373 375 376 375 376 377 377 379 381 382 380 380 381
407 399 395 396 402 394 371 371 386 397 402 406 407 409 403 399 405 404 403 403 399 393 392 394 392 388 397 401 393 396 389 390 394 387 388 380 379 369 364 363 354 353 353 347 339 335 336 329 335 335 339 336 327 325 324 328 329 332 340 346 346 347 350 351 349 353 360 366 367 366 366 369 369 371 371 372 373 373 373 374 374 374 373 375 377 376 377 379 379 380 381 381 381 382
403 395 393 389 392 399 387 373 379 385 398 398 407 406 397 390 401 403 402 402 403 397 395 398 396 401 392 398 403 396 391 396 391 392 390 386 376 369 360 362 358 355 359 350 339 339 329 332 334 334 340 346 347 339 330 330 331 337 342 345 346 346 351 355 352 364 366 372 372 369 369 370 372 372 374 374 373 373 374 373 375 376 375 378 381 382 379 380 381 381 381 381 378 376
406 400 393 387 385 391 394 396 368 378 389 395 401 403 402 385 394 398 399 401 398 398 401 402 401 401 401 402 403 401 401 398 397 397 392 390 386 381 372 371 366 360 358 354 344 348 336 326 327 334 334 340 342 348 352 338 337 340 345 347 350 351 350 351 354 366 371 374 375 374 372 372 372 373 374 373 374 373 373 374 374 371 372 375 378 375 377 378 380 379 375 378 377 378
414 408 399 392 382 377 391 393 371 369 378 387 392 399 396 393 397 399 399 401 402 399 399 401 401 400 401 401 400 400 400 398 399 397 396 394 391 381 378 372 368 367 366 353 355 352 334 328 330 332 334 338 336 340 353 349 339 344 348 349 351 347 350 359 365 371 373 374 374 374 375 373 375 374 373 371 373 374 375 372 370 370 371 371 374 376 375 375 377 375 375 374 375 374
411 410 406 400 387 379 382 386 385 367 371 377 384 384 386 391 399 399 398 399 399 401 399 401 401 403 400 401 400 398 398 397 396 395 396 395 393 389 385 377 369 365 366 357 352 345 337 332 333 339 342 338 338 340 342 346 358 344 346 346 348 352 351 357 357 369 372 373 374 374 373 371 372 372 373 373 373 370 369 370 371 372 370 367 365 370 371 371 372 372 372 372 372 372
407 406 399 395 390 383 379 383 381 377 363 367 373 380 392 391 383 392 377 395 393 396 397 399 400 399 400 400 397 396 399 398 397 394 394 394 394 393 387 382 375 359 357 348 345 338 336 335 339 342 346 348 346 348 345 343 350 359 351 347 348 352 360 366 371 371 372 372 373 374 373 375 377 374 374 369 369 371 372 371 372 374 372 371 367 367 370 373 374 372 374 373 373 374
400 406 406 395 386 381 374 376 379 375 371 362 363 375 378 383 382 386 371 369 383 394 397 397 396 397 399 399 396 396 396 396 397 391 390 391 393 391 387 377 369 364 361 353 350 344 337 332 340 332 340 341 349 350 356 350 351 360 357 348 351 356 363 367 373 375 372 375 377 376 376 374 371 370 368 365 370 373 374 374 375 374 375 374 373 373 375 375 376 374 377 376 377 374
390 395 399 401 398 393 381 375 375 375 372 365 357 360 367 371 376 381 368 361 373 389 391 393 395 396 400 396 395 395 395 397 394 392 389 389 393 390 386 380 374 368 363 355 346 340 330 328 334 339 341 343 346 349 355 360 359 367 366 372 363 363 362 362 375 376 374 372 373 371 372 370 370 371 370 370 371 372 373 374 374 374 376 375 377 377 378 374 377 377 379 378 378 372
386 390 389 392 399 392 388 375 372 369 367 363 361 360 360 361 367 373 376 376 380 378 394 395 396 396 393 395 394 394 395 395 394 392 390 387 385 390 386 384 377 371 361 357 349 338 330 339 337 343 347 347 349 347 345 348 348 361 351 363 367 375 375 372 375 376 372 371 372 371 372 371 370 369 370 372 370 370 372 373 375 374 375 375 375 378 378 379 377 380 378 380 379 377
395 390 384 385 387 386 385 379 375 371 378 372 372 372 374 380 383 384 391 390 388 390 394 392 394 393 393 393 394 393 394 394 394 393 393 386 384 384 384 380 376 370 363 360 350 340 339 332 339 332 335 342 341 344 344 345 348 348 350 357 363 365 361 355 361 363 368 372 372 372 371 374 374 371 372 372 373 374 371 371 373 375 375 377 377 377 377 379 380 379 380 380 380 380
391 385 378 375 377 380 379 378 376 379 378 374 373 369 365 374 374 377 373 374 378 386 379 379 388 390 392 393 391 390 394 392 390 388 390 390 386 380 379 378 365 371 362 355 355 345 340 337 332 340 342 346 348 352 352 354 357 358 361 361 358 355 355 352 357 363 365 368 372 371 371 371 373 374 374 375 372 371 373 374 373 370 369 370 374 375 378 378 378 378 378 379 379 380
