test/HelianthusTinyTest/asciifiles/nabio_19.asc
ncols  170
nrows  166
xllcorner  -106.083333333333
yllcorner  39.5916666666667
cellsize 0.00833333333332943
NODATA_value  -9999
[rows 0 to 48 of 166, columns 0 to 95 of 170]
107 105 102 100 94 91 95 94 89 81 82 84 82 84 84 84 84 86 87 84 89 88 81 77 83 81 74 76 76 69 72 71 69 72 72 66 64 66 66 65 66 65 66 66 68 69 72 74 75 75 72 72 70 65 64 66 66 66 67 67 60 57 49 49 49 47 51 49 46 45 46 46 45 43 43 43 43 43 41 40 40 37 38 37 37 37 35 37 37 37 37 37 35 37 37 37
108 107 105 102 96 99 99 92 88 84 81 82 85 92 92 90 87 89 92 91 90 87 81 90 92 93 91 83 89 94 89 74 72 77 72 67 66 67 69 69 69 69 72 72 75 75 74 71 74 74 70 73 71 71 77 80 76 71 71 71 58 59 55 48 46 46 52 48 46 43 43 44 43 43 43 43 43 41 40 40 40 38 37 37 36 35 35 35 37 37 37 36 35 37 37 37
111 108 105 102 98 99 94 89 87 85 82 82 84 90 95 92 92 92 93 101 97 91 88 92 92 97 97 96 93 103 96 80 78 75 77 69 72 72 72 72 75 75 78 75 73 71 69 70 68 69 68 78 77 74 77 80 74 74 70 60 57 54 52 54 51 46 48 46 46 46 41 40 41 40 40 40 40 40 38 38 37 37 37 37 37 37 35 35 37 35 36 35 35 36 37 37
115 111 108 105 102 100 93 91 88 88 87 85 82 87 95 95 95 90 101 104 101 94 94 95 97 95 99 100 101 104 93 85 80 78 76 75 72 72 75 75 78 82 78 72 71 68 68 65 67 65 77 71 70 74 74 68 71 74 76 63 57 55 57 54 51 45 43 42 44 43 43 40 40 40 38 37 40 40 38 40 37 37 37 37 37 36 34 35 35 34 35 35 35 36 36 37
116 115 111 110 105 97 99 94 91 88 88 87 83 82 87 94 90 89 105 100 98 98 101 100 104 98 100 104 106 107 108 93 86 81 77 75 72 75 78 81 82 83 77 72 72 74 75 74 77 74 67 64 68 64 70 67 69 71 67 64 60 57 55 54 53 46 46 43 40 43 46 43 40 38 38 37 38 38 38 37 37 37 37 37 35 35 34 35 34 34 34 34 34 35 35 35
119 116 115 111 106 105 102 97 96 91 91 89 87 85 81 81 84 87 96 96 94 98 99 98 100 97 103 107 111 114 117 106 89 81 79 77 78 80 81 86 87 79 78 79 77 78 83 81 73 70 66 68 64 61 61 65 67 64 65 60 60 57 54 51 49 48 48 44 40 39 43 46 43 38 37 37 37 37 37 37 37 35 35 35 35 35 35 34 34 34 34 34 34 34 34 34
119 116 111 110 108 105 105 99 99 99 97 94 88 90 84 81 81 82 84 89 90 90 96 98 98 103 106 110 116 121 117 100 89 83 80 78 81 86 86 83 81 80 81 84 81 87 84 78 75 78 81 71 67 65 60 60 57 57 57 60 55 57 59 54 51 49 46 46 43 40 40 41 43 41 40 38 38 37 35 37 37 37 35 35 35 34 34 34 35 34 34 34 34 34 34 34
120 119 113 110 105 105 108 105 102 101 97 95 94 92 88 84 83 82 81 82 82 84 90 93 95 99 107 111 116 119 109 95 87 86 83 86 86 89 89 89 86 93 89 92 90 86 87 84 86 84 78 77 74 67 71 68 66 60 54 52 56 51 51 52 49 47 46 46 44 43 38 38 38 38 40 41 40 40 37 35 35 35 34 34 34 34 35 35 34 34 34 34 34 34 34 34
125 123 119 119 110 115 111 109 105 100 102 101 98 95 91 87 84 84 82 82 81 82 84 87 91 106 108 113 114 109 99 94 89 89 92 92 92 92 94 92 92 92 97 95 95 92 89 92 90 89 89 81 76 71 68 70 66 63 61 54 50 48 53 54 52 52 45 43 43 41 40 40 38 37 37 37 38 37 35 37 36 35 34 35 35 34 34 35 35 34 34 34 34 34 34 34
129 127 122 125 123 123 119 112 108 105 102 98 94 92 88 87 87 84 84 82 82 82 82 82 90 103 103 105 96 94 95 93 92 94 97 100 101 98 96 97 95 92 101 100 98 98 95 93 82 81 77 77 77 71 73 70 69 60 57 54 52 45 46 46 46 49 49 43 43 40 38 40 38 37 37 37 38 37 39 38 38 37 36 35 34 34 34 35 34 34 34 34 34 34 34 34
135 129 130 128 129 123 124 116 114 108 105 99 97 92 90 90 88 84 84 84 84 83 82 82 84 94 97 90 92 97 96 97 102 102 103 103 106 105 103 103 109 106 106 103 98 95 91 87 84 81 81 80 77 70 68 64 60 56 52 57 51 48 46 51 46 45 45 44 40 41 40 38 40 40 39 38 38 37 37 35 37 37 35 35 34 34 33 33 34 33 34 34 34 34 34 34
135 134 135 132 130 129 125 119 116 114 111 105 100 99 98 90 87 86 84 84 84 84 84 84 84 91 90 87 97 100 113 120 121 109 109 111 114 116 113 112 108 101 102 101 106 104 103 101 98 98 101 89 85 75 78 75 70 64 63 60 57 51 52 52 54 52 52 49 47 46 41 43 43 43 41 39 38 38 37 36 35 35 35 35 35 34 33 33 32 32 34 34 34 34 34 34
140 141 138 135 132 129 126 121 119 114 111 107 103 101 94 90 88 89 84 84 84 84 84 84 85 92 93 92 103 113 123 127 124 119 112 122 120 115 112 114 106 103 103 92 92 103 104 101 100 98 95 89 95 101 90 81 69 67 56 53 51 56 55 53 51 49 48 47 44 43 44 43 44 43 43 40 40 38 37 37 37 35 35 35 35 34 34 34 34 34 34 34 34 34 34 34
146 143 143 140 135 129 125 122 123 118 115 111 107 101 95 91 96 101 98 90 84 82 84 84 84 94 96 99 109 121 128 127 123 122 123 126 120 116 122 119 106 104 100 98 92 89 84 84 81 84 83 81 85 77 74 69 69 64 57 58 57 56 53 49 49 47 46 46 46 44 45 46 44 43 42 43 41 40 38 38 37 36 35 35 35 35 35 34 34 35 32 33 34 34 34 34
140 141 143 140 138 129 126 128 124 121 117 113 111 104 98 92 94 97 98 98 87 84 84 87 90 94 100 106 130 130 129 126 126 126 129 126 120 123 123 128 128 115 109 106 100 106 101 98 82 75 71 70 66 66 66 60 60 60 60 58 52 52 51 49 49 46 46 46 46 46 46 46 43 40 40 40 38 38 38 38 37 36 35 35 35 35 35 35 34 34 34 34 32 34 34 32
137 134 130 135 135 129 135 132 127 125 118 115 112 110 101 94 91 98 96 96 93 84 87 87 87 97 104 119 132 130 129 127 127 126 127 129 126 130 132 130 129 123 115 109 103 98 95 92 88 80 76 72 67 64 68 64 64 62 60 60 57 55 51 51 47 48 47 46 46 46 46 46 45 40 38 38 37 37 37 35 35 35 35 35 35 35 34 34 34 34 34 34 34 32 32 32
149 147 135 129 129 128 132 135 129 132 128 121 116 115 108 100 93 93 97 95 93 85 87 87 90 100 111 125 132 132 130 129 129 127 129 129 132 132 133 132 127 119 115 115 109 98 92 85 78 75 68 70 69 64 60 57 54 52 50 50 50 47 53 49 55 49 47 49 46 43 41 43 41 40 41 40 43 41 38 37 35 35 36 36 35 35 35 35 35 34 34 34 34 34 32 32
152 149 146 137 129 129 128 135 134 132 129 126 121 118 115 110 101 93 94 95 95 93 87 87 88 93 118 126 131 135 133 130 129 127 127 129 130 132 135 137 132 122 115 112 109 98 95 84 86 84 81 73 69 66 63 64 57 58 55 55 49 46 44 44 46 46 46 44 43 41 41 41 43 43 43 43 43 41 38 38 37 37 37 35 35 35 34 34 33 35 34 33 34 32 32 32
149 146 144 138 131 129 129 132 137 132 129 126 123 118 115 111 101 93 96 97 99 97 93 85 90 100 117 123 129 136 134 130 127 125 125 129 132 134 136 132 130 123 116 109 104 97 89 93 93 95 82 74 70 67 70 67 63 62 59 56 52 49 47 49 46 44 41 41 41 43 44 44 46 43 43 43 43 40 40 40 38 37 36 35 35 35 34 33 32 32 32 32 32 32 32 32
135 141 140 138 135 129 129 129 135 138 132 126 124 117 112 108 104 97 96 97 98 96 95 87 85 97 114 121 127 134 134 133 126 122 124 126 130 133 134 129 119 110 109 101 100 98 98 95 95 92 84 78 75 74 71 68 65 62 58 54 52 50 51 49 49 46 46 46 41 40 41 46 44 46 41 43 43 43 42 40 38 38 36 35 35 35 35 34 34 33 32 32 32 32 32 32
127 132 135 139 140 137 132 129 132 135 132 127 120 121 117 111 105 97 98 101 96 96 96 96 87 96 116 124 129 133 131 127 124 123 124 126 129 132 129 125 115 116 109 116 112 111 111 104 107 98 90 84 78 74 71 68 66 61 60 57 52 52 52 49 49 47 46 44 46 45 41 41 40 38 39 40 42 42 42 40 39 39 35 35 35 35 35 35 33 33 32 32 32 32 32 32
123 125 135 143 146 144 138 132 129 132 129 132 126 123 115 112 112 107 99 99 96 95 93 90 87 87 106 124 127 133 126 123 123 124 126 125 129 130 126 126 129 135 128 126 118 121 116 118 115 115 101 92 87 78 71 64 63 62 60 57 55 54 50 49 49 49 49 47 48 45 43 43 41 38 38 38 38 39 38 38 38 38 37 35 35 35 35 35 35 33 34 34 32 32 32 32
123 123 127 138 147 151 146 138 132 132 135 132 121 132 124 121 118 111 104 107 103 96 93 90 87 90 93 107 117 121 124 126 127 131 133 133 133 133 138 132 134 139 138 132 130 129 129 126 119 118 107 90 85 81 73 64 62 58 57 54 53 52 52 49 49 49 47 47 46 45 44 43 44 43 43 38 36 37 35 37 38 36 35 35 35 35 35 35 35 35 35 32 32 32 32 32
121 122 123 127 138 146 149 143 135 129 135 127 126 132 126 126 124 115 112 109 107 99 90 90 88 96 90 116 124 127 128 130 130 132 130 133 136 132 136 142 140 142 145 147 139 138 139 128 116 111 103 95 84 77 70 67 68 64 60 57 55 53 52 52 52 49 47 46 46 49 46 46 45 44 42 41 40 38 35 35 41 38 38 37 35 35 35 35 35 34 33 32 32 32 32 32
121 120 121 125 131 140 147 145 138 129 131 129 138 136 135 129 126 124 118 118 113 104 96 90 93 98 93 107 124 129 129 130 126 127 124 124 129 127 129 133 136 142 142 145 146 143 135 123 115 106 102 92 84 78 78 73 68 66 62 63 59 59 59 52 49 49 52 52 47 46 46 44 44 44 44 44 44 41 38 38 35 35 36 36 35 35 35 34 35 35 35 35 32 32 33 34
119 120 121 122 125 132 143 149 146 140 132 132 144 143 135 132 135 129 122 115 114 110 98 90 98 108 94 109 120 127 130 127 126 123 126 127 126 126 120 130 133 136 139 138 141 139 135 124 115 107 101 93 92 84 78 76 71 67 64 64 64 65 66 63 57 53 59 55 52 48 46 46 46 45 45 42 41 41 41 38 38 36 35 35 35 35 35 35 35 35 35 35 35 35 35 35
118 118 118 122 130 140 149 155 152 146 132 135 144 146 144 141 135 130 124 121 118 113 101 93 93 104 94 110 114 113 127 117 123 124 130 130 130 120 129 133 136 128 129 131 138 136 142 132 121 115 101 98 90 84 81 77 73 76 73 67 62 57 59 54 49 49 50 50 46 46 46 45 43 42 42 41 41 40 40 39 38 38 38 36 36 35 35 35 35 35 35 35 35 35 35 37
118 118 118 121 126 133 141 149 158 151 141 135 138 147 149 142 135 132 127 129 124 116 107 93 93 102 96 110 118 120 127 124 123 123 126 127 122 113 120 126 132 128 122 121 119 126 139 138 133 124 112 99 93 87 84 78 78 78 76 69 61 57 53 49 47 46 46 46 44 43 43 42 42 41 41 41 43 42 43 38 38 38 38 38 36 35 35 35 35 35 35 35 35 35 35 35
118 118 118 119 119 125 130 137 155 155 153 141 140 144 155 147 144 138 135 130 126 118 109 104 93 90 100 119 121 127 128 131 131 130 127 126 125 110 107 133 127 123 109 109 112 123 129 129 126 118 107 98 90 87 84 83 81 77 69 60 54 51 53 50 47 46 44 44 43 41 42 41 41 38 39 41 42 43 41 41 38 38 38 38 36 35 36 35 35 35 35 35 35 35 35 35
118 118 118 117 118 119 119 129 138 149 158 154 149 144 149 149 147 144 138 134 130 127 126 123 93 93 98 118 124 128 133 133 133 131 129 124 126 127 123 97 89 105 99 106 109 115 125 119 109 101 92 87 81 87 87 84 75 74 67 63 62 70 63 57 50 46 47 46 47 50 44 43 41 42 41 39 40 41 41 39 38 38 36 35 35 35 35 35 35 35 35 35 35 36 38 35
118 120 119 120 119 119 119 119 129 132 152 161 153 151 147 150 147 144 141 135 132 135 129 124 115 93 91 116 127 130 133 134 133 130 127 123 123 124 122 117 84 71 89 99 101 97 109 125 116 106 98 91 84 78 70 64 60 56 58 54 64 68 64 59 57 56 53 50 55 54 52 47 47 46 41 41 38 41 41 41 40 38 37 35 36 35 35 35 35 35 35 35 35 36 35 35
118 117 115 119 122 119 119 119 122 129 144 160 158 154 156 152 152 150 143 135 141 144 135 131 121 101 93 113 130 133 133 134 130 127 127 122 120 109 102 89 61 62 59 72 84 95 84 89 92 84 101 87 61 75 71 75 66 54 47 47 54 54 50 47 59 51 49 47 46 47 44 46 44 44 42 41 41 38 38 38 38 38 38 38 37 35 37 36 36 35 35 35 34 35 35 35
118 118 115 115 115 118 119 122 125 122 138 170 170 158 154 156 152 149 146 150 147 147 141 135 130 112 93 117 133 134 134 135 131 128 120 112 109 107 64 64 62 84 59 58 58 69 70 69 58 66 67 70 49 50 50 56 64 57 49 45 44 50 44 50 44 41 41 44 41 41 41 40 41 41 41 38 38 37 38 38 40 38 38 35 35 37 37 36 35 35 35 35 34 35 35 35
118 118 115 115 115 115 119 119 120 122 132 152 166 178 159 158 155 152 150 152 153 153 151 141 135 118 95 94 135 135 136 136 134 128 128 130 123 99 65 63 95 96 89 83 67 61 58 55 53 55 51 55 55 55 50 46 47 44 45 44 44 41 41 44 41 40 39 39 41 39 38 39 41 38 38 38 36 36 37 37 38 38 38 35 35 35 38 35 35 35 35 35 34 35 35 33
120 118 117 115 115 114 116 117 125 125 129 146 170 184 175 161 158 161 156 155 159 151 147 141 137 121 96 95 113 132 136 136 136 133 132 128 127 66 65 92 124 120 123 110 106 95 75 69 68 69 66 64 62 59 58 64 60 52 53 54 52 54 50 48 44 47 44 41 41 41 38 38 38 38 38 38 37 36 36 36 35 35 35 35 35 35 35 35 34 35 35 34 34 34 34 33
121 119 118 115 115 115 115 119 123 126 132 141 164 185 181 169 167 173 176 161 161 158 153 147 134 121 107 96 116 129 134 127 124 131 113 102 68 71 81 92 114 123 119 112 102 95 92 100 92 84 92 92 89 78 81 75 77 70 62 66 67 58 57 53 53 50 49 50 50 47 41 38 38 38 38 38 38 37 37 36 35 35 35 35 35 41 38 35 35 38 36 35 35 34 35 35
122 120 118 116 115 113 114 116 119 127 129 143 155 177 185 176 167 159 167 161 158 163 150 138 124 113 98 96 123 121 118 113 96 82 72 73 68 98 98 93 113 123 127 130 127 106 115 122 119 101 95 108 109 98 94 86 81 81 78 76 73 67 64 59 57 56 61 59 50 44 41 39 38 41 44 41 38 41 37 37 38 41 35 35 35 41 41 37 35 38 35 35 35 35 35 35
124 122 119 116 115 114 114 119 119 125 129 140 155 158 184 193 173 164 153 149 141 132 127 121 117 121 105 107 125 131 134 120 86 94 106 109 114 116 104 106 113 123 126 133 136 127 130 126 121 108 109 118 118 109 103 95 90 90 89 70 64 56 56 53 52 50 53 53 47 42 41 44 41 39 41 38 41 38 41 41 41 38 38 37 36 38 38 35 35 38 38 35 35 35 35 35
127 125 120 119 116 115 116 116 125 126 132 138 152 161 167 190 176 164 155 153 146 132 138 149 144 121 101 101 124 128 127 111 82 115 124 123 117 113 117 121 114 124 130 135 139 142 142 130 119 120 119 128 122 112 105 105 95 94 81 73 67 67 63 58 53 48 47 47 49 50 50 47 44 47 41 43 41 47 53 48 41 38 44 44 38 38 38 37 37 38 38 38 39 37 35 35
125 124 124 119 117 116 116 117 120 123 129 129 140 141 161 185 179 167 173 167 151 141 164 155 135 126 107 101 128 124 118 110 98 106 124 124 124 130 128 122 127 121 127 130 135 140 143 135 133 133 129 135 125 118 121 106 101 97 90 84 81 81 81 70 64 53 50 53 50 50 46 44 44 51 44 44 45 50 55 53 50 53 49 44 40 37 38 38 38 38 38 38 38 38 37 35
126 124 122 121 119 116 116 116 120 126 129 135 143 161 152 164 182 173 170 155 147 147 167 158 146 129 113 110 124 121 123 127 113 96 132 130 127 133 136 130 123 130 129 133 139 147 152 154 153 146 132 121 121 111 103 95 92 94 104 102 92 78 73 70 64 58 55 53 59 52 45 47 56 56 50 50 50 53 53 59 62 54 50 44 41 37 38 41 47 41 39 40 39 39 37 37
124 121 121 119 121 119 119 115 117 123 127 132 135 161 164 166 170 167 161 152 158 176 185 167 155 137 116 107 121 121 124 118 101 99 118 130 134 137 137 137 131 138 134 134 139 147 154 160 159 152 150 139 135 118 112 97 97 88 84 95 92 84 73 73 61 56 53 52 50 54 65 58 59 61 59 56 61 64 61 61 53 50 44 41 44 39 38 40 44 47 41 41 41 40 38 37
122 121 121 121 121 119 119 117 119 120 123 126 134 152 172 173 194 175 167 170 170 157 180 173 158 144 115 117 118 120 118 103 114 108 113 138 140 141 146 144 139 139 139 142 145 150 156 159 165 165 162 151 142 142 119 116 109 101 98 81 75 75 64 67 61 55 51 48 59 67 67 64 72 73 70 73 90 90 76 68 67 56 47 43 41 41 38 38 43 47 47 41 40 40 41 38
121 121 120 121 121 122 119 119 119 118 120 123 129 143 167 170 188 190 181 196 171 158 161 169 161 145 128 118 118 115 107 101 113 114 101 133 135 139 147 149 146 143 141 146 153 159 165 161 160 162 171 160 154 148 142 134 129 122 107 100 92 87 75 66 61 61 53 55 61 72 86 96 100 98 90 96 104 100 81 63 58 62 51 43 41 41 41 38 40 47 50 47 40 38 38 38
121 121 119 121 121 120 120 120 119 119 119 122 126 137 149 161 178 177 201 190 173 158 152 147 149 139 134 115 113 111 118 123 124 123 108 123 136 140 150 153 159 159 153 153 159 162 165 144 150 147 150 150 148 136 128 119 112 116 114 111 104 87 75 67 61 56 59 63 73 67 76 90 105 117 105 108 113 96 77 68 57 53 50 47 46 42 40 38 37 37 43 44 44 40 38 37
121 121 120 119 119 118 119 119 120 120 123 123 128 132 141 155 164 170 189 190 176 166 161 157 155 141 127 119 118 113 110 115 120 114 118 133 137 142 147 151 156 159 162 164 157 150 147 145 141 133 139 138 148 145 131 121 102 101 95 92 87 81 81 67 63 60 70 64 67 74 75 87 98 94 93 78 81 76 62 56 56 50 43 46 44 41 40 38 37 36 42 43 43 40 38 37
122 121 120 121 123 120 120 123 123 123 123 126 129 133 140 146 152 167 184 179 170 164 155 155 155 143 135 123 120 121 118 128 130 118 135 133 136 150 159 170 165 165 168 169 163 158 150 143 129 123 116 106 125 120 114 116 109 106 94 89 86 76 75 67 61 71 81 94 78 81 80 73 70 61 75 69 66 64 56 47 44 47 44 41 44 42 40 38 37 36 38 43 42 41 40 37
123 121 120 123 128 123 121 125 131 129 126 126 129 134 138 143 155 163 178 189 170 169 161 152 145 136 132 126 127 134 128 131 131 118 137 146 144 147 156 162 166 170 178 181 175 168 162 143 136 140 130 133 106 106 106 105 95 92 92 88 81 75 68 73 65 68 73 87 93 83 73 66 63 58 55 58 56 55 48 42 41 40 39 39 38 38 38 37 37 36 36 38 40 41 38 40
124 124 120 120 119 119 120 123 129 134 126 126 123 126 129 136 146 161 172 181 183 169 161 149 144 135 132 134 132 130 132 141 138 132 118 133 134 144 150 156 166 172 172 169 171 162 153 151 154 148 142 133 136 130 116 109 104 103 94 89 89 75 81 72 72 85 84 102 101 91 80 74 68 63 63 57 53 48 45 45 50 44 40 44 41 39 37 37 37 36 36 36 36 37 37 40
