test/HelianthusTinyTest/asciifiles/nabio_2.asc
ncols  170
nrows  166
xllcorner  -106.083333333333
yllcorner  39.5916666666667
cellsize 0.00833333333332943
NODATA_value  -9999
[rows 0 to 41 of 166, columns 0 to 93 of 170]
153 154 155 155 157 157 155 155 156 158 158 157 157 156 156 155 155 154 153 154 151 151 153 154 152 152 154 153 153 154 153 153 153 152 151 153 153 153 152 152 151 151 151 150 149 149 148 147 146 146 146 146 146 148 148 147 147 146 146 146 147 148 150 149 149 149 148 148 150 149 149 149 149 149 149 149 148 149 149 149 149 150 149 150 150 150 151 150 149 148 148 149 149 149
154 154 154 155 156 155 155 156 157 158 158 158 157 154 153 154 154 153 152 151 152 152 153 151 149 149 149 151 149 146 148 152 152 151 152 153 153 152 151 151 150 150 149 149 148 148 147 148 147 147 147 146 146 146 145 143 145 145 145 144 147 147 148 150 150 150 148 148 150 150 150 149 149 149 149 149 149 149 149 149 149 149 150 150 151 151 151 150 149 149 149 149 149 149
152 154 155 156 156 155 157 158 158 158 158 158 157 155 153 153 153 153 152 148 150 151 151 150 150 148 147 147 148 144 146 151 151 151 151 152 151 151 151 150 149 149 148 148 148 148 149 148 149 148 148 145 145 146 145 144 145 145 145 147 148 149 149 148 149 150 149 150 149 149 151 151 150 150 150 150 150 149 150 150 150 150 150 150 150 150 151 150 150 150 150 150 150 149
151 153 154 155 155 155 157 158 158 158 158 158 158 156 153 153 152 154 149 148 148 150 150 149 148 148 147 146 145 144 147 150 150 151 151 151 152 151 150 150 149 147 148 149 149 150 149 150 149 149 146 147 147 146 145 147 146 145 144 147 148 148 148 148 149 151 151 151 150 150 150 151 152 150 151 152 150 150 150 150 150 151 151 151 151 150 151 150 151 151 150 150 150 149
151 151 152 153 154 157 156 158 158 158 157 158 158 158 157 154 154 155 147 150 150 149 148 147 146 148 147 145 144 143 143 147 150 150 151 151 152 150 149 148 148 147 149 150 149 148 148 148 147 147 149 149 148 148 147 147 146 146 146 147 147 148 148 148 148 150 150 151 152 151 149 150 151 152 152 152 151 151 151 151 150 151 151 150 151 151 152 151 152 151 150 150 150 150
149 151 151 152 155 155 156 157 157 157 157 158 158 158 158 158 157 155 152 151 152 150 149 149 148 148 146 144 142 140 139 143 149 151 151 151 151 150 149 147 146 148 148 148 148 148 146 146 148 148 149 148 149 149 149 148 147 147 147 148 148 148 149 149 149 150 149 151 152 152 150 149 149 152 152 152 152 152 151 151 151 152 152 151 151 151 151 152 151 151 151 151 150 150
150 151 154 155 154 155 155 157 156 156 156 156 157 157 158 158 158 157 156 154 153 153 151 149 149 147 145 143 140 139 139 145 149 150 151 151 150 148 148 148 148 148 148 147 147 145 146 147 148 147 146 148 148 148 150 149 149 149 149 148 149 148 148 149 149 150 150 150 151 152 152 151 150 150 151 151 151 152 153 152 151 151 152 151 151 152 152 152 151 151 151 151 151 150
149 150 153 155 156 156 155 155 155 155 156 156 156 156 157 158 158 158 157 157 156 155 153 152 150 148 145 143 141 140 143 148 150 150 150 149 149 148 147 147 148 145 146 145 145 146 145 146 145 145 147 147 147 148 147 148 148 149 150 150 149 150 150 149 150 150 150 150 150 151 152 153 152 152 151 150 150 150 151 153 153 152 153 153 153 152 151 151 151 151 151 151 151 151
146 147 150 149 155 151 153 153 155 156 155 155 155 156 157 157 158 158 157 157 157 156 156 154 152 146 145 143 142 144 147 148 150 149 148 148 147 147 146 146 146 146 144 144 144 144 145 144 144 144 144 146 147 148 148 147 148 148 148 150 151 151 149 149 149 148 151 151 151 152 152 152 153 153 153 153 152 152 153 151 152 153 153 152 152 153 152 152 151 152 152 151 151 151
144 145 148 146 146 146 148 152 154 154 155 156 157 157 158 158 157 158 157 157 157 156 156 156 153 148 148 146 149 149 149 149 149 148 146 145 144 145 146 145 145 145 143 143 144 143 144 144 147 147 147 147 147 148 147 148 148 149 150 150 150 152 152 151 151 150 150 151 151 152 152 152 153 153 153 153 152 152 151 151 151 151 152 152 153 154 152 152 152 151 152 152 151 151
141 144 143 145 144 146 146 150 151 153 155 156 157 157 158 158 157 158 158 157 157 157 156 155 155 151 150 152 151 148 149 148 146 146 145 144 143 143 144 143 142 142 141 142 143 144 145 146 146 147 147 147 147 148 148 149 150 150 151 149 151 151 152 150 151 151 151 151 153 152 152 153 152 151 152 152 151 152 152 152 152 151 152 153 153 154 154 154 153 153 152 152 152 152
141 142 141 142 143 144 146 148 150 151 152 154 156 156 155 157 158 158 158 157 157 156 156 156 155 153 152 153 149 148 143 140 139 143 143 142 141 140 140 141 142 143 143 143 142 142 142 142 143 142 141 144 145 148 146 147 148 149 149 149 149 150 150 150 149 149 149 150 150 150 151 151 150 150 150 152 151 152 152 152 153 153 153 153 153 153 154 154 154 154 153 152 152 152
139 138 140 141 142 143 145 148 149 151 153 154 155 155 157 158 158 157 158 158 158 157 156 156 155 153 152 152 148 143 140 137 138 140 142 139 139 140 141 140 142 143 143 146 145 142 142 142 142 142 143 145 142 141 144 145 148 148 150 151 151 149 149 149 150 150 150 150 151 151 150 150 150 150 150 151 151 151 152 152 152 152 153 153 153 153 153 153 153 153 152 152 151 152
136 137 137 139 141 144 147 148 147 149 151 153 154 156 157 158 156 153 154 157 158 158 157 156 156 152 151 150 146 141 138 138 139 139 138 137 139 140 138 139 143 143 144 145 146 147 148 148 148 147 147 147 145 147 147 148 149 149 150 150 150 150 150 151 150 151 151 151 150 150 150 150 150 150 151 150 150 150 151 151 152 152 152 153 153 153 153 152 152 152 154 153 153 152
140 138 137 139 140 144 146 145 147 149 150 152 152 155 157 158 157 156 155 154 157 157 157 156 155 152 150 148 138 138 137 138 139 138 136 138 139 138 138 135 135 140 141 142 144 141 143 144 148 149 149 150 150 150 150 150 150 150 149 150 151 151 151 151 151 151 151 151 151 150 150 149 151 151 151 151 152 152 152 151 151 152 153 154 153 153 153 153 152 153 152 152 153 152
142 143 145 142 142 146 141 142 145 146 150 150 152 153 156 158 158 156 156 155 156 157 157 156 155 152 149 143 137 138 138 138 138 138 137 137 138 135 135 135 135 138 140 142 143 145 145 145 146 148 149 149 150 150 149 150 149 150 150 149 150 150 151 151 151 151 150 150 150 150 150 149 150 152 152 153 153 153 153 153 153 154 152 152 153 153 154 154 153 153 153 152 152 153
135 136 143 146 146 146 143 142 144 143 144 148 150 151 154 157 158 157 156 156 156 158 157 156 156 151 146 141 137 137 138 138 138 138 137 137 135 135 135 135 136 139 140 140 141 145 146 148 149 150 150 150 150 150 151 151 152 152 152 152 151 153 150 151 150 150 150 150 151 151 152 151 151 152 151 151 149 150 151 152 153 153 152 152 152 152 153 153 153 153 152 152 152 153
133 135 137 142 146 146 146 141 142 143 144 146 148 149 151 152 155 158 157 156 156 156 157 157 156 154 144 141 138 136 137 138 138 138 138 137 136 135 134 133 135 138 140 142 142 145 146 148 147 147 148 150 150 151 151 150 151 151 151 151 152 153 153 153 152 152 151 151 152 152 152 152 151 151 150 150 150 150 151 151 152 152 152 153 154 154 155 154 155 153 152 153 153 153
136 137 138 142 146 146 147 144 141 143 145 146 148 150 151 152 156 158 157 156 155 155 156 157 156 152 145 142 139 136 137 138 139 140 139 138 136 135 134 135 135 138 140 142 144 146 148 146 146 145 148 149 150 150 150 150 150 150 150 151 151 152 152 151 152 152 153 153 153 152 151 151 150 150 150 150 150 150 151 151 151 152 152 152 153 155 154 155 155 155 154 154 153 155
144 141 141 142 144 146 146 146 142 141 142 146 147 151 153 154 155 158 157 156 155 156 156 157 157 153 147 143 140 137 137 137 140 141 140 139 137 135 135 136 140 143 143 145 145 145 145 145 146 146 148 149 149 149 149 150 150 150 151 151 152 151 151 151 151 151 151 151 153 153 152 150 150 150 151 150 150 150 150 150 151 152 152 152 152 153 154 155 154 154 155 155 155 156
151 147 144 142 141 143 145 147 145 143 144 146 150 149 151 153 155 158 157 155 157 156 155 155 157 154 146 142 140 138 139 140 141 141 140 139 138 137 137 139 142 141 144 141 142 142 142 143 142 145 147 148 149 149 150 150 150 150 151 151 151 151 151 151 151 151 151 151 151 151 152 152 153 154 152 151 151 150 150 150 151 151 152 153 153 153 154 154 154 155 155 154 155 155
158 153 145 139 138 139 142 145 147 144 145 144 147 148 152 153 152 154 157 156 156 157 156 157 157 157 150 143 141 138 141 142 142 141 140 140 138 137 138 138 137 134 137 138 140 139 140 139 140 140 144 146 147 149 150 151 151 151 150 151 151 151 151 151 151 151 150 151 150 151 151 152 152 153 153 153 153 152 152 152 151 151 152 152 153 154 154 154 154 154 154 154 155 156
159 156 151 142 137 136 138 141 145 145 143 145 150 143 147 149 150 153 155 154 155 157 157 157 157 157 155 150 146 143 142 141 140 138 137 137 137 136 134 136 135 133 134 136 136 136 136 137 139 139 142 147 148 148 150 151 151 151 152 151 152 151 151 151 151 151 151 151 151 151 152 151 151 151 151 153 154 153 154 153 152 152 152 153 154 154 154 154 155 154 154 156 156 156
160 159 156 151 143 138 136 139 144 147 143 147 147 144 147 146 147 151 152 153 153 156 158 158 158 155 156 147 143 141 141 140 140 138 139 137 136 137 135 133 133 132 131 130 132 133 132 136 140 141 144 146 148 149 150 151 150 150 151 151 151 151 151 151 150 151 151 152 151 150 151 151 151 151 151 151 151 152 154 154 150 152 151 152 153 153 154 154 154 155 155 155 155 155
161 161 158 154 148 142 138 139 143 147 146 146 141 142 143 145 147 148 149 149 151 154 157 158 157 154 155 151 144 141 141 140 141 140 142 141 139 140 139 136 135 133 132 131 130 131 134 138 141 143 144 147 149 150 149 150 150 150 151 151 151 151 150 151 151 151 151 150 151 151 151 151 151 151 151 150 150 151 152 152 155 154 153 152 153 153 154 155 155 154 154 154 154 155
162 161 159 157 153 147 140 136 138 141 145 145 138 139 143 143 142 145 148 151 151 152 157 158 155 151 155 150 145 142 140 142 142 142 141 140 140 141 142 138 136 135 133 134 132 133 134 138 141 143 145 147 147 148 149 149 150 150 151 150 150 150 150 150 150 151 150 150 150 151 151 150 151 151 150 151 151 151 151 152 152 153 153 155 154 155 154 154 154 154 154 153 153 153
163 162 161 157 150 143 137 134 135 138 145 144 139 137 138 140 143 145 147 148 149 151 155 158 157 153 156 150 148 148 142 145 143 142 140 140 139 143 139 137 135 139 138 137 134 134 132 135 139 141 145 145 148 148 149 149 150 149 149 150 151 151 151 151 152 152 151 151 151 151 151 151 152 152 151 151 151 151 151 151 151 151 152 152 152 152 153 153 153 154 153 153 153 152
163 163 162 159 153 147 142 137 133 136 141 144 143 137 136 140 142 144 146 145 148 150 154 158 158 154 156 151 147 145 143 143 143 143 142 141 142 146 142 140 138 139 141 141 141 139 133 134 135 138 142 146 147 148 149 149 149 149 149 150 151 151 152 152 152 153 153 152 153 152 152 152 152 152 152 152 151 151 150 151 152 151 151 151 152 153 152 152 153 153 153 153 153 152
163 163 162 160 159 154 150 145 134 134 135 141 142 140 134 137 139 141 142 145 146 149 153 155 158 158 155 147 146 143 142 141 140 141 141 142 142 147 148 138 140 141 146 145 144 140 138 137 138 140 144 146 148 148 149 149 149 149 150 151 152 153 152 153 153 153 153 153 153 153 152 153 153 153 153 152 151 151 151 151 151 152 152 152 152 152 152 152 153 153 154 154 153 152
163 163 162 162 160 159 157 150 144 138 134 135 137 139 137 137 138 139 141 143 145 146 146 147 158 158 155 148 145 143 141 140 140 140 141 143 142 141 142 151 152 148 149 147 146 143 140 141 144 146 148 149 150 148 148 149 150 150 151 151 151 149 150 151 152 153 152 152 152 151 152 152 153 152 152 152 152 152 151 152 152 152 153 153 153 152 153 153 153 153 153 154 154 151
164 162 162 160 160 159 158 157 150 148 136 131 135 136 138 136 137 139 140 143 144 143 145 147 151 158 158 149 144 143 141 140 140 142 142 144 143 142 143 145 154 156 152 149 148 149 145 139 142 145 147 148 150 151 152 152 153 153 153 153 151 150 151 151 151 151 151 151 150 150 151 151 151 151 152 152 153 152 151 151 151 152 152 153 152 153 152 153 152 152 153 154 154 151
164 164 163 161 158 159 159 157 155 150 141 133 133 135 134 136 136 136 140 144 141 139 142 144 148 156 157 150 143 142 141 140 142 143 143 144 145 149 150 153 158 158 158 155 153 150 152 150 149 151 147 150 154 151 152 151 152 154 155 154 153 152 153 154 151 152 152 153 152 152 152 151 152 151 152 152 152 153 153 152 152 152 152 152 152 152 152 152 151 153 152 153 155 152
164 164 163 163 162 161 159 156 154 155 144 128 127 134 135 134 136 137 139 136 137 137 140 143 145 152 158 149 142 142 141 140 142 143 146 148 149 149 159 158 158 154 158 158 158 155 155 155 156 154 154 153 157 156 156 154 153 153 155 156 155 153 154 153 154 155 154 153 153 154 153 154 152 152 152 153 154 154 154 153 151 152 152 153 153 152 151 152 153 153 152 153 155 152
164 163 163 163 162 162 159 159 157 156 148 137 130 124 133 133 135 136 137 136 135 134 135 140 143 150 157 157 141 141 141 140 141 143 143 142 144 152 159 158 152 151 153 154 156 157 157 157 157 157 157 156 155 155 156 157 156 156 156 156 155 156 156 154 156 156 156 156 154 155 155 154 153 154 153 155 156 156 154 153 153 152 152 154 157 157 151 153 155 156 156 155 157 154
163 164 163 163 163 163 161 159 154 153 150 140 128 122 126 132 134 131 134 134 132 136 138 141 142 149 157 157 151 143 141 140 140 141 141 143 143 159 159 153 143 144 143 147 148 151 154 155 155 154 155 154 154 154 154 153 153 154 154 154 154 153 153 153 154 153 154 154 154 154 155 155 154 155 154 154 155 155 156 154 155 155 155 157 156 156 156 157 157 154 153 158 156 157
163 163 163 164 163 163 162 159 156 153 149 144 132 122 123 129 129 127 124 132 131 132 135 138 144 149 154 157 150 145 142 144 146 142 149 153 159 158 156 153 147 143 144 147 149 151 151 149 150 152 150 149 150 152 151 151 151 152 153 152 151 152 152 153 153 152 153 152 152 152 153 154 154 156 154 154 154 155 154 154 156 157 154 156 154 150 152 154 155 150 151 153 154 156
163 163 163 163 163 163 162 160 159 153 152 143 136 125 121 126 130 133 129 132 133 131 137 143 149 153 157 157 148 148 149 151 156 158 159 159 159 153 153 153 148 144 142 141 141 148 145 142 143 148 149 146 145 148 148 150 151 150 151 151 151 151 151 152 152 152 151 151 152 153 153 154 154 152 152 152 153 152 154 154 153 151 155 154 154 150 150 152 154 151 152 152 154 154
161 162 162 163 163 163 162 159 158 155 152 145 137 134 122 118 127 132 136 138 142 146 149 150 152 150 156 155 147 144 143 149 158 155 152 151 149 148 151 151 148 144 142 140 138 141 140 141 142 147 146 143 143 145 146 148 149 148 149 151 152 153 153 153 153 153 152 152 153 153 153 152 153 153 153 153 152 153 152 151 151 152 153 152 153 151 151 153 153 151 151 153 154 153
159 159 162 162 163 163 161 161 155 154 151 146 139 133 130 119 126 131 135 136 140 146 144 138 140 150 157 157 148 146 146 152 159 150 146 146 148 149 147 146 148 144 141 139 137 135 135 140 144 143 143 140 141 144 146 146 148 148 151 152 152 152 152 152 153 153 153 153 152 152 152 152 152 151 153 152 152 151 150 150 151 152 150 150 152 152 152 152 152 151 150 150 150 151
160 160 160 162 162 163 162 160 158 156 152 151 145 145 133 122 124 131 128 130 138 143 130 135 144 148 156 157 147 148 150 153 156 154 146 146 146 143 143 145 143 145 142 141 139 136 135 138 138 138 139 137 141 143 141 146 147 148 149 150 150 150 149 151 152 153 153 152 152 152 152 152 152 151 152 151 151 150 150 150 150 149 149 150 151 152 152 151 151 151 151 150 150 151
159 161 161 161 161 162 162 162 158 155 153 148 144 135 139 132 123 127 129 136 140 140 129 134 140 148 154 154 149 149 149 146 152 156 144 144 145 142 141 142 145 142 142 140 137 134 131 131 131 133 139 143 142 145 147 149 149 149 145 146 148 151 151 151 152 152 152 152 151 152 153 152 151 151 151 151 150 150 150 149 148 149 150 150 151 152 152 150 149 150 150 150 150 150
161 162 162 162 161 161 161 162 160 157 154 151 148 135 133 131 130 131 133 138 134 125 121 130 135 144 153 156 150 150 148 150 156 156 150 144 142 141 140 140 142 139 140 140 138 134 131 128 128 131 132 136 137 143 145 149 148 150 151 148 148 150 151 151 152 153 152 152 152 152 150 151 150 150 150 150 149 149 149 149 149 150 150 151 150 151 152 151 149 149 150 150 149 150
