test/HelianthusTinyTest/asciifiles/nabio_4.asc
ncols  170
nrows  166
xllcorner  -106.083333333333
yllcorner  39.5916666666667
cellsize 0.00833333333332943
NODATA_value  -9999
[rows 76 to 113 of 166, columns 0 to 83 of 170]
7940 7940 7908 7930 7925 7868 7883 7864 7780 7818 7822 7760 7641 7539 7487 7478 7487 7556 7606 7613 7607 7697 7643 7624 7699 7833 7928 7926 7715 7600 7606 7610 7582 7512 7472 7435 7439 7470 7430 7434 7444 7448 7445 7425 7417 7416 7389 7377 7458 7404 7392 7373 7367 7415 7505 7467 7489 7517 7486 7468 7425 7404 7387 7395 7355 7379 7335 7313 7298 7235 7259 7301 7288 7286 7276 7253 7238 7216 7163 7263 7255 7209 7214 7225
8007 7927 7883 7897 7964 7896 7930 7933 8005 7965 7897 7813 7704 7599 7530 7521 7519 7486 7536 7548 7595 7621 7653 7790 7800 7932 7961 7949 7815 7747 7588 7601 7554 7554 7489 7481 7452 7445 7445 7412 7437 7434 7449 7437 7437 7424 7407 7391 7372 7376 7365 7384 7375 7378 7404 7389 7469 7451 7486 7455 7457 7410 7396 7399 7367 7363 7354 7308 7295 7296 7259 7308 7320 7269 7277 7257 7241 7232 7207 7210 7239 7192 7196 7195
7981 8002 8003 7806 7946 8061 7977 7824 7766 7807 7897 7887 7761 7676 7586 7599 7526 7475 7501 7548 7529 7551 7573 7632 7745 7816 7971 7950 7893 7718 7652 7582 7597 7631 7569 7602 7567 7482 7458 7457 7458 7417 7466 7445 7440 7436 7428 7355 7379 7373 7375 7351 7354 7381 7416 7505 7462 7479 7476 7428 7476 7427 7386 7413 7377 7323 7357 7324 7321 7331 7315 7298 7302 7250 7272 7267 7251 7246 7214 7188 7210 7180 7196 7214
7968 8062 8039 8131 8008 7985 7891 7851 7646 7678 7811 7793 7818 7802 7709 7640 7586 7527 7526 7513 7503 7534 7554 7608 7654 7804 7990 7978 7963 7804 7707 7649 7675 7558 7480 7454 7459 7435 7421 7450 7457 7429 7459 7448 7443 7436 7458 7439 7404 7400 7338 7359 7406 7442 7468 7449 7444 7433 7422 7447 7375 7312 7350 7344 7368 7343 7390 7344 7294 7275 7303 7282 7289 7226 7215 7271 7275 7258 7243 7231 7193 7251 7226 7214
7981 8057 8095 8030 8002 7874 7883 7751 7704 7692 7743 7749 7789 7751 7760 7727 7627 7524 7516 7534 7513 7550 7616 7657 7710 7754 7933 7948 7968 7809 7601 7555 7649 7517 7454 7452 7447 7434 7427 7460 7466 7434 7449 7418 7448 7462 7463 7431 7469 7408 7368 7368 7379 7470 7399 7355 7342 7323 7341 7304 7308 7290 7256 7326 7363 7322 7277 7215 7226 7229 7289 7312 7224 7252 7238 7278 7268 7237 7243 7222 7229 7214 7211 7299
7936 8052 8073 7994 7950 7912 7871 7747 7649 7621 7629 7637 7658 7722 7726 7651 7572 7520 7525 7571 7582 7642 7695 7648 7695 7853 7990 7968 7942 7811 7610 7540 7633 7523 7475 7468 7473 7452 7445 7470 7445 7446 7442 7396 7422 7439 7452 7479 7409 7435 7373 7328 7351 7386 7340 7328 7311 7326 7315 7329 7279 7256 7257 7277 7336 7301 7233 7285 7226 7196 7278 7247 7228 7271 7275 7276 7265 7262 7226 7215 7227 7222 7199 7252
8128 7911 7894 7994 7946 7846 7829 7747 7684 7586 7576 7597 7633 7628 7668 7618 7544 7535 7543 7542 7570 7628 7655 7799 7730 7827 7896 7979 7975 7884 7735 7577 7635 7542 7475 7475 7492 7493 7553 7593 7557 7586 7581 7416 7470 7408 7454 7433 7474 7411 7406 7418 7425 7344 7354 7333 7349 7377 7409 7375 7289 7289 7265 7335 7346 7308 7218 7282 7277 7214 7312 7294 7282 7298 7264 7266 7265 7247 7254 7240 7210 7210 7214 7213
8091 8082 7894 7904 7848 7823 7736 7714 7627 7560 7545 7553 7528 7574 7606 7567 7536 7537 7531 7557 7597 7643 7706 7728 7831 7923 8051 8028 7996 7982 7857 7759 7729 7525 7506 7477 7439 7614 7732 7515 7445 7421 7474 7463 7431 7443 7473 7439 7450 7413 7419 7426 7394 7338 7412 7411 7397 7432 7429 7395 7309 7283 7298 7356 7377 7335 7271 7233 7298 7225 7278 7304 7288 7284 7258 7248 7268 7200 7242 7240 7217 7238 7244 7333
8030 8125 8061 8004 7957 7815 7689 7636 7582 7559 7523 7558 7539 7586 7621 7613 7659 7605 7564 7619 7684 7716 7705 7786 7837 7980 8058 8046 8008 8024 7929 7857 7755 7622 7548 7547 7657 7752 7599 7436 7428 7445 7431 7407 7455 7430 7448 7422 7432 7449 7437 7473 7431 7337 7426 7415 7384 7437 7391 7336 7349 7266 7279 7356 7377 7344 7316 7256 7224 7224 7231 7274 7286 7263 7260 7267 7241 7249 7201 7243 7232 7216 7346 7236
8206 8082 7998 7927 7875 7849 7702 7604 7538 7552 7571 7557 7581 7602 7658 7684 7681 7647 7579 7576 7644 7752 7878 7884 7964 8081 8078 8049 8022 7993 7963 7925 7923 7744 7855 7926 7923 7567 7468 7424 7471 7492 7455 7426 7407 7437 7409 7451 7431 7424 7317 7398 7454 7398 7441 7350 7378 7456 7405 7366 7299 7273 7236 7304 7374 7355 7399 7326 7252 7203 7236 7204 7300 7270 7268 7268 7266 7256 7256 7234 7225 7253 7192 7194
8219 8106 8062 8068 7917 7790 7745 7622 7564 7580 7587 7624 7639 7657 7691 7706 7663 7693 7655 7591 7596 7661 7903 7924 8019 8051 8077 8044 8046 8045 8080 8088 8055 8008 7994 7684 7525 7451 7461 7453 7464 7489 7512 7434 7397 7439 7407 7362 7389 7409 7439 7447 7453 7475 7460 7306 7252 7449 7432 7430 7390 7287 7300 7328 7342 7352 7400 7358 7335 7291 7286 7293 7307 7279 7266 7223 7236 7229 7237 7220 7229 7247 7238 7238
8198 8321 7947 7906 7937 7781 7700 7657 7622 7602 7623 7654 7672 7673 7715 7746 7634 7668 7739 7727 7624 7659 7764 7855 7997 8114 8080 8072 8089 8164 8119 8130 8103 8084 7761 7618 7513 7502 7445 7449 7464 7431 7478 7467 7488 7424 7402 7375 7475 7477 7500 7465 7459 7371 7415 7449 7434 7299 7413 7426 7312 7262 7322 7345 7357 7392 7358 7362 7340 7348 7339 7283 7316 7281 7298 7271 7289 7247 7257 7212 7245 7245 7241 7226
8049 8229 8182 7935 7904 7834 7751 7699 7624 7629 7716 7747 7756 7793 7705 7818 7735 7738 7819 7911 7803 7731 7765 7745 8183 8156 8115 8056 8198 8175 8161 7892 8103 8059 7993 7899 7926 7750 7493 7418 7456 7420 7434 7454 7478 7485 7438 7450 7442 7329 7302 7443 7443 7424 7439 7385 7422 7419 7473 7444 7381 7271 7223 7327 7354 7375 7375 7362 7346 7366 7344 7314 7304 7292 7290 7264 7264 7248 7240 7218 7277 7296 7383 7336
7961 8206 8274 8169 7908 7938 7779 7711 7734 7733 7809 7851 7824 7916 7945 7933 7862 7884 7997 7997 8096 7998 7943 7917 8045 8187 8156 8155 8191 8182 7822 7724 7618 7669 7926 7924 7656 7870 7856 7553 7515 7459 7470 7408 7399 7437 7453 7429 7464 7456 7457 7406 7418 7404 7453 7404 7374 7292 7310 7366 7351 7235 7228 7300 7331 7388 7383 7345 7373 7326 7343 7317 7318 7333 7302 7258 7286 7244 7241 7229 7387 7419 7510 7495
8061 8136 8131 8327 8072 7978 7766 7838 7841 7769 7881 7981 7876 7892 8050 8044 7877 8027 8090 8129 8171 8172 8005 8086 8090 8193 8179 8222 8223 8184 8020 7849 7759 7543 7510 7487 7544 7497 7441 7498 7533 7436 7504 7470 7464 7410 7424 7360 7380 7473 7478 7445 7353 7349 7330 7384 7397 7321 7290 7267 7247 7254 7246 7335 7419 7395 7389 7380 7353 7343 7323 7328 7276 7281 7316 7303 7273 7270 7250 7270 7390 7350 7550 7645
8037 7946 8080 8333 8101 8159 7975 8094 7839 7814 8106 8108 7794 7980 8174 8176 7841 8009 8247 8232 8138 8188 8201 8131 8170 8177 8164 8206 8201 8149 8119 7948 7716 7601 7501 7481 7458 7474 7462 7423 7499 7442 7484 7460 7481 7511 7486 7469 7439 7486 7411 7427 7403 7317 7290 7285 7317 7297 7280 7244 7278 7311 7446 7429 7414 7395 7407 7369 7387 7349 7341 7320 7321 7322 7276 7317 7261 7356 7318 7276 7432 7310 7475 7633
7921 8018 8154 8013 8334 8270 8229 7989 7881 8049 8209 8009 8049 8133 8252 8204 7954 8124 8256 8291 8308 8226 8286 8240 8279 8179 8213 8157 8226 8227 8111 7938 7868 7742 7559 7455 7466 7461 7466 7499 7439 7418 7432 7427 7480 7501 7512 7498 7499 7434 7463 7478 7430 7327 7304 7286 7329 7325 7330 7328 7434 7419 7378 7411 7396 7378 7402 7380 7398 7378 7344 7328 7312 7310 7326 7306 7254 7302 7278 7344 7439 7526 7424 7338
7917 8050 7958 7896 7886 8134 8260 8060 7978 8230 8059 7939 8227 8297 8257 8220 7982 8020 8290 8297 8319 8344 8312 8233 8325 8255 8260 8095 8006 8054 8188 8034 7900 7773 7693 7703 7531 7448 7468 7499 7474 7433 7431 7407 7385 7436 7446 7497 7521 7480 7526 7466 7388 7332 7284 7277 7286 7256 7350 7361 7418 7203 7223 7290 7324 7377 7395 7398 7360 7359 7344 7337 7330 7238 7272 7263 7296 7242 7264 7327 7341 7275 7214 7255
8024 8014 7833 7856 7832 8061 8227 8423 8360 8387 8006 8099 8368 8115 8007 8123 8123 8171 8160 8312 8276 8344 8378 8288 8365 8347 8300 8238 8024 7932 7958 8176 8021 7889 7734 7691 7595 7489 7450 7447 7472 7515 7483 7472 7426 7402 7437 7427 7518 7513 7473 7428 7460 7490 7390 7385 7303 7270 7273 7249 7273 7289 7269 7192 7268 7330 7393 7377 7373 7361 7342 7338 7323 7302 7291 7274 7286 7311 7277 7302 7283 7257 7211 7226
7795 7784 7761 7736 7831 7900 7909 8142 8432 8438 8414 8379 8382 8228 8127 8068 8103 8246 8342 8310 8341 8366 8395 8370 8360 8332 8311 8297 8175 8057 7961 8173 8157 7762 7676 7539 7574 7490 7456 7459 7467 7476 7488 7455 7486 7392 7426 7503 7518 7480 7517 7496 7507 7498 7435 7363 7303 7275 7297 7269 7312 7367 7315 7214 7189 7239 7373 7384 7320 7348 7288 7278 7323 7295 7307 7292 7289 7293 7307 7302 7275 7229 7231 7247
7761 7696 7747 7707 7748 7751 7857 8133 8292 8368 8443 8456 8349 8324 8214 8181 8094 8331 8363 8368 8310 8348 8379 8358 8338 8321 8311 8288 8261 8172 8027 8147 8005 7878 7670 7500 7464 7482 7455 7492 7486 7439 7487 7534 7556 7470 7429 7487 7444 7431 7525 7464 7447 7406 7354 7347 7299 7285 7347 7295 7307 7368 7307 7243 7176 7263 7334 7291 7197 7194 7213 7264 7291 7313 7305 7310 7297 7301 7310 7277 7353 7287 7275 7275
7829 7870 7807 7854 7746 7751 8002 8058 8063 8350 8412 8442 8456 8369 8280 8236 8246 8295 8384 8385 8204 8193 8367 8336 8338 8330 8324 8300 8265 8188 8236 8190 7963 7893 7724 7580 7482 7482 7479 7527 7537 7459 7451 7441 7508 7543 7538 7464 7511 7513 7512 7414 7416 7331 7322 7403 7436 7395 7452 7473 7427 7398 7339 7233 7176 7269 7251 7180 7156 7224 7293 7313 7319 7303 7302 7298 7284 7276 7260 7305 7298 7344 7290 7293
7741 7737 8050 8069 7918 7741 7756 7924 7937 8192 8372 8449 8420 8421 8335 8371 8354 8375 8395 8383 8360 8092 8133 8344 8338 8334 8313 8299 8279 8238 8226 8047 7974 7890 7826 7742 7510 7461 7456 7447 7434 7431 7423 7413 7503 7508 7495 7439 7422 7494 7509 7521 7483 7367 7335 7310 7283 7364 7453 7405 7347 7333 7309 7205 7198 7177 7191 7224 7172 7258 7301 7337 7321 7316 7309 7331 7285 7264 7281 7253 7286 7257 7250 7242
7903 7829 7858 7957 8056 7891 7800 7911 7968 8287 8324 8131 8324 8353 8388 8417 8413 8406 8409 8375 8372 8356 8123 8338 8336 8327 8314 8279 8287 8248 8188 8173 8140 7857 7831 7744 7621 7489 7454 7447 7464 7420 7471 7473 7500 7412 7384 7405 7468 7463 7522 7529 7497 7518 7505 7406 7316 7258 7267 7299 7227 7204 7192 7202 7167 7198 7152 7149 7187 7280 7293 7337 7332 7333 7303 7292 7278 7303 7266 7246 7268 7259 7249 7272
7941 7918 7978 8221 8220 7895 7794 7978 8129 8177 8349 8126 8039 8123 8312 8240 8367 8339 8411 8394 8380 8324 8355 8356 8313 8326 8300 8275 8238 8227 8191 8169 8130 8118 8080 8071 7899 7691 7653 7527 7455 7456 7455 7493 7416 7395 7431 7461 7408 7447 7537 7435 7418 7434 7491 7454 7342 7263 7254 7243 7231 7256 7272 7278 7202 7238 7247 7246 7312 7313 7333 7309 7269 7315 7308 7288 7290 7273 7257 7246 7256 7251 7237 7257
7992 8270 7952 8197 8304 7951 7821 8005 8261 8283 8412 8349 8200 8168 8327 8353 8383 8324 8351 8366 8373 8324 8338 8316 8280 8321 8277 8169 8141 8218 8183 8021 7918 8106 8078 8067 8060 8033 7907 7468 7419 7443 7489 7488 7406 7415 7460 7382 7390 7368 7330 7374 7376 7404 7507 7422 7345 7314 7262 7231 7236 7190 7223 7232 7251 7225 7335 7385 7348 7357 7355 7333 7314 7269 7292 7292 7277 7274 7237 7262 7306 7275 7303 7231
8216 8336 8332 8366 8408 8079 8172 8147 8360 8403 8453 8456 8379 8396 8407 8404 8403 8415 8397 8378 8365 8360 8341 8336 8160 8125 8249 8224 8086 7960 8045 7953 7731 7822 7930 7777 7854 7762 8008 7949 7532 7417 7425 7411 7437 7396 7413 7392 7443 7387 7383 7322 7363 7490 7536 7445 7393 7322 7250 7321 7257 7193 7210 7222 7219 7221 7233 7250 7267 7276 7303 7276 7338 7316 7299 7297 7279 7257 7255 7257 7219 7302 7379 7274
8245 8291 8292 8323 8430 8273 8221 8413 8487 8469 8523 8449 8459 8408 8427 8433 8423 8380 8389 8348 8351 8330 8324 8316 8245 8112 8104 8206 8108 8007 7864 7808 7634 7555 7593 7642 7656 7662 7709 7951 7927 7554 7412 7482 7602 7551 7529 7570 7352 7437 7452 7376 7332 7517 7503 7397 7401 7462 7442 7347 7278 7217 7178 7178 7233 7224 7225 7253 7261 7329 7348 7278 7338 7257 7242 7292 7272 7261 7315 7267 7314 7312 7367 7411
8480 8548 8528 8273 8539 8546 8546 8534 8498 8495 8462 8510 8468 8440 8435 8458 8417 8380 8378 8342 8348 8338 8310 8305 8202 8168 8052 8064 8112 7953 7862 7805 7729 7754 7687 7633 7705 7685 7688 7734 7929 7891 7813 7784 7603 7598 7341 7539 7392 7431 7494 7460 7362 7520 7462 7507 7465 7528 7510 7421 7395 7264 7237 7167 7153 7178 7213 7216 7212 7260 7333 7278 7304 7261 7266 7255 7242 7274 7294 7247 7226 7284 7321 7329
8539 8555 8603 8560 8572 8582 8554 8427 8360 8412 8341 8468 8468 8428 8427 8419 8390 8385 8386 8358 8337 8327 8301 8305 8248 8181 7981 7888 8060 8042 7797 7735 7850 7672 7601 7612 7503 7497 7610 7626 7636 7853 7784 7558 7403 7425 7362 7393 7363 7351 7448 7464 7454 7545 7524 7517 7503 7490 7483 7467 7388 7289 7266 7209 7136 7170 7170 7177 7236 7214 7262 7276 7281 7252 7267 7292 7308 7300 7285 7261 7229 7260 7278 7296
8608 8598 8603 8547 8564 8357 8338 8215 8245 8234 8181 8375 8448 8449 8415 8407 8421 8372 8377 8368 8332 8302 8304 8275 8247 8222 8040 7814 7941 7984 7957 7953 7886 7764 7714 7533 7471 7471 7435 7439 7481 7610 7780 7733 7395 7395 7507 7459 7399 7393 7311 7424 7411 7550 7552 7484 7461 7395 7333 7334 7280 7261 7196 7185 7158 7135 7152 7116 7190 7225 7221 7276 7242 7293 7265 7289 7255 7265 7277 7246 7218 7233 7251 7214
8611 8495 8476 8501 8420 8329 8195 8081 8078 8008 7981 8213 8347 8400 8423 8407 8409 8382 8346 8331 8341 8332 8309 8191 8251 8259 8140 7933 7889 8003 7842 7817 7784 7621 7564 7544 7544 7496 7467 7447 7454 7459 7472 7543 7644 7374 7449 7529 7480 7451 7373 7401 7486 7545 7563 7499 7515 7391 7397 7312 7279 7258 7226 7204 7180 7168 7141 7157 7149 7172 7262 7247 7246 7242 7257 7266 7274 7298 7303 7277 7309 7306 7288 7351
8594 8530 8449 8305 8250 8284 8224 8061 7938 7991 8060 8168 8342 8400 8377 8404 8389 8406 8367 8355 8333 8190 8295 8298 8116 8015 7837 8015 8041 7797 7661 7652 7756 7743 7614 7556 7541 7522 7456 7443 7428 7414 7449 7431 7418 7549 7413 7505 7537 7475 7397 7360 7581 7535 7539 7384 7384 7354 7324 7354 7315 7302 7295 7286 7252 7207 7159 7157 7245 7244 7242 7281 7278 7272 7321 7316 7339 7363 7306 7360 7283 7356 7286 7234
8471 8530 8512 8411 8318 7980 7960 7938 7901 7902 7906 8082 8184 8329 8378 8364 8369 8379 8331 8324 8281 8291 8262 8167 8229 8068 7794 7803 7808 7667 7578 7586 7679 7729 7588 7490 7496 7462 7456 7446 7431 7417 7423 7395 7401 7372 7487 7523 7553 7541 7563 7512 7528 7542 7493 7526 7427 7470 7443 7435 7404 7319 7270 7370 7342 7200 7151 7273 7280 7233 7288 7314 7347 7349 7332 7313 7321 7259 7223 7263 7266 7253 7290 7275
8326 8327 8328 8274 8239 8207 8050 7816 7764 7869 7958 7982 7990 8168 8339 8390 8339 8350 8315 8333 8204 8281 8183 8091 8162 8006 7894 7853 7810 7675 7651 7587 7653 7673 7556 7522 7466 7480 7463 7455 7434 7417 7428 7467 7502 7434 7384 7352 7491 7478 7487 7497 7447 7505 7549 7514 7494 7524 7528 7474 7457 7420 7445 7437 7262 7180 7158 7184 7281 7312 7328 7285 7338 7283 7274 7289 7289 7246 7249 7295 7315 7322 7305 7310
7961 8064 8099 7978 7934 7902 8105 8161 8182 8245 8158 8104 8114 8254 8331 8354 8355 8344 8282 8189 8125 8190 8128 8141 8017 7974 7873 7816 7740 7688 7623 7621 7671 7721 7653 7555 7516 7452 7457 7445 7427 7414 7418 7431 7431 7496 7447 7338 7364 7347 7419 7409 7558 7507 7507 7517 7523 7382 7371 7411 7340 7361 7379 7255 7162 7085 7147 7162 7226 7250 7250 7301 7302 7302 7328 7308 7329 7305 7363 7343 7281 7323 7314 7430
8105 7968 7894 7826 7800 7808 7975 8205 8304 8294 8364 8284 8299 8359 8355 8332 8319 8333 8304 8059 8000 8156 7962 8011 8166 7840 7905 7888 7834 7744 7712 7709 7730 7743 7737 7654 7524 7473 7439 7442 7427 7438 7417 7393 7449 7540 7500 7448 7352 7382 7524 7542 7496 7553 7449 7540 7552 7492 7374 7328 7318 7262 7222 7200 7116 7180 7202 7267 7266 7261 7254 7338 7379 7349 7366 7359 7337 7381 7367 7424 7405 7401 7408 7406
8081 8044 7979 7955 7825 7820 7847 8052 8260 8297 8352 8363 8329 8327 8304 8313 8298 8321 8297 8125 8071 7946 7891 7869 7931 8093 8010 8029 7829 7777 7680 7851 7691 7743 7711 7590 7541 7487 7461 7462 7445 7410 7440 7451 7409 7443 7481 7535 7466 7393 7437 7492 7509 7566 7503 7356 7342 7289 7263 7234 7224 7210 7188 7176 7141 7193 7214 7279 7270 7236 7262 7268 7317 7349 7323 7314 7314 7339 7311 7249 7286 7300 7320 7294
