test/HelianthusTinyTest/asciifiles/nabio_16.asc
ncols  170
nrows  166
xllcorner  -106.083333333333
yllcorner  39.5916666666667
cellsize 0.00833333333332943
NODATA_value  -9999
[rows 42 to 83 of 166, columns 0 to 93 of 170]
170 170 170 170 169 169 168 167 168 169 169 170 172 188 212 214 238 217 208 213 213 198 225 218 201 187 170 171 172 172 172 167 172 169 172 185 188 189 196 194 190 190 190 194 199 203 210 214 221 222 218 209 199 199 184 184 181 178 177 171 169 169 166 168 166 163 163 161 166 171 171 170 174 174 174 176 183 184 178 176 176 171 168 166 167 166 165 165 168 171 172 169 168 169
169 169 169 169 168 168 167 168 168 168 168 169 171 180 206 210 231 233 224 241 213 200 203 212 203 189 174 171 172 171 168 167 171 172 167 180 183 188 197 198 196 193 192 198 207 212 219 215 215 219 227 218 212 205 201 194 190 187 181 178 176 174 169 166 166 166 163 165 166 172 178 182 184 184 181 184 189 188 180 173 172 174 170 166 165 166 166 164 166 171 173 172 169 166
169 167 167 167 168 167 168 168 168 168 168 168 170 173 186 200 219 219 247 234 215 199 193 189 190 181 176 169 169 169 172 173 175 175 169 176 184 189 198 203 210 209 204 206 212 216 219 198 205 202 206 206 204 193 188 184 181 184 183 181 181 174 169 166 165 163 166 168 171 171 174 180 187 193 188 191 193 186 178 176 171 170 170 168 168 167 166 164 164 165 170 170 170 168
167 167 167 167 167 167 167 167 168 167 167 169 170 171 178 192 203 211 233 234 220 208 203 198 197 182 173 171 171 169 169 171 173 171 173 181 184 190 197 201 206 210 213 216 209 204 200 199 195 188 193 193 205 204 188 185 177 176 175 174 173 171 171 167 166 165 169 168 169 172 174 178 184 183 182 177 178 177 173 170 170 168 166 168 168 166 166 165 163 163 169 170 170 169
167 167 167 167 167 167 166 167 167 167 167 168 170 171 178 184 191 206 226 221 211 205 196 195 197 184 176 172 171 172 171 176 176 172 181 180 184 198 208 220 216 215 219 221 216 211 203 197 184 181 178 176 184 182 181 182 179 178 174 173 172 169 169 166 165 169 173 178 174 175 174 173 172 169 174 173 173 173 170 167 165 167 166 164 167 167 166 163 164 162 166 170 169 169
167 167 167 166 167 166 166 167 169 168 167 167 169 171 173 180 192 201 219 231 212 210 203 193 186 177 175 173 173 177 175 176 177 172 183 192 191 194 206 212 216 221 230 234 229 221 215 196 190 195 185 188 176 176 176 177 173 173 173 172 169 168 166 168 166 168 171 175 178 174 171 169 169 168 167 168 168 168 167 163 164 163 163 163 163 164 163 163 163 162 163 167 168 169
166 166 165 165 165 165 165 166 168 170 167 167 167 168 169 173 183 200 212 223 226 210 200 189 184 175 175 176 175 175 176 186 183 178 172 178 181 191 198 203 216 223 223 221 224 216 204 204 209 203 196 188 193 187 181 178 176 177 174 171 172 168 171 168 168 174 174 181 181 178 174 173 171 169 170 168 167 164 164 165 167 165 163 166 164 164 163 162 162 161 161 161 162 165
165 165 165 165 165 165 166 167 169 170 168 167 167 167 167 169 175 180 195 203 219 208 203 186 182 179 176 184 186 189 183 187 186 181 174 172 178 184 195 197 204 209 209 215 223 230 234 232 224 212 215 203 207 198 188 182 181 177 171 176 177 174 169 168 168 181 186 186 181 177 174 174 173 173 170 168 170 168 167 169 167 166 166 170 168 168 166 163 165 163 163 164 162 161
165 165 165 165 165 165 165 167 167 167 165 164 166 167 167 169 171 180 188 196 219 208 198 198 193 179 186 189 192 199 194 180 187 178 176 173 173 173 178 186 195 206 220 230 233 238 245 250 243 240 239 227 215 203 182 182 178 171 178 181 181 177 174 175 171 177 184 190 184 184 178 178 171 177 174 173 173 172 171 170 169 170 170 171 170 167 167 169 167 164 163 163 163 163
165 165 165 165 164 164 164 164 167 167 167 164 169 170 166 168 169 170 175 180 200 205 201 194 183 183 194 202 208 199 192 192 192 187 186 190 181 177 173 181 197 216 226 237 242 238 229 250 253 227 227 206 189 187 190 187 178 185 194 190 185 181 177 181 177 181 187 193 193 191 193 184 177 177 183 181 177 181 178 174 173 171 170 170 170 170 168 168 168 166 166 163 162 163
164 164 164 164 164 163 164 164 167 168 169 169 166 173 170 167 169 170 175 183 196 210 195 188 186 198 205 215 211 199 201 202 200 195 196 202 203 195 195 178 181 192 204 222 231 240 219 238 243 238 214 217 211 210 207 190 181 201 209 196 201 193 184 184 175 181 186 186 193 198 194 193 188 188 193 193 189 188 185 180 174 171 170 171 170 170 168 167 167 166 165 164 165 164
164 164 164 164 164 162 164 164 164 168 177 177 167 168 168 169 171 173 175 188 202 210 197 186 203 203 208 220 206 197 211 211 197 189 189 195 202 202 198 175 175 186 188 201 223 215 214 222 226 237 246 224 225 215 194 198 218 216 226 230 218 212 207 196 184 181 189 197 208 202 188 182 196 195 196 196 189 184 181 176 174 171 174 175 170 170 169 169 169 164 163 165 165 164
164 166 166 164 164 162 164 164 164 164 177 180 182 176 176 177 175 183 189 197 217 213 195 191 212 214 229 218 207 214 219 197 197 197 187 186 188 184 185 177 177 184 189 192 198 203 206 206 223 222 228 215 215 207 232 235 227 217 226 238 233 224 212 199 190 194 195 210 216 201 188 181 188 194 191 195 193 185 181 178 176 173 171 170 170 170 170 167 166 165 165 167 165 165
166 166 166 164 164 162 163 164 164 164 166 169 172 175 183 190 185 183 186 185 200 213 205 191 200 213 228 223 225 216 216 214 211 205 200 196 195 188 183 189 186 178 179 187 184 192 194 190 214 222 226 227 225 236 244 235 218 209 235 229 224 218 209 199 201 206 210 217 208 205 187 178 177 185 181 190 200 197 191 189 181 174 171 171 172 170 168 168 167 166 167 167 167 166
170 170 170 166 164 164 163 164 164 164 164 164 165 166 165 183 166 166 167 169 170 173 175 180 186 195 207 237 228 219 234 214 211 205 193 185 185 185 186 198 200 179 193 211 206 203 214 205 203 224 232 229 232 257 247 225 218 214 209 204 200 195 189 203 197 201 185 176 185 193 193 183 175 171 174 181 188 189 183 189 186 178 173 172 172 170 168 169 169 169 168 167 166 167
175 175 175 168 170 166 164 164 163 164 166 169 167 164 164 165 167 167 168 180 199 191 191 202 200 204 196 218 211 200 207 211 207 194 188 185 185 195 194 205 208 181 202 225 228 216 223 226 209 219 240 258 270 265 237 237 245 230 226 230 221 207 195 182 181 180 178 175 171 174 178 181 176 171 166 168 175 178 175 181 185 184 181 178 175 173 173 173 173 167 168 166 165 167
185 181 177 174 172 171 169 166 163 163 165 166 169 172 172 181 186 195 190 199 212 189 228 222 214 210 201 229 216 205 190 191 186 185 209 224 205 197 196 197 194 186 205 230 233 226 233 231 221 210 226 241 272 266 260 253 253 247 243 240 238 230 224 202 185 182 183 171 168 165 165 164 171 172 168 163 167 171 170 171 175 181 190 193 186 181 181 175 171 171 167 167 163 167
196 189 187 188 183 188 180 169 165 163 164 166 166 169 172 172 182 208 202 209 222 208 228 231 217 217 234 222 217 209 196 188 199 227 228 219 196 200 202 200 200 186 203 216 230 237 247 239 228 223 248 250 254 257 265 262 244 232 220 223 195 207 217 204 190 205 190 181 180 174 174 168 167 164 167 164 161 168 164 164 171 174 178 183 183 178 178 172 171 171 167 167 166 165
172 190 199 195 190 195 188 169 166 163 163 179 181 183 188 179 177 182 203 216 233 231 248 231 218 205 205 216 208 195 187 194 216 225 222 214 202 210 213 202 191 192 191 205 220 241 258 244 236 276 269 246 232 217 234 259 258 246 228 206 191 187 179 182 178 174 176 175 178 183 175 168 168 164 161 161 161 160 160 164 163 168 172 175 177 175 175 172 169 170 171 166 165 165
163 175 177 173 184 180 176 169 163 163 166 172 175 174 191 199 191 182 183 188 208 223 231 222 205 210 191 194 189 179 190 204 225 233 219 209 217 219 219 193 197 195 193 201 216 231 249 253 255 251 255 250 249 229 216 217 237 234 226 218 209 199 183 177 172 171 171 171 171 171 169 165 162 161 161 159 163 161 159 160 160 160 165 169 172 174 172 172 168 166 164 164 164 165
159 161 163 166 168 163 165 165 168 162 163 174 176 186 179 191 196 199 201 187 198 225 231 218 219 205 190 184 171 193 196 207 230 237 222 219 219 195 198 208 222 214 199 200 210 223 245 269 263 234 222 240 236 225 208 212 218 229 237 229 214 201 190 180 175 172 171 168 165 168 163 161 159 159 159 158 159 158 159 160 161 160 160 161 161 168 166 167 164 165 164 166 165 165
159 160 160 163 163 160 163 166 168 172 171 164 166 193 201 204 208 213 218 224 204 221 236 233 224 216 193 178 168 193 213 222 233 240 225 214 204 197 214 231 234 230 218 205 217 231 256 249 245 223 214 204 208 217 197 213 208 210 218 228 209 196 188 184 180 176 172 168 163 162 163 161 161 159 158 158 161 165 164 161 164 160 159 159 159 160 162 164 163 164 164 166 168 166
159 159 158 160 160 160 163 159 160 163 176 188 184 171 178 174 183 190 204 216 221 238 237 212 209 198 188 169 165 188 197 234 237 221 202 210 219 228 236 236 224 220 220 225 225 242 228 236 231 228 206 202 191 179 181 205 207 190 197 201 197 184 180 172 172 175 182 174 171 165 161 159 161 161 159 161 161 166 174 171 169 167 164 163 160 160 160 162 160 163 164 166 168 167
156 157 159 159 158 159 159 160 160 160 162 198 210 218 201 193 186 202 182 188 213 245 230 233 219 195 185 165 175 207 201 215 224 211 215 222 229 229 239 244 232 215 206 201 225 220 220 208 202 207 209 200 185 177 200 222 198 184 176 175 188 194 181 175 165 162 162 160 165 161 162 162 164 163 162 165 169 172 169 174 174 170 167 165 164 163 164 163 162 161 162 162 162 162
155 155 156 156 156 158 160 176 166 175 163 188 207 212 212 204 216 227 216 188 207 224 242 231 221 207 187 165 174 210 213 225 206 207 236 226 224 207 221 237 234 228 230 225 210 191 181 176 177 178 174 181 176 172 180 210 213 180 174 176 174 172 171 168 180 165 165 165 168 165 164 163 162 161 162 168 171 171 169 164 163 164 167 168 164 164 160 160 163 164 167 166 165 162
155 155 156 156 156 157 158 172 166 180 180 173 195 215 218 220 218 227 221 205 221 241 238 221 207 193 187 163 165 188 208 205 204 237 233 229 224 211 198 220 236 239 247 246 243 228 245 208 186 172 160 158 158 159 159 177 166 172 168 177 182 179 165 169 177 174 172 168 169 169 168 159 161 161 165 165 165 166 165 164 161 160 163 162 161 160 160 165 165 166 170 170 174 170
154 154 156 156 156 156 157 172 165 185 199 178 185 203 195 190 198 206 213 218 216 236 233 213 199 190 180 162 163 176 193 188 201 219 235 232 221 217 214 201 190 202 221 232 243 245 242 220 196 191 194 176 168 158 158 159 159 160 158 159 157 165 165 162 159 159 159 163 165 163 159 158 159 161 162 164 161 161 162 160 161 162 161 162 164 170 165 163 164 170 167 166 166 168
155 156 156 157 156 160 157 163 162 176 196 197 195 187 208 218 213 201 213 226 217 242 226 226 210 195 176 162 158 168 185 198 215 212 238 237 224 224 221 210 207 189 182 208 232 243 230 216 221 208 191 174 168 172 165 158 161 160 158 159 155 156 157 162 157 155 156 157 158 158 158 158 159 158 159 159 158 158 159 160 162 162 162 164 168 172 168 165 165 165 167 166 167 166
154 156 156 157 159 164 160 163 169 161 177 193 207 198 204 223 232 232 223 209 213 242 231 221 209 192 169 158 160 182 205 218 227 220 225 236 232 242 219 211 194 195 197 180 191 222 228 233 221 188 189 189 202 199 170 168 165 165 172 178 172 159 154 157 159 157 156 155 156 156 157 157 160 158 158 159 161 160 161 164 169 167 167 167 168 172 172 170 168 164 166 165 164 165
156 155 158 158 161 168 159 166 172 168 171 187 199 204 212 221 239 222 215 197 215 221 221 218 199 177 162 155 162 173 200 218 222 215 239 247 254 257 228 233 259 218 210 182 185 171 191 220 235 235 219 214 198 177 163 160 161 160 165 177 175 165 159 154 156 155 155 155 155 155 156 156 158 158 161 163 159 160 164 172 172 175 175 177 172 175 173 173 168 164 164 166 164 165
156 157 163 171 174 176 170 171 177 177 175 178 181 192 195 208 220 237 223 201 194 187 171 186 179 166 154 154 170 199 190 198 201 218 227 245 260 243 230 257 244 205 199 218 221 177 165 176 201 224 208 197 191 184 168 160 158 157 157 158 159 156 156 157 156 155 155 155 155 155 156 156 156 158 161 162 161 165 166 172 172 172 172 170 169 168 172 170 168 167 166 163 164 166
157 166 180 185 188 174 165 166 179 179 181 190 204 204 200 215 220 235 229 230 218 210 187 169 157 159 154 154 180 203 206 198 207 215 229 224 221 253 247 232 209 205 215 257 252 224 188 162 167 196 201 183 174 174 167 158 156 154 156 156 156 156 154 154 154 155 156 164 159 156 156 158 159 162 162 165 164 169 169 172 172 169 169 169 167 168 167 167 167 166 164 162 166 166
161 178 193 193 180 167 161 165 167 182 173 189 209 215 215 227 208 206 227 214 207 211 196 184 160 155 153 153 181 193 204 198 190 215 215 213 213 233 248 239 229 235 244 260 251 232 216 206 162 162 166 166 162 153 154 152 152 154 154 154 154 154 154 153 155 155 159 159 157 156 156 158 162 166 165 163 161 166 172 175 177 175 175 169 169 172 172 171 167 165 163 162 163 165
162 160 161 167 162 154 165 157 173 171 164 174 190 221 232 223 208 195 206 188 188 194 195 187 162 151 151 157 169 184 187 195 193 179 196 203 230 235 218 243 244 254 244 229 229 190 177 175 169 166 163 159 159 159 154 155 152 152 156 155 154 154 157 162 160 157 157 156 156 155 161 166 168 163 162 161 163 161 165 172 177 175 172 172 169 169 168 170 168 165 163 162 163 166
154 154 156 154 154 156 156 156 168 160 158 165 182 203 232 234 215 195 187 185 178 171 173 174 164 156 151 151 159 173 170 168 174 185 196 221 235 235 241 209 209 241 238 223 220 220 205 196 176 187 186 187 177 170 163 165 158 157 159 159 154 154 156 162 169 162 157 157 158 156 158 170 168 165 165 164 163 162 162 169 172 175 172 169 169 168 166 165 168 164 163 162 162 165
151 154 156 154 154 156 154 153 152 153 154 158 175 191 207 220 220 220 206 198 189 179 171 157 157 151 150 151 156 157 172 170 178 181 185 198 204 215 220 204 201 220 234 241 244 244 227 198 201 199 198 193 182 177 171 171 165 162 159 162 156 155 156 157 168 168 160 158 158 159 159 164 172 172 168 165 166 162 161 164 169 171 169 168 168 165 165 166 167 164 164 163 162 161
153 151 151 160 154 150 153 159 166 163 154 154 165 175 190 192 203 221 215 198 198 198 186 176 159 156 149 150 152 157 166 176 171 164 172 168 173 189 185 227 218 226 234 244 248 250 253 206 208 212 196 184 182 175 168 162 162 159 162 162 159 159 165 160 165 171 159 158 161 162 162 164 166 175 170 168 168 166 167 162 162 165 169 167 169 169 171 171 167 165 163 163 162 162
152 149 149 148 151 152 156 160 182 184 162 163 158 162 169 178 189 217 220 215 211 203 191 180 171 156 149 149 149 156 159 169 162 175 198 201 203 206 211 226 240 236 220 244 232 250 241 244 239 221 196 188 173 166 164 166 166 165 165 162 166 174 174 169 166 169 162 168 174 176 174 169 169 177 177 169 169 170 169 164 162 161 162 166 169 172 172 171 166 166 164 163 162 161
152 149 148 150 151 154 156 165 176 178 171 168 161 163 163 172 184 209 204 208 203 195 181 174 165 159 152 149 149 155 170 184 161 179 203 220 211 216 221 219 229 233 216 214 227 247 250 254 251 215 201 188 175 166 171 182 177 180 180 181 175 193 183 173 167 169 176 194 184 182 174 170 177 176 175 170 168 169 168 172 169 169 163 162 164 169 169 171 167 166 164 163 162 159
154 149 149 151 151 153 158 170 182 188 184 184 179 171 171 179 193 207 208 195 185 178 170 170 168 153 148 148 149 155 171 184 162 180 195 218 215 201 198 204 209 217 209 208 229 239 244 248 224 232 221 196 188 184 202 190 204 215 214 210 198 202 197 178 169 172 194 211 200 184 174 174 172 172 166 165 168 169 172 175 173 172 169 162 161 163 166 165 163 163 164 162 161 161
148 155 153 150 153 160 163 168 178 198 195 195 192 186 177 184 203 212 210 204 190 178 170 158 161 154 152 148 148 151 157 175 162 187 204 198 195 187 166 163 168 163 164 207 234 217 234 247 240 216 206 226 233 189 221 206 211 232 241 232 206 190 181 171 169 172 189 219 216 197 170 167 166 164 163 163 164 166 166 172 175 172 168 165 161 161 162 160 162 162 162 163 163 162
148 148 157 155 160 160 170 174 189 207 215 211 206 199 192 194 200 206 209 200 187 175 170 161 153 151 146 146 148 148 153 156 156 184 187 195 196 166 156 175 193 206 176 175 204 224 244 255 256 230 231 261 231 201 234 236 233 241 247 230 215 194 177 169 167 166 178 199 219 194 174 168 162 162 161 161 163 162 165 169 172 169 162 161 161 162 160 162 163 163 163 163 163 162
