test/HelianthusTinyTest/asciifiles/nabio_13.asc
ncols  170
nrows  166
xllcorner  -106.083333333333
yllcorner  39.5916666666667
cellsize 0.00833333333332943
NODATA_value  -9999
[rows 55 to 109 of 166, columns 0 to 95 of 170]
59 59 59 58 58 57 58 58 58 58 59 60 60 61 64 67 65 64 65 65 70 75 72 67 70 75 80 78 79 76 76 75 74 72 70 69 68 66 64 66 65 63 63 65 64 67 68 66 75 78 79 79 79 82 85 82 76 73 82 80 78 76 73 69 70 72 73 75 72 71 66 63 63 65 64 67 71 70 67 67 64 62 61 61 61 60 59 59 59 59 60 60 60 61 61 62
59 59 60 59 58 58 58 58 58 58 58 58 58 59 58 64 59 59 59 60 60 61 61 63 65 68 73 83 80 77 82 75 74 72 68 65 65 65 65 69 70 63 67 74 72 71 75 72 71 78 81 80 81 89 86 79 76 75 73 71 70 68 67 71 69 70 65 63 65 68 68 65 62 61 62 64 66 67 65 67 66 63 61 61 61 60 59 59 59 59 60 60 60 60 61 62
61 61 61 59 59 59 58 58 58 58 59 60 59 58 58 58 59 59 60 63 70 67 67 71 70 72 69 77 74 70 73 74 73 68 66 65 65 68 68 72 73 63 71 79 80 76 78 79 73 77 84 90 93 92 83 83 86 80 79 80 77 72 68 64 64 64 63 62 61 62 63 64 63 61 59 60 62 63 62 64 65 65 64 63 62 61 61 61 61 59 60 60 61 60 60 61
65 63 62 61 60 60 59 59 58 58 58 59 60 60 60 63 65 69 67 70 75 66 80 78 75 74 71 80 76 72 67 67 65 65 73 79 72 69 69 69 68 65 72 81 82 79 82 81 77 74 79 84 94 92 90 88 88 86 85 84 83 80 78 70 65 64 65 61 60 59 59 58 61 61 60 58 59 61 60 61 62 64 67 68 66 64 64 62 60 60 60 60 61 61 60 61
69 66 66 66 64 66 63 59 58 58 58 59 59 60 60 60 64 73 71 74 78 73 80 81 76 76 82 78 76 74 69 66 70 80 80 77 69 70 71 70 70 65 71 76 81 83 86 84 80 78 87 87 88 89 92 91 85 81 77 78 68 72 76 71 67 71 67 64 64 62 62 60 59 58 59 58 57 60 58 58 61 62 63 65 65 63 63 61 60 60 59 60 61 62 62 61
60 67 70 69 67 69 66 59 59 58 58 63 63 64 66 63 62 64 71 76 82 81 87 81 77 72 72 76 73 68 66 68 76 79 78 75 71 74 75 71 67 67 67 72 77 84 90 85 83 95 93 86 81 76 82 90 90 86 80 72 67 66 63 64 63 62 63 62 63 65 62 60 60 58 57 57 57 57 57 58 57 60 61 62 63 62 62 61 59 60 60 60 61 62 62 62
58 61 62 61 64 63 62 59 58 58 59 60 61 61 67 70 67 64 64 66 73 78 81 78 72 74 67 68 67 63 67 72 79 82 77 73 76 77 77 68 69 68 68 71 76 81 87 88 89 88 89 87 87 80 76 76 83 82 79 76 73 69 65 63 61 61 61 61 61 61 60 59 58 57 57 56 58 57 57 58 59 58 58 60 61 62 61 61 59 59 60 61 61 61 62 63
57 57 58 58 59 58 58 58 59 58 58 61 62 65 63 67 69 70 71 66 70 79 81 77 77 72 67 65 60 68 69 73 81 83 78 77 77 69 70 73 78 75 70 70 74 78 86 93 91 82 78 84 83 79 73 74 76 80 83 80 75 70 67 64 62 61 61 60 59 60 58 57 56 56 56 56 56 57 57 58 58 58 59 59 59 59 59 59 59 60 60 61 61 61 62 63
57 57 57 58 58 57 58 59 59 60 60 58 59 68 71 72 73 75 77 79 72 78 83 82 79 76 68 62 60 68 75 78 82 84 79 75 72 69 75 81 82 81 77 72 76 81 89 87 86 78 75 71 73 76 69 75 73 73 76 80 73 68 66 65 64 63 61 60 58 58 58 57 57 56 56 56 57 59 58 57 58 59 59 61 61 60 60 59 60 60 60 60 60 60 61 62
57 57 56 57 57 57 58 57 57 58 62 66 65 60 62 61 64 67 72 76 78 84 83 75 74 70 66 60 59 66 69 82 83 78 71 74 77 80 83 83 79 77 77 79 79 85 80 83 81 80 72 71 67 63 64 72 72 66 69 70 69 65 64 61 61 62 64 62 61 59 57 57 57 57 56 57 57 59 62 61 60 59 58 58 61 60 61 61 63 61 60 60 60 60 61 62
56 56 57 57 56 57 57 57 57 57 58 70 74 77 71 68 65 71 64 66 75 86 81 82 77 69 65 59 61 73 71 76 79 74 76 78 81 81 84 86 82 76 73 71 79 77 77 73 71 73 73 70 65 63 70 78 69 65 62 62 66 68 64 62 59 58 58 57 59 57 58 58 58 58 58 59 60 61 60 62 62 60 59 58 58 59 59 60 62 62 62 63 62 63 65 62
55 55 56 56 56 56 57 62 58 61 58 66 73 75 75 72 76 80 76 66 73 79 85 81 78 73 66 59 61 74 75 79 73 73 83 80 79 73 78 83 82 80 81 79 74 67 63 62 62 63 62 63 62 61 63 74 75 64 62 62 62 61 61 60 64 59 59 59 60 59 58 58 58 57 58 60 61 61 60 58 57 58 59 59 58 58 60 62 61 60 59 60 60 64 63 64
55 55 56 56 56 56 56 60 58 63 63 61 69 76 77 78 77 80 78 72 78 85 84 78 73 68 66 58 59 66 73 72 72 83 82 81 79 74 70 78 83 84 87 86 85 80 86 73 65 61 57 57 57 57 57 63 59 61 60 63 64 63 59 60 63 62 61 60 60 60 60 57 57 57 59 59 59 59 59 58 58 58 58 58 60 60 60 59 59 59 60 60 61 60 61 62
55 55 56 56 56 56 56 60 58 65 70 63 65 72 69 67 70 73 75 77 76 83 82 75 70 67 63 58 58 62 68 66 71 77 83 82 78 77 75 71 67 71 78 82 85 86 85 77 69 67 68 62 60 57 57 57 57 57 57 57 56 59 59 58 57 57 57 58 59 58 57 56 57 57 58 58 57 57 57 57 58 58 58 58 58 60 59 60 59 60 59 60 61 60 60 61
55 56 56 56 56 57 56 58 58 62 69 69 69 66 74 77 75 71 75 80 77 85 80 80 74 69 62 58 57 59 65 70 76 75 84 83 79 79 78 74 73 66 64 73 82 85 81 76 78 73 67 62 60 61 59 57 58 57 57 57 56 56 56 58 56 55 56 56 56 56 56 56 57 56 56 56 56 57 57 58 57 57 58 58 59 61 59 59 59 60 59 60 60 61 62 63
55 56 56 56 57 58 57 58 59 57 62 68 73 70 72 79 82 82 79 74 75 85 82 78 74 68 59 57 57 64 72 77 80 78 79 83 82 85 77 74 68 69 69 63 67 78 80 82 78 66 66 66 71 70 61 60 59 59 61 63 61 57 55 56 57 56 56 55 56 56 56 56 57 56 56 56 57 56 57 58 60 59 59 59 59 61 61 60 59 60 60 60 61 61 62 63
56 55 57 57 57 59 57 58 60 59 60 66 70 72 75 78 84 78 76 70 76 78 78 77 70 62 58 56 58 61 71 77 78 76 84 87 89 90 80 82 90 77 74 64 65 61 67 77 83 83 77 75 70 63 58 57 58 57 59 63 62 59 57 55 56 55 55 55 55 55 55 55 56 56 57 58 56 56 58 61 61 62 62 63 61 62 61 61 59 59 61 61 61 62 63 63
56 56 57 60 61 62 60 60 62 62 62 63 64 68 69 74 78 84 79 71 69 66 60 65 63 58 55 55 60 70 67 70 71 77 80 86 91 86 81 90 86 72 70 77 78 62 59 62 71 79 73 69 67 64 60 57 57 56 56 57 57 56 56 56 56 55 55 55 55 55 55 55 55 56 57 58 57 59 59 61 61 61 61 60 60 59 61 60 59 59 60 61 62 62 62 63
56 58 63 65 66 61 58 58 63 63 64 67 72 72 71 76 78 83 81 81 77 74 66 59 56 57 55 55 63 72 73 70 73 76 81 79 78 89 87 82 74 72 76 90 88 79 66 58 60 69 71 64 62 62 60 57 56 55 56 56 56 56 55 55 55 55 56 58 57 56 55 56 57 58 58 59 58 60 60 61 61 60 60 60 59 59 59 59 59 59 61 62 61 61 62 63
57 63 68 68 63 59 57 58 59 64 61 67 74 76 76 80 74 73 80 76 73 75 69 65 57 56 55 55 64 68 72 70 67 76 76 75 75 82 87 84 81 83 86 91 88 82 76 73 58 58 59 59 58 55 55 55 55 55 55 55 55 55 55 55 55 55 57 57 56 56 55 56 58 59 59 58 57 59 61 62 63 62 62 60 60 61 61 60 59 60 62 63 62 61 62 63
57 57 57 59 57 55 58 56 61 60 57 61 67 78 82 79 74 69 73 66 66 69 69 66 58 54 54 56 59 65 66 69 68 63 69 72 81 83 77 86 86 89 86 81 81 67 62 61 60 59 58 57 57 57 55 56 55 55 56 56 55 55 56 58 57 56 56 56 56 55 57 59 60 58 58 57 58 57 59 61 63 62 61 61 60 60 59 60 59 60 61 63 63 61 62 63
55 55 56 55 55 56 56 56 59 57 56 58 64 72 82 83 76 69 66 65 63 60 61 61 58 56 54 54 57 61 60 59 61 65 69 78 83 83 85 74 74 85 84 79 78 78 72 69 62 66 65 66 62 60 58 59 57 56 57 57 55 55 56 58 60 58 56 56 56 56 56 61 60 59 59 58 58 57 57 60 61 62 61 60 60 59 59 59 59 60 62 63 64 62 62 62
54 55 56 55 55 56 55 55 54 55 55 56 62 67 73 78 78 78 73 70 67 63 60 56 56 54 54 54 56 56 61 60 63 64 65 70 72 76 78 72 71 78 83 85 86 86 80 70 71 70 70 68 64 62 61 61 59 58 57 58 56 56 56 56 60 60 57 56 56 57 57 58 61 61 60 59 59 57 57 58 60 61 60 59 59 58 59 59 59 60 60 62 64 65 64 62
55 54 54 56 55 53 55 56 58 57 55 55 58 62 67 68 72 78 76 70 70 70 66 62 57 56 53 54 54 56 58 62 60 58 60 59 61 67 65 80 77 80 83 86 87 88 89 73 73 75 69 65 64 62 60 58 58 57 58 58 57 57 59 57 59 61 57 56 57 58 58 58 59 62 61 60 60 59 59 57 57 58 60 59 60 60 60 60 59 60 61 63 64 65 63 64
54 53 53 53 54 54 56 56 64 65 57 57 56 57 59 63 67 77 78 76 75 72 68 63 60 56 53 53 53 56 57 59 57 62 70 71 72 73 75 80 85 83 78 86 82 88 85 86 84 78 69 66 61 59 59 59 59 59 59 58 59 62 62 60 59 60 58 60 62 62 62 60 60 63 63 60 60 61 60 58 57 58 58 59 60 61 61 60 59 60 61 63 64 65 64 65
54 53 53 54 54 55 56 58 62 63 60 59 56 57 57 61 65 74 72 74 72 69 64 62 58 56 54 53 53 55 60 65 57 63 72 78 75 77 78 78 81 82 76 76 80 87 88 89 88 76 71 66 61 59 61 64 62 63 63 63 62 68 64 61 60 60 62 68 65 65 62 61 63 62 62 61 60 60 60 61 60 60 58 59 58 60 60 60 59 59 61 63 64 65 65 65
55 53 53 54 54 55 56 60 64 66 65 65 63 60 60 63 68 73 74 69 65 63 60 60 59 55 53 53 53 55 60 65 57 64 69 77 76 71 70 72 74 77 74 74 81 84 86 87 79 82 78 69 66 65 71 67 72 76 75 74 70 71 69 63 60 61 68 74 70 65 62 62 61 61 59 59 60 60 61 62 62 61 60 58 59 58 59 59 61 61 62 63 64 65 66 66
53 55 55 54 55 56 57 59 63 70 69 69 68 66 63 65 72 75 75 72 67 63 60 56 57 55 54 53 53 54 56 62 57 66 72 70 69 66 59 58 59 58 58 73 83 77 83 87 85 77 73 80 82 67 78 73 74 82 85 82 73 67 64 61 60 61 66 77 76 69 61 60 59 58 58 58 58 59 59 61 62 61 59 58 60 60 60 62 63 63 63 64 64 65 66 66
53 53 55 55 56 56 60 61 67 73 76 75 73 71 68 69 71 73 74 71 66 62 60 57 55 54 52 52 53 53 55 56 56 65 66 69 70 59 56 62 68 73 62 62 72 79 86 89 90 81 82 91 82 71 83 83 82 85 87 81 76 68 62 60 60 59 63 70 77 68 62 60 58 58 57 57 58 57 59 60 61 60 58 59 59 60 61 62 60 61 62 63 64 65 66 66
53 52 53 54 54 56 63 68 70 76 79 76 73 68 66 65 63 67 70 65 60 58 59 56 54 53 52 52 52 52 53 55 56 58 61 60 56 55 58 70 76 75 80 68 63 81 85 92 92 87 90 87 83 74 83 91 92 89 84 80 77 70 65 60 59 59 60 64 70 68 63 62 60 58 57 57 57 57 57 58 57 57 59 58 58 59 61 61 60 61 62 63 64 65 66 66
51 53 54 54 56 56 62 69 74 77 72 74 72 68 64 62 62 64 67 68 65 57 55 55 53 51 52 52 52 52 53 53 53 56 54 52 52 61 66 76 83 83 75 77 70 64 74 83 91 92 94 91 84 80 85 94 93 89 84 80 74 72 66 61 59 59 58 60 62 67 63 64 59 57 57 58 57 57 57 57 57 58 58 58 58 58 59 61 61 62 64 64 65 65 66 66
51 52 53 53 55 59 63 69 75 74 72 70 66 65 63 62 61 60 62 67 67 62 54 54 52 52 52 52 51 51 51 50 51 51 51 56 64 70 73 77 81 86 87 75 77 78 71 71 77 79 84 88 89 87 87 96 97 87 91 87 81 72 62 60 60 58 58 58 59 60 61 60 59 57 56 56 57 56 58 57 57 57 58 60 59 59 59 60 62 63 63 65 65 65 66 66
51 50 54 55 54 57 62 66 70 70 68 67 63 62 61 60 63 63 59 59 64 62 57 54 52 51 51 51 51 50 50 50 50 50 55 59 64 65 69 76 81 81 85 86 85 82 79 72 89 85 89 89 86 94 92 89 92 96 93 86 76 68 61 60 59 58 58 57 57 59 59 60 58 57 57 57 57 59 59 58 57 57 58 59 58 59 59 59 62 63 63 63 65 65 66 66
52 50 51 54 55 55 59 63 67 65 62 60 60 57 60 55 59 57 55 54 57 58 56 57 50 50 51 51 49 49 50 53 50 50 51 52 52 55 65 72 76 74 78 79 85 87 80 84 92 95 96 84 84 83 86 81 85 84 87 87 82 72 63 61 59 58 57 57 57 57 57 59 59 57 57 58 58 59 58 58 57 58 59 59 60 61 62 61 62 64 65 65 65 66 66 66
54 51 50 51 54 54 59 62 61 61 57 55 56 54 54 54 55 54 52 52 51 52 53 53 52 50 50 50 49 49 54 55 59 57 52 52 57 52 53 59 61 65 65 72 73 76 80 81 87 91 87 81 80 80 83 83 79 75 77 81 77 71 65 62 59 58 57 58 59 57 57 57 59 58 58 59 58 58 58 57 59 59 61 61 60 61 61 62 64 64 64 64 64 66 66 66
53 52 52 50 52 53 58 56 57 59 54 53 54 54 52 52 54 52 51 50 50 50 52 51 51 49 49 49 49 49 51 54 55 63 66 66 63 67 70 65 61 71 84 80 81 75 75 71 77 87 86 82 74 74 75 80 80 74 70 69 67 66 65 60 58 56 56 56 57 57 58 57 57 57 56 57 58 57 58 57 59 58 61 62 62 62 63 63 63 62 63 64 65 65 65 66
53 54 52 49 51 51 53 52 56 56 52 51 57 52 50 50 54 52 49 49 50 50 49 50 50 49 50 49 49 49 50 52 55 61 68 75 70 69 74 73 62 67 82 81 84 86 85 83 80 89 82 80 77 71 68 69 65 71 69 65 63 61 56 56 56 56 57 56 56 57 56 55 55 55 56 57 56 57 57 57 59 58 60 62 61 63 62 61 61 62 62 64 66 66 66 66
54 53 51 53 49 49 50 53 54 52 50 53 52 50 49 50 53 51 49 49 48 49 49 49 49 49 49 49 48 48 49 52 53 55 63 71 73 72 75 79 71 70 71 74 82 85 87 91 91 92 92 87 82 76 71 66 63 61 62 61 57 58 59 58 58 58 57 56 56 56 57 58 59 58 57 58 57 57 57 58 59 61 59 59 60 60 60 60 60 63 64 65 66 66 66 66
54 52 53 55 55 51 49 52 53 50 52 53 49 49 49 50 52 52 49 48 48 48 48 48 48 48 48 50 51 50 48 51 53 54 56 56 64 74 76 79 79 80 79 68 73 78 82 87 90 87 88 85 79 73 68 71 68 68 59 59 57 65 68 61 59 58 57 57 57 56 58 58 58 61 60 60 57 57 57 57 58 58 58 58 58 59 59 59 60 62 66 64 65 66 66 66
52 53 57 56 57 52 50 47 48 48 52 51 48 50 52 50 50 50 50 48 48 48 47 48 47 47 47 48 51 53 51 48 51 52 54 55 60 66 72 76 78 84 89 79 75 75 80 80 88 89 86 80 86 86 82 77 73 71 66 68 71 76 73 67 61 60 57 57 56 56 58 57 57 57 57 57 57 57 57 57 57 58 58 58 59 59 60 62 63 64 65 63 65 65 65 65
58 60 59 61 57 54 54 50 47 47 48 48 48 49 50 51 51 49 48 48 47 47 47 47 47 47 47 48 49 50 51 48 48 54 57 64 61 67 68 69 80 80 86 83 84 74 80 85 92 92 89 90 92 91 85 77 74 70 69 70 76 82 78 71 68 62 58 58 59 58 59 59 57 57 57 58 57 57 57 57 57 58 59 59 59 59 60 62 63 63 61 62 62 63 63 65
61 62 62 62 62 60 55 51 48 48 47 47 48 48 49 50 51 48 47 47 48 47 47 47 47 47 47 47 47 49 50 48 50 52 57 64 71 79 78 83 83 77 83 89 86 81 76 85 92 94 90 85 85 81 78 77 72 72 79 75 78 81 78 71 65 61 59 60 63 63 61 61 58 57 57 57 56 57 57 57 58 58 58 59 60 60 61 60 62 60 61 62 62 63 64 65
58 55 59 56 61 60 53 51 51 48 47 47 46 47 49 49 49 48 47 47 49 49 47 47 47 47 47 47 47 49 48 48 51 52 55 61 70 76 81 84 87 75 78 81 85 86 87 80 85 92 88 81 82 76 74 83 84 80 85 89 85 82 79 72 65 61 61 65 69 62 60 58 58 57 57 56 56 57 57 57 58 58 58 59 59 59 59 60 60 60 60 62 64 64 65 66
60 62 52 52 54 61 60 54 53 50 47 46 47 46 48 47 47 47 47 46 47 50 49 47 47 47 47 47 47 47 48 50 51 51 53 55 65 71 75 78 76 69 71 76 82 85 86 81 79 87 91 88 85 81 76 73 71 78 85 82 79 80 76 73 71 65 69 73 65 61 59 58 57 56 57 57 58 59 58 57 57 58 58 58 59 59 60 60 60 60 61 63 64 66 66 66
54 58 55 52 52 55 58 54 52 48 48 50 48 47 47 46 46 46 46 46 47 47 49 47 47 47 47 47 47 47 48 48 48 52 53 54 58 65 71 68 65 68 78 80 82 79 73 77 82 84 88 91 88 88 87 82 74 68 73 76 71 68 68 71 65 70 68 65 63 61 60 58 57 57 58 59 59 58 58 59 58 58 58 58 59 59 59 59 60 61 62 64 65 66 66 67
53 53 53 49 49 54 58 52 50 49 48 50 51 50 48 49 47 47 46 46 47 47 47 47 47 47 47 47 47 47 48 48 48 48 48 48 51 56 58 63 74 76 79 83 69 70 78 82 77 81 89 82 81 83 88 84 78 72 66 65 66 62 61 61 65 61 62 61 59 59 59 60 59 60 59 59 59 58 59 59 58 59 58 58 59 59 59 60 60 60 61 64 64 66 67 67
52 49 53 50 48 53 58 51 49 48 47 48 49 49 48 47 46 47 47 46 46 46 46 47 48 47 47 49 49 47 48 50 51 48 48 48 48 49 50 66 69 75 80 83 67 75 80 75 76 63 73 77 77 80 87 83 79 75 70 69 66 66 65 63 61 62 59 58 58 58 58 59 59 59 60 60 59 59 59 60 58 58 58 59 59 59 59 60 60 60 61 63 66 66 67 67
49 48 48 47 47 51 49 50 47 47 46 46 47 47 47 46 46 46 46 46 46 46 46 47 49 49 47 48 49 51 50 51 56 52 51 53 51 53 49 49 61 70 74 71 64 67 76 65 61 63 63 67 74 84 88 83 81 76 71 79 74 69 66 65 62 61 61 60 60 60 60 59 59 58 58 59 59 59 59 59 59 58 59 59 59 59 59 59 60 60 63 64 65 67 66 67
49 48 48 48 46 48 49 47 46 46 45 45 46 46 46 46 46 46 46 46 46 47 47 47 48 49 49 48 49 50 52 55 60 63 60 59 58 57 54 49 49 60 65 60 55 58 59 57 71 80 80 75 73 89 86 80 81 85 84 80 74 72 66 64 63 62 61 60 61 59 59 59 59 60 61 60 60 59 58 58 58 58 59 60 61 60 60 61 61 62 63 63 65 67 66 67
46 45 46 48 45 45 45 45 45 45 45 45 45 45 45 45 45 46 46 46 46 46 47 47 48 48 50 49 49 50 52 55 56 55 58 59 57 57 56 53 49 50 51 51 56 56 67 56 75 81 86 83 77 88 85 87 93 91 89 84 80 75 73 69 67 66 64 63 61 60 59 59 60 61 60 60 59 59 58 59 59 58 58 59 59 59 60 61 62 64 64 64 64 66 66 67
46 45 44 44 45 45 45 46 47 47 47 45 45 45 45 45 46 46 46 46 46 47 47 47 47 48 51 52 49 50 53 56 52 58 61 59 66 66 59 58 57 50 51 59 70 78 71 74 65 68 81 84 83 89 89 92 92 89 87 85 80 78 75 71 70 67 65 64 62 61 61 60 60 60 59 60 59 59 59 60 61 60 58 58 59 59 59 61 63 62 62 63 64 65 66 68
45 44 44 45 45 47 47 48 48 48 49 47 46 45 45 45 45 46 46 46 47 47 47 47 47 48 50 54 51 50 50 51 51 54 56 62 67 68 69 67 63 58 51 52 67 75 84 82 78 76 69 79 80 89 90 86 84 82 77 78 75 74 71 70 69 67 66 66 62 62 61 60 60 60 60 60 59 59 60 60 61 61 59 59 59 60 62 61 62 62 62 63 64 65 66 68
44 46 46 45 46 47 49 50 50 51 52 48 47 46 46 45 45 46 46 46 46 46 46 48 47 47 48 51 52 50 53 54 55 61 63 62 63 66 70 73 72 67 65 59 54 69 80 87 83 82 75 80 84 91 91 87 86 82 81 75 74 73 72 71 71 71 68 65 64 62 61 61 61 61 60 59 59 58 57 57 58 58 58 59 59 60 60 59 60 61 62 63 64 64 66 68
44 45 46 47 48 48 48 50 52 51 50 49 47 46 46 46 46 46 46 46 46 48 46 46 49 50 54 49 49 54 59 59 56 57 61 62 64 63 66 70 70 69 66 70 68 59 76 84 90 84 78 74 92 93 89 80 80 78 77 77 77 77 77 76 75 74 71 64 61 61 61 60 59 60 59 57 57 57 57 57 58 58 58 61 59 59 60 60 60 61 62 64 65 66 67 68
46 45 45 46 47 51 52 52 53 53 53 50 49 47 46 46 46 46 46 46 47 47 46 48 47 49 55 55 55 60 63 64 57 56 62 67 69 70 70 69 69 70 69 73 73 68 61 86 90 86 90 87 92 89 86 89 82 84 84 84 82 79 77 82 80 74 66 60 61 61 60 58 58 57 58 58 58 60 61 59 59 60 58 59 59 59 60 61 62 63 64 64 66 67 67 68
