test/HelianthusTinyTest/asciifiles/nabio_4.asc
ncols  170
nrows  166
xllcorner  -106.083333333333
yllcorner  39.5916666666667
cellsize 0.00833333333332943
NODATA_value  -9999
[rows 38 to 75 of 166, columns 84 to 167 of 170]
7534 7546 7557 7578 7600 7517 7482 7472 7447 7549 7626 7623 7522 7624 7820 7881 7933 8035 8073 8144 8209 8304 8326 8337 8342 8351 8332 8304 8326 8311 8385 8384 8383 8414 8402 8375 8360 8359 8382 8379 8369 8390 8402 8412 8442 8450 8452 8465 8465 8436 8456 8434 8384 8406 8419 8416 8451 8476 8466 8437 8438 8449 8460 8504 8507 8508 8492 8554 8575 8597 8610 8615 8631 8653 8658 8684 8690 8680 8690 8686 8702 8733 8744 8756
7461 7540 7539 7526 7486 7458 7499 7448 7476 7517 7528 7600 7648 7582 7726 7805 7772 7942 8035 8108 8172 8274 8302 8311 8342 8351 8341 8321 8320 8334 8360 8414 8403 8391 8364 8364 8383 8353 8352 8358 8370 8389 8391 8439 8450 8438 8446 8448 8440 8438 8436 8471 8412 8403 8449 8455 8477 8478 8466 8456 8447 8449 8466 8496 8550 8530 8508 8517 8569 8596 8622 8629 8628 8652 8660 8667 8688 8688 8688 8686 8697 8717 8754 8761
7429 7562 7521 7397 7359 7427 7426 7415 7438 7458 7562 7542 7605 7680 7680 7631 7634 7758 7907 7920 8126 8205 8279 8326 8343 8357 8333 8352 8361 8370 8404 8379 8403 8403 8391 8402 8418 8387 8370 8370 8411 8415 8404 8444 8449 8451 8467 8492 8432 8428 8452 8444 8437 8406 8407 8450 8479 8499 8536 8487 8478 8480 8491 8513 8527 8550 8527 8523 8569 8612 8647 8647 8665 8655 8670 8685 8708 8688 8701 8713 8710 8739 8781 8769
7371 7441 7507 7407 7356 7339 7391 7391 7387 7437 7498 7542 7574 7598 7746 7641 7736 7748 7969 7894 8069 8109 8268 8301 8343 8364 8354 8351 8369 8407 8393 8379 8403 8392 8396 8409 8419 8394 8394 8381 8384 8414 8425 8442 8454 8483 8483 8492 8453 8428 8428 8452 8444 8423 8435 8444 8461 8481 8525 8543 8527 8540 8533 8511 8541 8554 8534 8558 8580 8611 8636 8641 8678 8678 8683 8695 8698 8709 8690 8718 8718 8745 8749 8774
7363 7402 7457 7440 7341 7334 7344 7381 7426 7416 7373 7443 7492 7541 7651 7628 7537 7670 7728 7867 8069 8115 8157 8283 8305 8330 8364 8322 8406 8400 8391 8402 8412 8407 8401 8420 8409 8403 8385 8425 8392 8435 8457 8443 8466 8477 8484 8471 8478 8459 8441 8452 8476 8487 8437 8451 8465 8476 8525 8537 8563 8562 8551 8541 8534 8568 8594 8547 8580 8614 8630 8661 8686 8680 8686 8686 8707 8720 8744 8749 8737 8745 8766 8755
7385 7426 7406 7481 7377 7329 7300 7324 7394 7459 7440 7474 7542 7532 7526 7598 7456 7531 7672 7751 7881 8060 8209 8257 8265 8311 8218 8322 8363 8400 8391 8411 8407 8395 8395 8425 8426 8445 8447 8451 8447 8428 8477 8454 8466 8460 8495 8497 8488 8485 8469 8474 8504 8497 8461 8443 8463 8490 8532 8577 8564 8559 8567 8541 8561 8568 8586 8568 8595 8625 8636 8667 8682 8695 8711 8732 8728 8719 8734 8737 8768 8759 8794 8801
7344 7363 7393 7474 7525 7489 7335 7336 7327 7394 7439 7557 7577 7648 7760 7595 7472 7579 7711 7832 7894 8024 8124 8204 8218 8228 8310 8365 8380 8369 8358 8381 8395 8417 8404 8430 8415 8419 8436 8484 8484 8484 8438 8461 8474 8496 8501 8513 8494 8486 8485 8507 8490 8479 8485 8466 8466 8477 8525 8525 8573 8564 8589 8574 8548 8561 8597 8586 8592 8630 8663 8682 8677 8715 8714 8718 8738 8727 8724 8755 8765 8784 8779 8803
7346 7354 7403 7426 7487 7566 7363 7336 7340 7389 7438 7496 7538 7652 7756 7710 7543 7492 7523 7645 7798 7948 8051 8194 8173 8218 8197 8330 8343 8363 8345 8381 8351 8383 8396 8426 8429 8424 8421 8474 8479 8478 8490 8478 8493 8488 8498 8509 8495 8487 8495 8507 8531 8514 8523 8485 8448 8498 8525 8549 8566 8573 8617 8564 8589 8575 8580 8606 8633 8634 8664 8676 8721 8733 8735 8718 8731 8736 8755 8778 8765 8792 8796 8817
7355 7354 7380 7475 7511 7629 7448 7329 7339 7339 7373 7499 7616 7671 7709 7804 7776 7566 7521 7624 7692 7751 7903 8075 8188 8217 8228 8307 8328 8357 8366 8384 8385 8357 8399 8407 8399 8435 8455 8479 8467 8466 8466 8482 8499 8500 8512 8530 8507 8518 8514 8518 8514 8528 8515 8501 8485 8470 8525 8584 8584 8598 8616 8612 8594 8608 8579 8621 8637 8653 8670 8699 8709 8736 8738 8745 8730 8750 8762 8777 8777 8793 8792 8817
7456 7427 7463 7481 7508 7666 7616 7394 7376 7363 7419 7384 7421 7505 7633 7837 7824 7812 7754 7592 7587 7672 7837 7999 8221 8201 8212 8322 8334 8356 8347 8366 8355 8351 8400 8411 8399 8415 8433 8479 8458 8507 8521 8497 8532 8532 8532 8543 8521 8532 8544 8533 8532 8514 8557 8544 8514 8501 8522 8580 8597 8639 8610 8621 8617 8613 8587 8606 8647 8670 8664 8677 8695 8725 8745 8750 8749 8778 8778 8780 8775 8803 8821 8822
7327 7408 7466 7553 7556 7712 7714 7730 7674 7537 7441 7388 7344 7389 7379 7545 7767 7872 7916 7756 7606 7598 7616 7636 8067 8182 8211 8192 8314 8368 8347 8342 8360 8357 8400 8405 8414 8428 8435 8471 8460 8509 8508 8520 8519 8537 8531 8544 8544 8529 8555 8555 8542 8549 8549 8565 8520 8537 8543 8562 8601 8632 8625 8625 8621 8622 8617 8646 8663 8688 8692 8685 8720 8751 8754 8749 8752 8772 8780 8786 8817 8818 8807 8822
7301 7298 7327 7432 7380 7505 7540 7529 7738 7798 7809 7573 7453 7440 7469 7534 7703 7861 7953 7909 7936 7648 7768 7784 8014 8141 8211 8166 8311 8363 8362 8369 8355 8358 8390 8415 8417 8424 8440 8471 8466 8497 8508 8544 8550 8541 8548 8560 8550 8544 8555 8566 8555 8577 8577 8565 8556 8590 8562 8601 8621 8621 8632 8632 8625 8627 8646 8637 8691 8701 8732 8701 8733 8754 8765 8762 8766 8790 8787 8798 8820 8829 8837 8826
7307 7307 7300 7307 7317 7447 7520 7568 7611 7641 7787 7890 7519 7345 7386 7568 7717 7841 7954 8011 7948 7843 7613 7733 7943 8175 8173 8191 8314 8347 8362 8365 8390 8352 8374 8416 8395 8437 8429 8416 8466 8477 8534 8550 8543 8560 8541 8569 8556 8560 8584 8558 8558 8569 8580 8588 8588 8588 8625 8610 8624 8643 8654 8653 8632 8647 8666 8687 8688 8712 8713 8743 8743 8758 8778 8779 8791 8790 8814 8808 8830 8827 8829 8835
7273 7263 7278 7292 7298 7368 7409 7576 7662 7679 7732 7917 7857 7496 7363 7411 7509 7824 7907 7993 7986 7854 7546 7721 7853 8178 8202 8221 8190 8316 8346 8354 8366 8367 8367 8400 8395 8442 8426 8416 8460 8493 8521 8550 8555 8558 8548 8569 8578 8562 8584 8596 8596 8558 8571 8600 8593 8613 8632 8632 8633 8652 8664 8664 8650 8665 8670 8690 8711 8710 8746 8749 8736 8754 8778 8785 8784 8803 8793 8834 8827 8819 8828 8852
7251 7297 7296 7307 7317 7359 7465 7539 7540 7579 7605 7793 7938 7815 7621 7551 7428 7570 7760 7975 8036 7936 7619 7721 7833 8010 8170 8175 8149 8313 8334 8363 8346 8387 8379 8411 8389 8414 8437 8469 8465 8482 8522 8509 8552 8569 8569 8580 8591 8599 8589 8597 8563 8586 8586 8596 8613 8636 8632 8632 8644 8663 8697 8675 8670 8681 8680 8714 8753 8745 8746 8772 8743 8758 8786 8797 8791 8802 8821 8834 8846 8845 8836 8844
7247 7267 7257 7264 7279 7432 7493 7477 7518 7540 7557 7680 7811 7938 7970 7823 7633 7590 7581 7880 8050 8044 7854 7795 7966 8036 8212 8203 8206 8240 8325 8353 8363 8382 8379 8408 8389 8441 8437 8449 8465 8493 8530 8532 8533 8573 8578 8602 8589 8612 8612 8597 8558 8588 8625 8610 8631 8641 8641 8641 8644 8664 8664 8699 8698 8694 8708 8736 8752 8756 8755 8762 8787 8755 8774 8780 8811 8824 8840 8840 8869 8864 8862 8875
7269 7254 7281 7268 7307 7371 7432 7355 7434 7549 7637 7689 7781 7907 8024 8102 8020 7863 7702 7793 7994 8150 7958 8068 8031 8175 8197 8151 8096 8190 8322 8376 8430 8394 8384 8413 8401 8448 8436 8479 8458 8482 8505 8530 8534 8561 8582 8594 8600 8593 8625 8636 8600 8600 8635 8657 8632 8652 8663 8654 8653 8664 8687 8710 8721 8726 8707 8736 8744 8775 8775 8778 8791 8784 8767 8780 8814 8820 8839 8844 8883 8875 8862 8877
7267 7256 7264 7268 7290 7338 7323 7322 7345 7426 7548 7654 7755 7825 7960 8135 8151 8051 8025 7875 7937 8050 8089 8010 7879 8152 8160 8213 8070 8264 8350 8384 8380 8391 8444 8431 8467 8503 8491 8498 8488 8524 8518 8541 8560 8559 8625 8637 8606 8626 8626 8638 8650 8652 8662 8653 8677 8685 8663 8645 8658 8679 8697 8730 8707 8725 8721 8764 8768 8767 8798 8784 8784 8817 8806 8780 8820 8820 8856 8863 8875 8879 8886 8900
7251 7257 7251 7268 7258 7230 7255 7326 7362 7305 7449 7573 7615 7660 7866 8010 8118 8131 8142 8199 7896 8064 8142 7991 7715 7984 8135 8188 8129 8308 8315 8344 8388 8400 8414 8462 8442 8448 8494 8507 8513 8503 8517 8541 8556 8566 8578 8625 8624 8626 8610 8656 8662 8656 8658 8669 8670 8674 8702 8702 8687 8698 8740 8722 8719 8725 8726 8725 8767 8799 8798 8803 8784 8795 8794 8801 8825 8846 8854 8862 8894 8889 8889 8886
7238 7239 7224 7242 7231 7266 7257 7362 7493 7312 7314 7435 7453 7462 7660 7939 8085 8098 8091 8204 8102 8102 8218 7882 7623 7918 8102 8104 8180 8280 8296 8353 8381 8408 8399 8422 8444 8476 8491 8522 8500 8507 8556 8555 8551 8579 8595 8615 8646 8652 8640 8652 8656 8667 8651 8695 8700 8724 8713 8692 8700 8733 8737 8757 8735 8707 8724 8763 8776 8800 8803 8818 8822 8820 8825 8824 8820 8827 8878 8888 8898 8898 8899 8913
7204 7215 7203 7230 7245 7232 7297 7303 7530 7383 7305 7376 7579 7479 7649 7769 7996 8109 8184 8184 8187 8239 8107 7959 7743 7872 8108 8112 8167 8173 8330 8354 8377 8411 8413 8400 8411 8458 8464 8504 8523 8564 8564 8575 8576 8583 8594 8615 8646 8635 8660 8649 8683 8664 8672 8695 8707 8718 8695 8726 8727 8730 8736 8757 8725 8757 8746 8777 8796 8817 8846 8833 8817 8831 8857 8858 8851 8858 8865 8899 8904 8904 8919 8923
7226 7238 7236 7215 7244 7216 7252 7308 7432 7541 7528 7443 7545 7633 7575 7675 7870 8065 8140 8131 8251 8225 8179 8075 7975 7815 8031 8153 8139 8213 8315 8379 8376 8398 8411 8392 8421 8457 8492 8506 8523 8568 8566 8564 8573 8575 8587 8609 8589 8591 8647 8682 8694 8688 8694 8707 8706 8698 8724 8745 8758 8751 8772 8762 8771 8767 8767 8773 8794 8821 8838 8844 8844 8846 8857 8870 8894 8885 8880 8900 8913 8942 8931 8932
7242 7226 7236 7227 7238 7238 7241 7367 7481 7547 7645 7633 7579 7645 7508 7589 7776 7975 8138 8171 8194 8263 8187 8143 8081 7883 8081 8134 8154 8212 8317 8367 8388 8380 8421 8382 8412 8439 8474 8474 8526 8563 8557 8547 8558 8585 8585 8579 8597 8600 8600 8624 8671 8688 8688 8722 8721 8706 8745 8757 8758 8756 8767 8788 8814 8818 8835 8835 8827 8849 8850 8850 8850 8864 8880 8874 8887 8915 8888 8899 8936 8943 8923 8952
7225 7206 7226 7234 7227 7275 7408 7456 7506 7488 7610 7727 7609 7719 7658 7588 7746 7916 8103 8205 8153 8292 8211 8255 8189 7939 8068 8185 8159 8242 8317 8368 8395 8407 8426 8422 8434 8435 8474 8497 8524 8517 8562 8524 8574 8566 8559 8550 8581 8590 8631 8660 8604 8612 8711 8726 8751 8751 8738 8738 8749 8760 8760 8794 8813 8830 8820 8830 8842 8865 8848 8851 8852 8877 8877 8905 8938 8915 8925 8924 8941 8948 8922 8945
7418 7222 7229 7235 7284 7332 7370 7421 7429 7460 7552 7637 7766 7841 7675 7740 7685 7851 7971 8217 8180 8286 8317 8269 8245 8186 8116 8250 8232 8286 8326 8390 8398 8407 8441 8435 8447 8482 8486 8510 8500 8517 8535 8539 8537 8560 8534 8544 8557 8590 8623 8609 8602 8620 8645 8691 8706 8716 8739 8762 8771 8782 8778 8790 8793 8830 8830 8832 8844 8848 8867 8876 8884 8896 8883 8909 8931 8938 8925 8962 8935 8959 8954 8954
7674 7580 7499 7324 7405 7388 7385 7331 7280 7328 7443 7579 7717 7858 7579 7537 7843 7843 7992 8140 8195 8243 8329 8301 8301 8276 8292 8265 8292 8244 8358 8377 8389 8399 8454 8441 8463 8482 8526 8531 8535 8543 8531 8565 8556 8547 8519 8502 8557 8588 8590 8575 8609 8597 8620 8656 8667 8738 8751 8783 8777 8775 8788 8787 8805 8820 8852 8830 8849 8849 8862 8890 8881 8893 8874 8894 8936 8947 8958 8964 8964 8960 8967 8952
7607 7545 7642 7581 7809 7506 7364 7326 7257 7328 7386 7521 7647 7830 7699 7568 7684 8035 8068 8111 8221 8154 8330 8375 8353 8315 8292 8200 8325 8302 8355 8361 8405 8429 8442 8479 8483 8479 8511 8530 8526 8525 8543 8559 8569 8534 8544 8543 8545 8537 8557 8587 8609 8625 8644 8638 8666 8685 8778 8762 8783 8788 8783 8798 8763 8827 8831 8830 8820 8842 8858 8859 8880 8881 8885 8894 8931 8938 8971 8959 8958 8954 8940 8974
7201 7327 7265 7401 7640 7673 7640 7713 7644 7756 7931 7561 7656 7820 7947 7557 7639 7877 8115 8180 8214 8285 8298 8333 8371 8348 8265 8274 8341 8336 8395 8417 8404 8451 8458 8474 8462 8492 8499 8517 8514 8543 8543 8555 8564 8579 8575 8545 8579 8575 8579 8608 8602 8632 8638 8672 8667 8711 8744 8735 8723 8711 8706 8717 8736 8756 8785 8773 8805 8816 8852 8882 8873 8870 8870 8889 8919 8908 8931 8937 8958 8965 8941 8985
7191 7223 7496 7684 7480 7338 7223 7304 7336 7801 7708 7884 7914 7962 7961 7767 7953 8029 8208 8213 8146 8331 8148 8363 8372 8370 8356 8371 8373 8353 8375 8406 8394 8431 8457 8452 8459 8492 8503 8522 8532 8547 8547 8568 8567 8580 8564 8587 8587 8589 8599 8608 8602 8641 8655 8658 8667 8664 8695 8695 8695 8690 8689 8700 8729 8734 8763 8776 8779 8791 8844 8853 8852 8820 8839 8852 8872 8911 8945 8931 8937 8966 8950 8961
7439 7530 7520 7231 7222 7242 7236 7201 7204 7238 7273 7530 7685 7820 7970 8045 7876 7823 7975 8218 8239 8306 8324 8351 8351 8408 8410 8397 8398 8353 8398 8447 8433 8442 8448 8479 8479 8492 8503 8522 8535 8531 8540 8540 8567 8575 8581 8587 8602 8587 8613 8617 8629 8607 8646 8655 8661 8639 8645 8653 8665 8665 8692 8704 8723 8743 8760 8773 8801 8805 8832 8858 8852 8820 8820 8837 8861 8857 8923 8924 8936 8942 8951 8978
7217 7218 7244 7369 7291 7204 7202 7292 7380 7234 7263 7349 7526 7655 7752 7914 7784 7685 7908 8127 8203 8292 8313 8330 8325 8376 8420 8418 8429 8462 8479 8500 8441 8481 8471 8501 8508 8491 8489 8535 8519 8551 8562 8567 8577 8596 8589 8596 8605 8630 8625 8630 8625 8626 8636 8641 8641 8665 8647 8653 8630 8669 8675 8716 8751 8771 8748 8749 8751 8784 8814 8828 8801 8803 8812 8820 8865 8894 8889 8866 8869 8893 8915 8963
7204 7210 7193 7204 7247 7313 7234 7321 7221 7352 7456 7550 7411 7569 7693 7823 7855 7866 7916 8090 8136 8190 8306 8300 8268 8388 8403 8433 8453 8418 8485 8500 8517 8516 8543 8510 8499 8535 8547 8524 8574 8567 8550 8578 8634 8656 8646 8656 8684 8638 8655 8634 8651 8651 8666 8636 8647 8647 8638 8638 8630 8664 8707 8707 8730 8730 8739 8735 8706 8756 8792 8792 8796 8809 8803 8836 8865 8863 8867 8867 8889 8945 8944 8970
7210 7186 7200 7195 7211 7309 7303 7350 7479 7430 7444 7596 7633 7591 7745 7798 7917 7986 8063 8181 8112 8200 8318 8338 8342 8378 8399 8431 8442 8451 8451 8484 8506 8496 8526 8538 8573 8573 8521 8573 8611 8610 8604 8610 8646 8619 8657 8684 8639 8684 8697 8714 8695 8682 8677 8656 8677 8677 8641 8636 8631 8658 8676 8695 8719 8705 8705 8685 8697 8740 8788 8813 8825 8843 8843 8834 8843 8868 8892 8892 8924 8919 8959 8959
7204 7184 7186 7180 7192 7263 7405 7393 7464 7513 7605 7514 7664 7592 7766 7864 7992 8051 8100 8208 8156 8238 8269 8312 8308 8297 8339 8372 8426 8451 8475 8473 8484 8512 8486 8520 8583 8573 8582 8620 8617 8620 8639 8608 8586 8573 8588 8601 8647 8627 8661 8699 8719 8723 8744 8710 8690 8661 8680 8704 8685 8660 8660 8670 8679 8681 8693 8693 8729 8759 8803 8817 8820 8874 8904 8871 8866 8871 8882 8902 8939 8972 8990 9002
7191 7180 7206 7198 7196 7207 7313 7470 7506 7431 7538 7596 7488 7418 7645 7907 7983 8154 8181 8142 8127 8239 8121 8243 8266 8279 8303 8371 8403 8442 8451 8472 8484 8500 8490 8529 8528 8551 8559 8617 8617 8620 8592 8550 8554 8573 8596 8599 8601 8610 8662 8667 8698 8719 8756 8756 8751 8729 8695 8728 8730 8701 8666 8667 8708 8719 8718 8735 8740 8784 8797 8808 8840 8838 8876 8904 8911 8905 8894 8945 8950 8958 8961 8991
7181 7197 7186 7219 7201 7242 7390 7588 7341 7353 7451 7586 7531 7469 7562 7723 7922 8144 8088 7956 8067 8188 8094 8240 8169 8303 8356 8391 8403 8446 8451 8463 8478 8497 8483 8494 8520 8490 8528 8516 8519 8503 8547 8545 8582 8585 8591 8602 8607 8626 8628 8655 8699 8710 8730 8744 8755 8763 8769 8761 8739 8696 8704 8717 8756 8748 8764 8781 8771 8816 8828 8843 8849 8864 8879 8890 8928 8927 8972 8972 8959 8964 8964 8969
7207 7204 7210 7210 7189 7263 7502 7643 7549 7402 7479 7519 7543 7509 7431 7683 7972 8113 7880 7999 8024 8033 8108 8207 8152 8303 8412 8434 8403 8443 8451 8467 8457 8480 8480 8481 8472 8472 8495 8471 8513 8503 8559 8557 8562 8540 8550 8573 8573 8617 8628 8651 8667 8699 8717 8729 8755 8788 8789 8802 8752 8756 8730 8742 8768 8766 8793 8810 8786 8834 8837 8849 8899 8895 8896 8924 8924 8940 8939 8954 8967 8971 8968 8973
7209 7186 7204 7198 7189 7274 7484 7664 7640 7353 7473 7476 7420 7507 7645 7804 7922 8076 7845 7989 7985 7917 8050 8214 8187 8303 8378 8384 8400 8433 8430 8446 8427 8452 8454 8492 8483 8483 8471 8468 8498 8536 8503 8559 8513 8511 8519 8569 8602 8612 8640 8655 8680 8667 8695 8725 8755 8751 8777 8793 8792 8817 8817 8784 8776 8793 8822 8834 8864 8870 8877 8898 8905 8915 8911 8924 8931 8919 8931 8937 8972 8971 8981 8973
