test/HelianthusTinyTest/asciifiles/nabio_8.asc
ncols  170
nrows  166
xllcorner  -106.083333333333
yllcorner  39.5916666666667
cellsize 0.00833333333332943
NODATA_value  -9999
[rows 0 to 41 of 166, columns 0 to 94 of 170]
105 106 108 108 114 116 112 111 115 121 120 118 118 116 114 114 113 110 107 111 104 104 111 113 107 108 113 111 111 117 113 113 113 110 110 114 116 113 113 113 111 111 110 110 106 105 103 101 99 98 100 100 102 106 106 104 103 103 102 102 107 109 118 116 115 118 113 115 120 120 119 119 120 121 122 123 122 122 124 125 125 134 129 133 135 135 138 135 130 129 129 134 136 133 132
104 104 106 110 113 110 108 114 117 120 121 119 116 108 107 108 111 107 104 104 104 106 111 102 99 97 98 105 98 93 97 111 110 106 110 113 113 112 109 109 109 108 105 104 101 101 101 103 101 100 103 100 101 100 96 94 96 99 99 98 108 107 111 118 120 120 112 117 119 122 125 120 121 122 123 123 123 124 125 127 128 129 133 136 137 138 139 138 131 133 132 135 137 134 132
100 104 107 110 112 109 114 117 119 119 120 120 118 111 105 107 106 106 103 94 98 103 104 100 99 94 94 93 96 88 92 104 106 107 106 111 107 108 107 107 103 103 101 102 103 104 106 104 104 104 104 96 98 99 96 94 98 97 99 107 109 112 113 111 114 120 117 120 119 119 127 129 125 125 125 126 126 125 131 130 132 133 132 133 134 134 139 138 135 138 135 139 137 135 134
96 100 104 106 108 109 116 117 118 118 117 118 120 114 105 105 104 107 96 93 94 100 99 97 95 96 92 90 89 86 94 101 104 105 106 107 108 107 106 104 102 97 100 104 105 107 105 108 106 107 98 102 102 99 98 102 100 98 96 106 110 111 109 112 114 121 124 126 121 121 122 127 130 127 132 134 129 127 131 128 133 134 133 135 136 136 141 138 139 139 139 139 137 136 135
96 96 100 101 104 113 111 115 117 117 116 117 119 119 114 106 108 109 92 96 97 97 93 93 90 94 91 88 87 85 84 95 99 103 106 106 108 105 103 100 99 98 102 105 103 102 101 101 99 101 105 107 104 106 102 103 101 99 102 104 107 109 111 110 112 119 119 125 130 124 119 122 128 132 133 134 131 130 130 132 131 135 136 133 138 140 141 138 142 142 140 140 140 138 137
92 95 95 99 105 106 109 111 112 115 115 116 117 117 119 118 115 111 101 101 101 97 95 95 93 94 90 86 83 79 77 85 97 103 104 106 104 102 101 96 95 100 101 99 101 99 96 96 101 103 106 103 107 109 108 105 103 105 104 107 107 109 112 114 115 118 117 122 130 133 122 119 122 131 135 136 137 137 135 133 132 139 142 138 138 136 139 143 142 140 141 141 141 140 139
92 95 103 103 103 105 107 111 110 109 109 112 115 113 117 118 118 116 113 108 106 105 99 96 94 91 87 84 79 75 77 89 97 102 104 104 102 98 96 98 100 100 98 97 98 94 94 99 100 97 96 102 104 105 109 109 110 110 109 107 111 110 107 111 114 116 120 120 125 132 131 126 121 125 125 131 132 135 139 137 134 135 140 137 137 144 145 144 139 141 142 142 142 142 141
91 93 99 104 107 107 104 105 105 107 110 111 111 111 113 117 118 117 116 115 114 110 105 101 98 94 87 83 80 78 84 94 99 101 102 99 98 96 95 94 96 91 92 91 91 93 92 95 93 94 97 98 100 104 101 103 104 108 112 115 110 115 114 112 116 118 119 120 121 125 133 135 132 131 129 124 126 129 133 141 143 141 144 144 143 143 138 138 141 142 143 143 143 143 143
85 87 91 89 104 94 99 100 105 108 104 106 106 109 111 114 117 116 116 115 115 113 111 107 102 89 86 83 81 84 91 95 99 98 94 95 94 93 92 92 92 92 88 89 89 89 91 89 91 91 90 96 98 102 103 101 104 106 107 112 116 118 112 111 113 112 121 124 126 127 129 130 135 136 138 139 132 137 139 133 137 143 145 143 141 145 143 142 140 142 144 143 144 144 144
81 82 88 85 85 85 89 97 101 102 105 109 111 113 115 115 114 116 115 115 114 114 113 111 104 91 91 88 95 96 95 96 96 94 91 88 87 89 90 89 90 91 85 86 88 86 88 89 96 96 99 98 98 101 100 102 101 108 110 112 114 123 122 121 120 117 115 123 126 131 133 129 136 137 137 136 132 134 130 131 132 136 137 143 145 149 144 140 142 142 145 144 144 145 146
30 82 80 81 79 85 83 91 94 99 104 108 110 113 114 113 113 117 115 115 114 113 113 112 109 99 96 102 99 94 95 92 89 89 87 87 85 85 86 85 81 83 82 84 86 88 91 94 94 95 96 96 98 102 103 105 108 111 115 110 115 119 121 114 120 122 121 122 130 128 130 135 131 129 131 134 131 135 136 139 137 134 139 145 146 149 150 151 147 149 145 144 145 145 146
-21 76 -21 77 78 80 83 88 91 94 96 102 106 107 105 113 114 115 115 114 113 112 112 111 109 102 101 104 95 91 82 77 76 84 83 81 79 77 79 80 83 86 85 85 82 82 83 84 86 85 83 90 93 99 96 98 102 104 105 108 110 114 113 113 110 112 111 115 116 119 126 124 122 123 124 129 132 133 136 138 140 141 141 143 144 147 150 151 151 150 148 145 146 147 148
-24 -25 -23 74 78 79 82 87 88 95 97 101 103 104 111 114 114 113 116 115 115 113 112 110 109 102 100 100 91 83 76 72 74 77 82 75 75 78 80 78 83 84 85 91 90 84 83 84 85 85 87 90 86 83 89 94 102 103 111 113 115 110 110 111 113 114 116 117 120 125 120 121 120 122 122 127 129 132 134 136 137 139 142 143 145 146 147 145 148 149 146 144 144 145 147
-29 -27 -27 -25 76 80 84 86 85 90 93 97 101 104 109 113 108 101 104 111 115 114 113 111 110 100 99 96 86 77 72 72 75 75 74 72 75 78 74 76 84 84 87 88 92 93 96 96 97 95 95 96 93 98 100 102 102 104 110 108 109 110 112 116 116 118 118 120 119 121 120 117 120 122 123 123 124 127 129 133 136 138 140 143 143 145 145 145 145 143 153 149 148 146 147
-23 -25 -27 -24 -23 79 83 81 84 87 91 94 96 102 108 113 109 105 104 102 112 113 112 108 106 100 95 89 72 72 72 73 74 73 71 72 75 74 73 70 70 77 81 83 86 82 85 87 96 100 103 104 106 105 105 109 108 109 107 109 113 114 114 117 116 119 120 120 119 118 118 118 123 127 130 126 134 135 134 133 135 138 142 146 145 146 146 145 145 146 145 145 150 146 148
-20 78 81 31 76 82 -21 77 81 83 90 91 94 97 105 111 112 104 106 105 105 113 111 109 108 98 92 80 71 72 72 73 73 73 72 71 72 70 68 69 69 73 78 82 85 88 89 91 93 97 100 102 105 106 104 105 105 107 107 107 109 111 114 114 117 117 116 118 118 118 118 117 119 129 134 136 137 138 139 140 141 143 140 141 143 145 149 149 148 149 147 144 147 151 153
-31 -30 77 82 83 83 78 76 80 78 80 87 91 92 98 106 112 110 105 105 105 112 111 108 106 96 86 76 71 71 72 72 72 72 71 71 69 69 68 68 71 76 79 78 81 87 92 95 99 101 105 103 104 106 110 111 114 116 118 116 115 121 111 114 110 116 116 115 118 123 126 124 126 129 126 127 120 124 132 134 140 140 138 137 140 142 145 145 146 149 145 146 146 148 151
-34 -32 -29 75 83 83 83 75 76 78 79 82 86 88 91 94 103 111 108 107 105 107 112 110 107 103 82 75 71 69 -26 72 72 73 72 72 70 68 -29 -31 68 74 78 81 81 87 90 96 94 95 97 102 104 105 106 106 110 109 112 111 118 123 124 126 121 120 118 121 125 126 127 126 124 122 122 122 122 125 131 132 135 137 137 143 146 150 151 151 153 146 145 150 149 151 154
-30 -28 -26 75 81 83 82 79 -22 77 81 83 85 89 91 94 104 110 107 104 102 103 107 111 106 97 82 78 73 -27 69 72 73 75 74 72 70 -28 -30 -28 69 73 78 82 84 89 94 90 90 89 96 101 103 104 103 104 107 107 109 110 114 117 119 116 120 123 130 128 128 122 120 120 118 121 121 121 121 126 127 128 130 135 138 139 144 150 151 153 154 154 152 152 151 156 157
78 -22 -22 -20 78 83 83 82 -21 -22 76 82 85 90 95 98 101 108 107 105 104 103 104 111 111 100 85 80 75 -26 69 71 74 77 75 73 71 -27 -28 70 77 82 82 87 87 87 88 89 90 91 95 99 100 100 102 103 106 107 109 111 113 115 113 115 116 119 117 119 130 132 126 118 119 118 125 120 121 123 123 127 130 134 138 140 142 145 149 151 150 153 156 155 156 158 158
90 83 78 -21 -23 -19 80 82 80 77 79 82 89 87 90 95 100 108 106 102 106 104 103 102 110 100 84 77 74 71 72 74 75 77 75 74 72 70 71 73 80 79 83 78 80 81 81 84 82 88 91 94 99 100 103 103 104 107 108 110 112 113 113 114 115 117 118 121 120 120 128 130 131 136 131 128 124 123 124 126 129 128 140 143 143 143 147 151 152 152 155 153 156 157 158
103 93 80 -25 -28 -26 -21 80 82 79 80 78 83 85 93 95 93 98 105 104 106 106 107 107 109 109 92 78 75 72 76 78 77 76 74 75 72 71 73 73 71 67 71 72 77 75 77 76 78 77 85 91 93 99 102 105 107 107 107 109 110 111 113 114 113 114 113 116 115 120 122 124 129 134 133 138 138 130 131 133 131 133 136 139 141 148 149 150 150 154 151 150 156 159 160
103 98 89 -20 -29 -31 -27 -21 80 78 77 79 88 77 83 86 89 94 100 97 100 106 107 108 109 107 104 90 83 80 77 76 74 72 -25 -25 70 69 -30 70 -28 -31 -31 -27 69 69 70 72 75 76 82 91 94 97 102 106 107 110 110 111 112 112 112 114 114 115 116 116 117 120 122 122 120 122 122 134 141 139 141 138 133 137 140 141 147 148 148 150 152 151 151 158 158 158 157
106 102 98 88 -20 -27 -30 -25 78 82 77 83 83 78 83 82 84 89 93 95 96 102 108 108 109 102 104 84 78 75 75 74 73 71 72 -25 -28 71 -28 -33 -31 -33 -35 -37 -31 -31 -33 70 78 81 85 89 95 99 103 104 104 106 108 110 110 112 113 112 112 114 116 118 117 114 117 118 119 119 124 126 127 133 144 142 124 133 134 137 141 144 147 150 153 153 155 156 156 156 157
107 106 102 94 83 -21 -28 -26 -20 82 81 81 -23 -21 -20 79 82 84 87 86 91 97 105 108 105 99 103 92 79 75 74 74 76 75 77 76 73 73 73 69 -28 -32 -32 -34 -37 -35 -29 73 78 84 85 91 96 99 98 101 104 105 107 106 108 108 107 112 114 113 112 111 116 118 119 119 120 121 120 119 120 124 135 133 147 144 139 139 143 144 150 154 152 152 152 151 154 155 151
109 107 103 97 92 82 -24 -30 -28 -22 79 78 -27 -26 76 77 75 79 85 90 90 93 103 108 101 91 103 90 82 76 74 76 77 78 76 74 75 75 78 72 -27 -28 -31 -30 -32 -31 -29 73 78 83 86 90 91 95 98 100 102 104 105 106 105 104 103 105 108 111 107 109 112 115 117 117 118 119 119 123 124 125 126 131 135 138 141 150 148 151 149 149 150 149 149 146 147 149 144
111 110 108 98 85 -20 -30 -34 -32 -27 79 78 -26 -28 -27 -24 75 79 83 85 87 91 100 108 105 95 103 90 86 87 76 83 79 77 73 73 72 79 73 70 -28 73 72 70 -30 -29 -33 68 75 79 86 87 92 96 97 99 101 99 100 103 107 109 108 110 115 115 114 113 119 118 119 119 124 124 124 125 126 128 128 130 131 132 135 139 138 141 144 144 147 149 147 145 146 145 141
112 110 108 102 91 81 -22 -29 -36 -31 -23 78 -20 -29 -30 -25 75 77 81 79 84 88 95 106 106 97 102 90 84 82 77 78 78 78 76 75 78 83 78 74 71 73 77 76 77 73 -31 -30 68 73 80 87 90 94 96 98 98 98 99 102 107 109 112 116 120 120 121 121 123 124 124 126 125 127 129 125 122 123 121 130 132 131 131 133 138 142 140 142 146 146 145 147 148 146 141
111 110 108 104 104 93 85 77 -35 -35 -32 -23 -22 -25 -34 -29 -26 -22 75 79 82 86 94 97 105 106 98 84 81 77 76 74 73 74 75 76 76 86 87 -25 74 76 85 84 82 75 72 71 72 77 83 88 93 94 96 96 96 99 103 109 112 115 113 116 120 121 122 123 126 127 125 129 128 133 132 125 123 123 124 125 131 136 134 135 138 139 139 141 143 147 150 150 148 144 140
110 109 108 109 104 102 98 85 -19 -29 -35 -32 -30 -26 -29 -30 -28 -26 -23 76 79 80 81 82 105 106 100 85 80 77 74 -22 -23 74 75 77 76 75 77 93 98 88 91 86 85 80 74 77 83 87 92 95 98 94 94 96 101 100 104 107 107 101 106 109 115 121 117 120 118 114 121 124 128 125 126 131 129 127 128 130 132 135 139 140 141 140 141 143 145 144 147 151 150 138 134
111 108 108 103 103 100 100 97 85 82 -32 -40 -32 -31 -28 -30 -29 -26 -24 -20 77 -20 79 82 89 105 106 87 78 76 74 -23 -22 75 76 79 78 77 79 81 101 111 98 91 89 92 84 74 79 85 88 93 97 100 104 107 110 112 111 114 106 103 105 108 108 110 112 114 110 111 112 117 117 119 125 127 133 127 128 127 129 133 137 140 139 143 141 145 139 142 145 149 151 138 140
111 111 110 106 99 100 101 98 93 84 -24 -37 -36 -32 -35 -32 -32 -31 -25 76 -23 -26 74 78 84 99 105 88 77 74 74 -23 75 77 76 79 81 88 91 99 121 119 121 108 100 93 99 95 93 97 88 96 112 102 104 101 106 115 124 123 113 113 116 123 108 114 116 119 120 119 121 119 122 123 125 126 130 136 137 134 132 133 135 136 138 140 137 138 137 143 143 149 155 142 141
111 111 110 110 109 104 100 94 90 92 -19 -44 -45 -36 -32 -35 -32 -29 -27 -31 -29 -29 -25 -20 79 91 104 86 75 74 -21 -23 75 76 81 87 87 88 120 119 121 102 122 122 122 110 107 109 118 110 109 106 127 123 122 114 108 112 122 127 128 117 126 117 126 132 130 126 128 130 129 133 126 127 129 134 137 142 140 136 129 133 136 140 140 138 136 138 144 144 142 145 156 144 145
110 110 110 109 108 106 100 99 96 93 82 -31 -41 -51 -37 -36 -33 -31 -30 -32 -32 -33 -32 -24 -20 87 104 103 -22 -22 -23 -23 -22 77 76 75 79 94 119 120 96 94 97 102 112 118 120 124 124 120 126 118 120 117 122 130 128 132 129 131 130 135 136 128 137 138 138 139 132 136 137 135 130 135 135 142 147 148 140 140 138 133 136 145 156 157 133 145 152 156 156 155 160 151 155
109 109 109 109 109 108 105 101 91 90 84 -25 -43 -55 -48 -38 -35 -38 -35 -35 -37 -32 -28 -23 -21 84 103 103 89 76 -22 -23 -23 -21 74 76 77 119 120 97 77 79 77 85 87 93 105 109 109 108 110 110 111 113 114 109 111 119 116 115 117 114 118 120 124 121 128 130 130 131 137 139 138 139 137 137 143 143 149 144 149 148 146 156 154 153 154 158 160 149 147 163 159 163 159
108 108 108 109 109 107 105 99 94 89 83 -20 -39 -55 -52 -43 -43 -46 -49 -38 -38 -37 -33 -28 76 84 95 102 87 78 -21 78 80 75 86 93 118 115 106 98 84 78 80 85 90 93 94 90 94 99 94 93 95 100 99 101 100 104 109 106 105 111 111 115 115 116 118 118 117 121 131 137 136 143 137 139 140 142 142 143 153 155 147 152 144 127 135 147 150 132 137 145 153 157 152
106 107 107 108 109 108 105 102 98 88 86 -21 -32 -49 -56 -48 -41 -36 -43 -38 -36 -39 -29 -21 83 91 102 102 82 83 85 89 99 108 116 114 117 95 94 97 85 78 75 74 75 87 81 77 79 89 92 85 83 90 91 96 98 98 99 100 101 104 106 110 111 111 108 108 115 125 129 134 136 127 124 129 135 125 140 141 136 126 149 147 147 127 126 137 147 134 140 141 152 152 147
101 104 106 107 108 108 105 99 97 91 86 -19 -31 -34 -54 -61 -46 -38 -31 -28 -23 78 83 86 89 86 96 94 81 77 -20 85 107 99 92 89 86 84 91 90 85 79 76 -22 -25 75 72 75 78 85 84 79 79 83 87 91 94 93 93 103 107 113 113 115 116 117 113 114 120 127 127 124 129 132 130 133 127 132 128 125 125 135 136 137 142 132 135 142 145 134 132 145 148 146 147
96 97 104 105 106 106 104 101 91 90 84 -18 -28 -36 -41 -59 -48 -39 -33 -31 -25 79 -19 -29 -24 85 99 99 81 79 80 90 109 87 80 80 83 85 83 81 85 78 -21 -24 -28 -30 -30 73 79 78 79 74 76 82 86 85 90 91 99 103 106 106 108 111 116 120 121 119 118 117 115 120 124 120 130 125 127 118 112 117 125 132 122 120 135 136 136 137 139 134 132 131 129 136 141
99 100 98 104 104 106 105 101 96 93 86 85 -19 -20 -37 -55 -50 -40 -45 -40 -29 -21 -40 -33 -19 83 96 98 80 81 86 91 98 93 80 80 80 76 77 80 77 80 76 -21 -24 -28 -30 -25 -24 -24 73 -26 75 79 76 85 88 90 93 96 98 97 97 104 107 114 118 115 117 117 121 121 122 114 124 122 121 115 111 113 115 113 116 120 130 136 136 134 133 131 133 131 132 135 136
98 100 100 101 102 104 104 104 96 90 87 81 -21 -34 -28 -38 -52 -46 -43 -31 -26 -26 -42 -35 -26 80 91 93 83 83 83 79 89 99 -19 77 79 75 -22 75 80 74 76 -22 -27 -32 -35 -37 -37 -32 -24 78 77 83 87 91 93 91 85 86 92 99 102 104 108 110 113 114 109 115 122 119 111 111 116 117 116 114 112 108 105 111 115 122 127 137 135 126 119 128 129 128 130 131 139
99 102 102 102 100 101 101 103 99 93 88 83 80 -35 -37 -39 -42 -40 -36 -30 -34 -49 -55 -41 -33 -19 89 95 85 85 83 86 97 97 84 77 -21 -23 -23 -24 75 -25 -22 -23 -26 -32 -37 -41 -41 -36 -34 -27 -26 79 82 90 90 95 98 91 92 96 102 102 109 113 114 116 117 113 105 110 108 108 108 111 107 105 107 107 113 115 120 125 121 130 135 129 122 117 126 127 126 130 135
