test/HelianthusTinyTest/asciifiles/nabio_12.asc
ncols  170
nrows  166
xllcorner  -106.083333333333
yllcorner  39.5916666666667
cellsize 0.00833333333332943
NODATA_value  -9999
[rows 84 to 125 of 166, columns 0 to 93 of 170]
540 514 524 549 560 587 641 673 691 737 762 740 711 674 654 648 634 661 682 645 608 593 599 570 547 519 493 496 501 498 511 538 559 582 611 600 564 539 578 679 721 713 754 661 616 765 801 875 870 822 853 818 775 699 781 858 872 836 782 750 723 667 622 552 531 523 538 609 660 646 582 554 512 456 439 439 429 438 415 439 424 417 404 412 424 408 403 403 409 405 406 407 407 406
500 534 545 563 584 588 632 685 724 747 707 720 701 674 642 630 622 636 661 669 645 585 553 552 528 490 492 494 499 501 507 511 511 562 522 480 485 607 646 723 782 781 717 728 668 627 704 782 866 879 904 863 791 753 794 899 888 836 787 751 699 679 631 574 528 517 504 525 575 642 585 593 497 442 442 456 430 428 408 410 415 409 427 438 437 423 416 405 405 405 406 407 406 406
495 514 532 529 570 608 635 684 728 727 706 688 659 647 633 622 618 608 622 656 663 626 552 538 509 496 495 495 490 485 472 455 464 472 473 568 632 677 697 729 764 805 817 714 724 733 683 677 724 744 784 826 842 819 819 917 937 819 865 817 760 683 592 562 539 505 504 489 514 532 543 510 488 449 426 423 428 423 446 431 424 417 417 473 453 417 415 408 405 407 407 406 408 407
498 476 557 569 559 591 628 658 688 690 673 661 634 629 620 608 635 633 603 600 635 621 589 554 512 484 494 494 485 447 452 447 449 450 547 592 632 637 668 725 766 759 804 816 800 773 746 687 837 801 836 836 805 900 877 833 876 923 881 803 717 647 570 562 523 501 490 475 463 500 500 523 480 446 434 442 440 469 475 451 417 424 412 463 437 417 414 418 407 408 407 408 407 408
527 490 501 555 569 578 608 636 669 652 628 614 611 587 613 575 604 590 571 549 582 592 578 580 471 475 479 489 445 445 446 520 447 455 473 494 481 538 637 690 723 706 738 747 795 817 752 788 872 913 926 784 786 779 805 757 796 788 812 811 767 683 609 566 531 501 484 474 474 453 468 500 498 455 444 456 464 467 458 445 415 409 405 406 407 406 405 409 407 408 407 408 408 408
550 498 483 505 564 561 607 628 619 620 591 575 581 556 555 556 565 563 524 524 499 525 539 534 504 464 469 461 444 445 549 563 591 583 495 495 577 491 501 589 603 635 636 687 695 720 751 757 817 857 810 758 747 750 776 774 735 704 722 756 725 673 624 591 536 506 476 496 508 474 464 463 489 467 476 485 462 458 458 425 405 405 407 408 407 409 410 409 409 410 410 411 410 408
536 518 515 479 526 552 601 588 591 603 564 534 566 564 524 515 553 529 509 488 479 474 521 496 491 461 459 441 441 444 489 538 557 625 648 645 627 653 675 636 606 684 792 755 759 714 712 680 726 817 809 770 699 700 712 751 750 698 665 655 641 634 626 558 516 464 462 456 484 474 482 465 457 451 430 453 457 421 455 421 405 407 407 407 407 408 409 408 411 411 414 411 411 411
537 552 523 471 514 506 544 522 581 581 517 511 589 534 491 489 563 520 468 465 489 478 470 487 470 466 473 447 441 451 460 510 564 610 663 719 673 669 707 697 612 652 767 761 786 804 799 777 754 839 768 750 721 678 646 659 628 671 656 629 611 591 477 477 474 464 477 465 458 469 446 423 422 418 425 408 418 406 413 413 408 415 407 409 409 409 410 411 413 411 413 413 411 411
562 543 508 544 464 477 489 541 569 526 490 542 526 498 469 485 539 506 465 454 449 464 454 455 451 457 454 458 440 437 458 511 530 560 624 685 699 688 715 743 676 671 683 704 768 800 817 859 859 873 866 813 768 713 672 637 614 597 601 586 518 524 534 530 508 503 475 465 458 447 455 489 505 486 460 470 439 422 444 411 406 408 408 413 411 414 413 418 418 413 412 411 413 408
566 533 551 574 575 505 476 523 543 484 522 544 479 468 471 483 531 521 461 452 443 438 442 451 432 447 438 489 500 479 437 486 522 549 571 569 627 701 723 745 743 751 742 658 690 734 771 812 843 817 824 792 738 691 647 675 654 653 561 554 520 626 647 588 541 507 490 479 470 450 495 494 490 551 514 519 447 429 424 415 413 418 428 447 429 440 426 442 417 413 410 412 414 410
534 541 589 587 593 523 488 442 462 451 530 508 449 499 528 499 499 488 491 452 446 437 431 444 424 424 422 446 500 530 504 433 489 516 554 562 596 643 687 718 739 789 834 743 711 708 750 749 828 836 800 747 799 807 763 725 690 670 637 646 667 711 687 636 581 565 484 473 463 454 482 474 464 452 449 442 441 425 416 421 422 431 446 450 459 438 416 412 413 413 412 414 413 413
602 616 610 623 592 560 563 502 436 435 445 448 446 481 499 511 505 469 443 452 432 432 427 424 422 422 420 432 456 489 507 429 432 552 577 631 604 650 657 668 747 755 807 774 782 704 752 798 865 869 839 841 865 859 793 719 696 661 658 666 711 762 732 669 649 597 514 499 536 505 513 513 475 452 453 462 459 433 428 421 432 457 463 458 464 438 420 413 412 415 418 419 418 418
623 631 629 632 632 611 573 510 466 449 431 429 454 457 484 494 507 452 433 427 440 434 425 424 423 422 422 422 423 456 488 438 486 524 574 630 681 742 733 776 774 728 776 839 807 760 717 795 873 894 843 787 797 756 732 718 682 678 734 700 728 756 726 674 622 571 526 557 604 597 566 546 494 461 460 454 435 431 422 421 414 419 424 423 417 418 414 421 414 421 425 419 419 419
598 577 604 584 618 613 546 525 521 455 437 427 425 443 469 478 471 456 429 425 472 474 426 425 424 423 422 422 423 453 429 430 501 521 562 609 674 720 763 790 819 708 729 759 792 807 809 749 787 865 824 759 760 711 701 770 779 746 790 834 792 768 736 679 623 573 577 621 651 584 532 499 479 469 455 439 435 452 441 439 426 417 425 425 430 439 426 419 430 439 434 419 419 417
613 627 529 526 561 622 611 564 558 494 442 424 430 419 456 437 437 432 424 418 426 500 482 426 426 425 425 426 426 427 430 489 496 513 537 560 635 683 711 733 720 664 678 717 767 792 798 754 741 816 861 818 793 755 712 692 675 732 788 763 738 748 714 683 667 621 651 683 622 557 525 498 469 450 453 459 482 482 464 439 438 443 444 440 431 429 425 428 464 444 423 417 418 417
564 600 576 541 528 573 596 562 540 465 456 500 457 437 432 417 417 416 412 415 425 430 484 426 426 424 427 427 427 428 430 433 433 530 534 551 583 632 679 653 630 654 730 752 768 739 692 718 763 784 821 855 822 822 807 759 697 654 687 713 672 646 646 667 622 662 647 620 605 557 534 500 469 458 479 496 489 463 472 477 456 454 450 441 446 431 433 450 462 425 417 417 418 418
560 554 546 490 483 565 600 540 501 490 453 500 519 500 457 471 441 437 411 413 425 420 424 426 425 420 422 427 427 428 432 432 433 434 436 438 508 564 578 619 699 715 740 775 663 667 733 762 721 751 828 762 752 768 819 782 728 676 632 622 629 601 591 585 622 585 588 574 536 530 522 529 514 522 512 501 488 474 491 477 467 472 461 454 446 437 442 478 474 444 425 416 420 419
539 474 558 499 461 549 594 528 476 474 433 453 483 488 449 440 422 441 434 409 412 418 416 420 439 425 426 465 465 430 434 480 519 440 438 438 440 442 474 638 659 707 751 777 649 710 747 707 717 615 692 724 720 743 810 773 738 706 666 653 633 633 621 608 585 596 548 510 503 498 510 519 519 510 518 513 497 486 497 497 456 433 427 465 453 443 446 470 456 444 430 420 420 420
488 460 460 453 444 514 489 502 444 439 420 420 435 432 437 421 416 416 416 406 409 409 411 425 472 482 434 439 477 513 482 510 569 537 515 543 507 543 447 453 600 673 704 678 621 648 715 630 597 608 614 642 699 783 821 776 750 711 674 738 691 658 629 621 597 590 586 564 555 547 536 520 509 493 487 494 494 495 491 492 482 439 422 433 430 441 445 437 439 434 422 419 419 419
482 472 466 460 431 472 483 433 419 415 403 409 416 420 413 409 408 406 408 408 411 423 424 432 449 484 476 445 471 496 536 559 598 623 598 587 579 572 549 457 457 596 634 596 554 575 582 567 673 748 749 707 692 830 797 746 748 792 783 743 698 674 628 612 603 596 581 563 566 535 519 526 515 522 540 516 517 495 473 457 444 425 424 421 420 423 425 422 423 422 422 423 420 421
428 416 420 469 410 405 400 400 400 400 410 400 400 400 402 402 402 406 407 421 421 422 430 431 449 464 499 486 468 506 533 556 568 560 583 586 574 574 568 542 456 460 492 492 560 559 642 560 707 751 794 772 722 820 788 808 880 859 826 780 747 703 682 648 640 624 614 602 570 553 531 527 529 544 533 515 502 492 469 491 486 454 436 430 430 430 426 422 420 419 421 420 424 422
419 413 396 396 397 398 399 428 437 433 445 409 399 400 401 402 414 414 413 421 421 429 431 434 437 463 514 539 479 487 548 566 537 581 607 594 639 639 586 579 570 485 500 582 666 730 675 697 629 654 751 781 767 831 823 862 873 825 804 791 743 723 699 671 659 633 621 609 587 576 563 546 534 535 513 516 492 490 484 502 525 500 462 435 466 454 440 425 420 423 426 425 425 423
403 396 396 409 404 443 450 472 470 471 492 437 418 410 402 405 407 414 415 416 423 430 434 436 440 444 492 553 517 507 508 515 521 551 566 613 649 654 661 649 615 580 506 519 647 709 782 760 726 712 656 735 743 828 838 799 776 758 720 725 702 694 674 661 653 637 628 629 592 578 564 547 542 526 520 516 508 499 505 510 531 515 481 477 456 427 422 424 424 427 427 426 426 424
398 419 425 414 431 450 485 515 504 527 538 469 435 420 411 406 406 408 408 410 410 412 413 447 437 426 467 525 537 497 542 549 560 602 618 613 616 640 670 691 684 642 632 585 545 659 746 813 772 761 703 747 775 846 857 807 800 759 756 702 696 685 678 671 668 667 647 622 608 590 564 562 552 547 520 508 506 468 461 455 459 462 443 434 430 425 430 452 438 433 428 426 426 426
399 408 433 457 469 462 476 516 549 532 517 486 437 420 416 416 412 410 410 413 414 466 418 416 476 498 557 491 491 549 594 594 564 572 608 611 630 621 644 671 669 661 640 673 654 580 711 781 846 780 724 698 860 877 823 741 746 727 717 721 718 715 715 707 701 693 667 613 583 577 567 536 520 530 498 473 459 456 454 442 446 431 459 503 464 452 437 446 451 431 426 425 423 424
424 408 414 433 452 532 540 542 560 556 555 508 483 441 420 418 412 412 414 414 437 431 421 459 441 489 563 564 560 597 617 627 577 565 610 650 663 670 671 661 662 669 656 689 692 651 593 795 842 803 838 809 864 825 797 828 756 774 775 773 761 733 715 757 740 692 626 569 568 570 542 507 495 466 482 479 488 518 522 492 481 495 453 468 445 437 428 427 428 424 425 424 423 425
456 449 447 461 469 474 517 586 595 561 539 532 524 482 428 418 417 418 414 414 459 434 463 486 456 505 538 546 563 589 598 627 591 587 610 640 661 668 669 651 651 660 671 734 757 700 633 675 778 780 791 868 894 869 827 811 812 811 822 795 784 777 777 785 702 672 612 595 553 526 529 533 518 516 514 507 516 514 518 483 479 467 444 438 427 426 429 428 429 427 424 426 426 426
538 511 508 532 545 545 498 486 475 465 484 499 501 457 432 417 422 416 439 461 481 443 474 471 511 515 546 559 578 586 606 609 584 578 589 610 631 652 662 678 670 660 662 684 716 758 719 649 643 698 731 750 818 878 873 865 812 748 741 761 743 742 761 710 665 647 620 595 583 560 551 541 524 518 497 508 468 480 457 451 467 451 436 428 426 425 424 425 428 426 428 428 426 426
500 536 551 578 590 586 535 474 455 452 437 455 442 424 424 420 423 416 439 501 514 469 526 507 459 554 535 535 551 575 584 584 565 562 573 591 621 652 670 698 670 670 666 684 720 787 760 735 696 695 806 821 788 822 772 855 836 798 728 706 704 700 685 676 646 620 594 569 570 569 553 496 468 464 449 449 447 448 446 428 431 430 427 428 427 423 423 424 424 422 427 427 427 430
511 511 531 550 581 585 570 510 463 441 430 431 429 428 431 429 427 424 428 485 495 526 546 552 525 473 507 495 550 574 585 538 581 573 571 599 627 663 692 698 687 678 694 707 695 732 775 798 746 718 755 879 879 843 791 729 715 701 680 677 676 677 677 678 654 615 587 562 571 571 552 553 500 467 484 504 500 461 456 500 467 458 445 443 438 437 433 429 425 426 426 427 426 427
442 451 493 487 553 584 596 572 502 463 452 443 448 440 431 447 435 429 458 476 511 552 563 550 509 480 463 517 535 562 578 545 528 540 565 599 623 666 679 709 681 676 691 735 759 720 777 801 766 780 798 881 870 842 839 822 800 782 748 710 692 666 642 660 657 630 593 559 564 559 560 540 539 526 510 509 504 498 498 476 467 454 442 434 432 430 428 428 426 425 427 427 426 429
457 493 514 510 488 518 610 609 556 510 481 459 455 440 477 499 465 460 468 471 494 533 536 522 537 554 508 480 527 512 548 535 507 555 545 585 588 620 635 637 675 688 673 711 775 797 796 850 802 804 764 789 858 869 875 851 846 814 739 683 679 665 635 632 633 616 592 549 542 547 534 516 509 488 485 472 462 463 456 447 441 444 445 432 433 432 429 427 426 426 428 428 429 428
472 512 522 537 523 493 549 601 582 562 501 499 459 459 512 542 495 475 475 480 475 509 522 504 514 476 528 484 449 503 534 497 526 530 522 556 599 620 653 647 660 664 655 700 776 763 847 820 808 799 759 716 692 774 828 827 823 764 728 685 676 663 639 616 622 575 557 506 503 532 525 504 491 482 467 471 464 456 446 453 439 437 441 428 424 425 426 426 427 427 427 429 434 434
462 486 518 544 553 529 520 508 622 587 542 519 489 477 483 561 525 503 497 490 499 506 474 468 473 467 459 453 454 456 457 466 471 485 513 529 557 586 606 615 627 647 652 670 741 702 794 862 858 802 804 759 746 683 660 769 775 747 687 675 653 644 641 629 620 562 518 494 481 490 495 500 484 479 471 465 457 464 464 454 451 475 453 436 432 439 432 430 430 432 435 432 436 435
418 451 490 523 562 587 527 520 613 622 583 549 533 496 512 524 510 498 491 490 475 489 491 479 469 476 470 457 473 458 464 471 467 470 478 488 528 577 587 609 616 621 622 681 665 679 813 855 830 823 804 781 793 756 658 675 755 714 669 660 643 668 641 603 571 532 511 500 488 490 475 488 473 469 474 482 467 457 452 464 479 478 476 463 450 441 437 440 435 441 442 443 439 445
431 439 465 483 546 579 567 548 559 635 616 586 560 564 560 532 492 499 499 491 488 485 489 483 469 465 477 470 467 484 469 471 482 499 479 481 505 535 561 597 615 628 627 655 682 733 791 819 821 777 733 781 776 755 729 691 623 707 682 678 658 638 632 611 608 544 516 509 491 487 501 508 490 485 475 480 473 491 491 485 472 466 476 500 508 476 467 465 458 458 458 457 454 455
451 457 483 508 529 560 578 562 570 586 651 634 604 580 532 535 564 529 592 514 525 514 497 488 483 487 481 477 491 491 474 474 481 513 512 484 491 508 535 576 595 650 660 715 739 783 800 815 766 740 702 696 697 680 706 718 668 619 651 673 661 639 601 568 542 528 521 518 509 497 491 484 463 472 482 512 506 487 483 480 477 460 460 474 494 485 472 456 452 454 445 453 456 446
482 455 458 508 547 568 600 591 583 600 611 649 649 600 586 564 570 559 617 623 571 523 503 505 501 497 487 478 493 500 487 482 483 522 529 521 503 507 545 591 616 632 643 679 696 741 791 819 764 821 761 758 684 668 638 672 662 614 623 662 644 619 586 562 527 506 511 494 478 479 471 487 509 502 523 538 505 481 470 463 460 458 452 458 465 454 452 446 443 445 442 441 441 454
525 509 488 481 490 523 565 594 597 600 616 638 680 664 633 616 597 576 627 655 609 549 535 527 512 499 483 494 507 505 502 490 497 519 538 540 505 514 550 584 604 618 631 667 724 775 835 847 812 772 756 745 715 683 646 620 619 588 586 555 591 588 593 589 503 501 502 518 508 515 510 525 515 504 510 509 497 481 478 476 465 462 453 457 445 443 441 446 442 442 437 438 438 457
543 526 530 518 489 519 539 592 607 622 631 652 654 665 663 658 628 602 595 596 584 586 525 517 509 501 518 514 512 509 501 496 496 521 537 553 561 518 544 566 593 609 641 659 701 789 835 783 791 738 699 700 688 696 710 691 674 617 642 599 574 526 520 535 518 501 528 524 521 515 509 518 519 523 510 501 507 503 480 476 461 462 457 456 452 441 441 439 441 438 441 436 436 443
495 521 553 550 541 542 552 571 590 607 583 606 606 613 599 577 567 562 532 543 546 536 520 541 522 521 524 520 518 515 509 502 508 513 514 567 576 571 567 580 596 610 633 644 700 773 782 818 778 821 809 744 756 730 713 710 683 676 662 618 596 584 595 617 589 580 555 520 511 514 510 491 492 504 496 491 482 475 487 487 481 463 456 445 444 445 445 438 434 439 437 435 435 437
515 544 579 584 579 568 568 579 585 575 583 598 602 624 637 600 596 588 603 599 587 561 578 581 550 536 530 524 529 541 517 524 539 548 531 523 559 584 592 597 627 608 639 664 672 724 776 800 817 764 746 715 697 660 655 646 628 621 604 605 614 621 622 629 611 582 563 541 521 515 514 516 503 490 485 480 492 499 480 474 481 497 495 487 467 460 445 451 451 445 442 438 437 433
