test/HelianthusTinyTest/asciifiles/nabio_4.asc
ncols  170
nrows  166
xllcorner  -106.083333333333
yllcorner  39.5916666666667
cellsize 0.00833333333332943
NODATA_value  -9999
[rows 0 to 37 of 166, columns 0 to 83 of 170]
7863 7852 7873 7871 7965 7998 7927 7907 7938 8015 8039 7999 7964 7934 7932 7910 7894 7857 7821 7865 7746 7757 7863 7836 7781 7786 7873 7801 7841 7883 7831 7819 7818 7778 7776 7818 7857 7783 7796 7785 7753 7736 7728 7743 7662 7684 7606 7587 7581 7546 7569 7572 7577 7621 7655 7604 7560 7550 7567 7580 7604 7626 7731 7711 7678 7739 7653 7683 7746 7733 7723 7696 7703 7696 7713 7734 7729 7703 7714 7733 7723 7836 7773 7805
7835 7826 7867 7896 7964 7896 7866 7947 7988 8030 8032 8012 7949 7842 7811 7832 7886 7810 7752 7763 7768 7792 7863 7705 7718 7656 7670 7747 7631 7602 7629 7814 7805 7759 7760 7814 7816 7770 7731 7711 7721 7725 7667 7669 7613 7604 7593 7606 7593 7574 7621 7549 7567 7574 7492 7479 7496 7533 7526 7530 7596 7600 7653 7710 7752 7758 7633 7678 7701 7761 7768 7716 7727 7720 7742 7723 7723 7718 7723 7749 7766 7766 7819 7843
7805 7844 7853 7923 7924 7875 7967 8020 8013 8026 8021 8027 8012 7879 7803 7834 7811 7807 7753 7666 7721 7750 7781 7725 7712 7652 7621 7622 7627 7566 7585 7696 7746 7757 7735 7791 7742 7740 7698 7731 7655 7656 7599 7623 7653 7664 7662 7645 7634 7637 7629 7519 7567 7588 7495 7480 7514 7522 7532 7610 7642 7653 7656 7646 7664 7737 7669 7724 7705 7687 7793 7810 7775 7769 7763 7744 7763 7714 7806 7798 7816 7809 7804 7788
7741 7807 7838 7859 7900 7907 8022 7996 8015 7999 8013 8001 8011 7943 7814 7816 7793 7814 7683 7648 7667 7725 7691 7675 7687 7663 7618 7583 7537 7531 7606 7680 7710 7738 7735 7733 7720 7751 7701 7669 7656 7575 7611 7658 7672 7670 7636 7650 7672 7649 7553 7593 7580 7550 7547 7580 7576 7515 7510 7593 7645 7650 7618 7648 7640 7743 7774 7796 7734 7725 7712 7765 7835 7791 7828 7861 7798 7750 7804 7733 7809 7825 7803 7839
7746 7730 7801 7799 7865 7954 7929 7969 8008 7986 7985 8002 7993 8001 7925 7817 7849 7877 7671 7705 7690 7707 7647 7662 7599 7641 7598 7560 7566 7542 7498 7603 7648 7702 7718 7737 7752 7690 7675 7610 7633 7603 7652 7684 7647 7637 7605 7595 7579 7617 7621 7650 7604 7604 7579 7577 7542 7510 7548 7567 7583 7604 7639 7628 7648 7693 7693 7777 7848 7735 7673 7715 7774 7854 7829 7862 7784 7787 7771 7800 7780 7830 7852 7785
7713 7751 7751 7786 7859 7883 7894 7942 7942 7985 7988 7992 8000 7977 7997 7989 7922 7864 7756 7749 7757 7673 7667 7635 7641 7638 7630 7548 7504 7476 7461 7526 7632 7704 7696 7710 7690 7671 7650 7607 7593 7593 7629 7580 7616 7586 7548 7548 7583 7607 7645 7582 7667 7672 7671 7594 7565 7595 7559 7596 7603 7628 7641 7633 7671 7695 7677 7719 7801 7867 7712 7659 7687 7819 7864 7884 7869 7860 7857 7814 7812 7899 7928 7865
7714 7746 7864 7844 7849 7871 7872 7920 7905 7895 7870 7930 7968 7927 7986 8003 8019 7932 7914 7819 7791 7779 7703 7684 7636 7608 7541 7551 7486 7420 7464 7571 7637 7686 7693 7682 7691 7603 7569 7606 7634 7624 7595 7600 7605 7529 7508 7593 7583 7548 7509 7586 7581 7583 7669 7658 7644 7657 7598 7608 7640 7641 7572 7626 7634 7656 7701 7676 7755 7812 7816 7756 7686 7727 7725 7767 7807 7848 7890 7848 7812 7830 7895 7839
7713 7731 7805 7857 7907 7873 7847 7841 7851 7873 7899 7920 7905 7906 7914 7986 7995 7985 7931 7913 7886 7875 7805 7743 7684 7660 7567 7520 7503 7474 7485 7612 7637 7683 7686 7635 7615 7594 7608 7573 7575 7548 7527 7538 7506 7520 7515 7543 7520 7530 7510 7529 7595 7587 7595 7583 7578 7622 7646 7701 7614 7659 7642 7617 7645 7666 7672 7688 7707 7735 7842 7858 7797 7810 7736 7702 7702 7753 7788 7879 7948 7895 7943 7920
7629 7670 7712 7704 7850 7725 7788 7798 7872 7870 7846 7833 7841 7890 7896 7927 8009 7954 7943 7914 7913 7885 7852 7790 7722 7596 7553 7543 7501 7494 7591 7645 7656 7633 7608 7602 7608 7569 7568 7546 7529 7541 7516 7501 7510 7483 7501 7503 7504 7486 7485 7513 7507 7597 7594 7533 7601 7606 7629 7649 7685 7681 7609 7622 7627 7596 7697 7737 7740 7766 7789 7796 7821 7870 7892 7887 7760 7841 7865 7785 7840 7905 7943 7923
7588 7578 7682 7635 7661 7628 7689 7762 7820 7823 7851 7888 7944 7927 7985 7974 7938 7975 7952 7906 7940 7912 7892 7843 7742 7595 7585 7552 7625 7638 7604 7627 7613 7602 7546 7550 7525 7509 7500 7540 7533 7514 7464 7482 7523 7439 7504 7512 7518 7502 7572 7521 7514 7592 7539 7534 7525 7601 7622 7627 7669 7760 7715 7731 7685 7650 7627 7708 7752 7768 7840 7765 7855 7857 7868 7848 7785 7793 7730 7745 7754 7800 7810 7897
7547 7620 7593 7591 7564 7635 7635 7686 7735 7796 7841 7890 7906 7927 7962 7941 7923 7983 7927 7914 7934 7930 7916 7857 7810 7707 7663 7708 7648 7633 7606 7600 7549 7532 7534 7541 7489 7510 7511 7496 7447 7466 7467 7453 7482 7492 7500 7528 7552 7481 7516 7534 7546 7572 7569 7589 7635 7640 7694 7617 7662 7691 7707 7636 7700 7733 7695 7695 7759 7746 7789 7849 7768 7743 7742 7813 7753 7795 7786 7862 7795 7801 7849 7920
7542 7530 7525 7535 7568 7579 7637 7671 7676 7719 7745 7821 7858 7885 7837 7944 7965 7963 7928 7916 7919 7898 7865 7855 7827 7707 7694 7731 7603 7601 7516 7443 7443 7498 7519 7476 7449 7433 7434 7449 7478 7470 7482 7446 7435 7439 7435 7469 7449 7445 7421 7462 7481 7528 7537 7512 7538 7570 7559 7588 7606 7633 7636 7584 7572 7605 7568 7613 7595 7646 7734 7681 7647 7661 7668 7722 7766 7748 7809 7826 7849 7855 7883 7901
7503 7498 7516 7521 7548 7572 7623 7674 7667 7762 7763 7797 7831 7844 7907 7978 7926 7923 7956 7917 7924 7904 7895 7826 7847 7725 7699 7705 7605 7525 7442 7404 7429 7457 7501 7434 7432 7432 7466 7443 7459 7452 7491 7537 7509 7453 7439 7430 7435 7470 7426 7473 7448 7413 7454 7488 7552 7562 7626 7619 7639 7588 7585 7600 7605 7615 7620 7626 7654 7710 7635 7653 7607 7651 7629 7692 7710 7752 7789 7799 7802 7826 7873 7875
7481 7512 7482 7512 7525 7590 7626 7656 7631 7692 7747 7763 7810 7838 7900 7943 7872 7745 7806 7908 7935 7895 7905 7877 7848 7722 7672 7667 7553 7461 7420 7434 7434 7443 7435 7401 7433 7446 7427 7423 7478 7473 7481 7501 7537 7537 7579 7563 7551 7492 7510 7510 7480 7530 7530 7565 7561 7554 7618 7584 7583 7597 7605 7647 7613 7641 7641 7635 7652 7649 7645 7585 7627 7638 7647 7622 7629 7701 7693 7759 7779 7795 7856 7884
7513 7509 7486 7506 7544 7549 7615 7589 7629 7635 7697 7704 7765 7801 7881 7961 7895 7803 7808 7800 7904 7892 7893 7836 7813 7735 7666 7584 7445 7428 7398 7451 7434 7417 7402 7410 7415 7417 7404 7394 7384 7399 7440 7456 7481 7413 7444 7456 7550 7577 7610 7598 7589 7596 7564 7616 7600 7608 7584 7597 7602 7622 7636 7647 7613 7628 7631 7652 7624 7615 7625 7600 7649 7675 7737 7641 7765 7764 7750 7737 7763 7792 7875 7920
7558 7580 7607 7567 7556 7593 7514 7573 7608 7595 7718 7681 7739 7769 7842 7929 7938 7802 7820 7797 7805 7880 7885 7844 7831 7720 7638 7518 7428 7451 7434 7437 7424 7417 7402 7391 7400 7405 7382 7372 7381 7390 7429 7435 7466 7476 7491 7534 7504 7528 7523 7571 7610 7579 7558 7567 7560 7574 7582 7569 7582 7581 7627 7601 7613 7605 7598 7635 7620 7610 7604 7569 7590 7697 7792 7798 7804 7812 7807 7833 7837 7873 7822 7820
7474 7480 7555 7610 7615 7615 7563 7544 7587 7553 7597 7630 7688 7696 7745 7882 7943 7897 7820 7826 7826 7882 7884 7817 7805 7657 7568 7482 7437 7416 7444 7426 7417 7417 7431 7408 7372 7388 7357 7371 7392 7397 7455 7431 7419 7471 7516 7557 7539 7573 7575 7582 7592 7602 7611 7621 7660 7651 7664 7662 7606 7693 7561 7592 7556 7597 7610 7586 7600 7640 7702 7658 7644 7686 7654 7679 7598 7585 7724 7734 7812 7824 7785 7766
7442 7471 7460 7550 7628 7633 7615 7534 7528 7557 7567 7594 7635 7644 7663 7740 7798 7923 7858 7864 7824 7822 7888 7846 7806 7780 7524 7482 7426 7408 7408 7426 7417 7440 7429 7438 7385 7399 7388 7362 7357 7404 7427 7439 7442 7480 7492 7529 7530 7543 7547 7568 7590 7584 7570 7575 7587 7589 7596 7591 7656 7706 7713 7731 7668 7630 7609 7635 7697 7671 7688 7657 7667 7597 7609 7588 7577 7598 7691 7690 7740 7776 7750 7839
7486 7487 7548 7567 7584 7647 7612 7582 7533 7524 7584 7599 7596 7687 7684 7707 7837 7926 7864 7819 7769 7780 7808 7866 7817 7674 7542 7482 7443 7409 7404 7417 7428 7429 7436 7430 7382 7394 7353 7393 7382 7394 7420 7468 7448 7492 7542 7510 7479 7469 7537 7564 7568 7578 7559 7552 7571 7565 7589 7589 7607 7637 7641 7591 7638 7659 7735 7706 7711 7601 7606 7600 7582 7566 7581 7577 7561 7609 7666 7651 7643 7726 7772 7789
7590 7559 7523 7555 7599 7656 7643 7599 7532 7529 7520 7588 7641 7661 7739 7777 7807 7855 7854 7828 7807 7801 7816 7855 7878 7731 7564 7523 7471 7430 7412 7435 7433 7454 7442 7390 7387 7392 7363 7364 7408 7465 7447 7492 7466 7458 7466 7489 7465 7471 7499 7529 7537 7517 7544 7534 7573 7584 7566 7579 7595 7591 7588 7584 7583 7621 7590 7597 7708 7723 7655 7563 7590 7547 7588 7563 7550 7601 7553 7609 7643 7715 7761 7787
7736 7632 7601 7554 7531 7548 7609 7628 7599 7561 7575 7589 7705 7647 7695 7735 7798 7853 7853 7828 7829 7792 7802 7773 7855 7733 7570 7464 7473 7418 7428 7469 7460 7453 7461 7396 7416 7406 7418 7374 7449 7438 7462 7420 7443 7433 7414 7434 7444 7450 7497 7501 7529 7512 7568 7539 7527 7559 7563 7561 7579 7553 7567 7579 7571 7585 7590 7608 7592 7601 7677 7693 7700 7764 7697 7644 7615 7572 7600 7598 7654 7609 7787 7833
7949 7785 7599 7528 7495 7501 7542 7609 7630 7544 7595 7566 7631 7623 7724 7745 7692 7768 7839 7846 7828 7808 7818 7818 7832 7839 7643 7501 7438 7438 7465 7471 7431 7451 7431 7432 7382 7417 7411 7382 7394 7357 7407 7401 7433 7383 7415 7375 7396 7398 7465 7479 7481 7538 7553 7551 7564 7558 7561 7563 7551 7564 7560 7559 7554 7565 7542 7583 7563 7566 7598 7601 7681 7730 7712 7777 7764 7651 7661 7679 7636 7672 7717 7748
7946 7852 7715 7551 7517 7460 7480 7534 7624 7555 7565 7593 7673 7555 7607 7647 7658 7688 7803 7734 7755 7830 7861 7830 7842 7802 7754 7623 7552 7503 7484 7445 7452 7420 7448 7415 7428 7387 7384 7397 7386 7344 7363 7351 7355 7342 7355 7396 7387 7385 7417 7507 7481 7505 7529 7556 7576 7573 7570 7553 7575 7557 7542 7550 7546 7565 7564 7551 7563 7566 7596 7597 7562 7572 7555 7700 7801 7800 7826 7758 7667 7733 7774 7785
8000 7945 7872 7716 7560 7488 7468 7508 7584 7605 7543 7592 7620 7577 7615 7574 7617 7676 7734 7704 7729 7807 7853 7830 7861 7750 7762 7546 7475 7476 7440 7451 7441 7392 7429 7415 7397 7384 7362 7362 7366 7344 7329 7322 7320 7363 7341 7378 7405 7426 7442 7441 7506 7519 7537 7535 7544 7549 7553 7594 7544 7566 7572 7537 7546 7546 7549 7546 7526 7532 7537 7545 7555 7536 7577 7607 7600 7672 7855 7786 7524 7670 7661 7707
8021 7991 7912 7798 7643 7533 7472 7469 7575 7624 7602 7593 7519 7523 7525 7581 7593 7615 7638 7622 7677 7725 7806 7846 7794 7735 7764 7630 7497 7450 7453 7438 7434 7457 7470 7449 7434 7401 7394 7398 7374 7343 7343 7308 7345 7307 7353 7390 7399 7434 7425 7462 7512 7497 7502 7500 7534 7544 7539 7526 7552 7535 7514 7537 7554 7542 7528 7497 7547 7527 7544 7528 7555 7574 7514 7512 7532 7534 7676 7646 7879 7820 7736 7724
8040 8021 7940 7858 7738 7654 7514 7493 7492 7524 7597 7592 7495 7495 7527 7550 7518 7580 7632 7681 7654 7684 7793 7844 7748 7630 7752 7611 7562 7452 7439 7451 7490 7491 7454 7441 7457 7392 7473 7390 7407 7380 7370 7364 7334 7367 7332 7375 7408 7465 7430 7479 7469 7468 7489 7478 7505 7510 7520 7524 7500 7505 7471 7491 7497 7507 7504 7478 7500 7515 7528 7524 7528 7535 7539 7541 7541 7565 7579 7620 7668 7711 7760 7924
8080 8076 8008 7881 7690 7556 7503 7461 7449 7507 7578 7577 7498 7468 7506 7493 7521 7559 7592 7616 7638 7674 7768 7857 7812 7683 7775 7623 7568 7562 7463 7529 7517 7471 7416 7454 7430 7442 7418 7396 7367 7393 7381 7415 7351 7361 7334 7342 7356 7406 7439 7447 7454 7499 7461 7510 7529 7497 7482 7511 7526 7513 7515 7505 7535 7524 7524 7518 7546 7545 7509 7519 7550 7569 7541 7568 7557 7574 7587 7597 7601 7638 7643 7723
8107 8059 8025 7925 7749 7647 7551 7493 7444 7487 7511 7599 7527 7488 7469 7493 7520 7526 7579 7556 7605 7607 7690 7820 7810 7712 7765 7610 7554 7550 7471 7485 7460 7472 7446 7440 7462 7483 7453 7412 7397 7407 7443 7400 7404 7393 7357 7356 7368 7354 7393 7466 7447 7458 7499 7462 7495 7485 7487 7469 7516 7508 7530 7567 7586 7550 7548 7576 7593 7582 7564 7601 7573 7574 7599 7558 7492 7491 7482 7568 7608 7580 7588 7609
8079 8058 8029 7991 7934 7794 7665 7604 7448 7460 7436 7511 7550 7512 7437 7438 7477 7511 7509 7550 7583 7652 7678 7719 7810 7810 7714 7545 7518 7497 7464 7451 7431 7431 7452 7474 7449 7522 7537 7408 7412 7421 7487 7470 7444 7388 7371 7366 7367 7416 7410 7433 7460 7449 7496 7487 7472 7476 7509 7538 7540 7564 7556 7542 7557 7558 7549 7549 7618 7604 7582 7602 7605 7642 7652 7543 7532 7535 7533 7515 7587 7650 7618 7645
8081 8050 8016 8054 7989 7928 7858 7678 7579 7450 7431 7416 7478 7488 7445 7481 7455 7497 7514 7542 7537 7559 7560 7536 7812 7828 7742 7588 7514 7505 7462 7449 7431 7443 7424 7464 7410 7439 7429 7569 7575 7513 7525 7500 7466 7452 7355 7394 7432 7458 7460 7511 7510 7449 7440 7486 7510 7476 7482 7515 7496 7460 7484 7498 7535 7547 7542 7544 7505 7488 7517 7531 7577 7543 7547 7595 7577 7535 7565 7571 7590 7615 7691 7714
8121 8052 8061 7956 7945 7896 7930 7840 7678 7621 7496 7431 7437 7470 7467 7454 7468 7468 7483 7515 7524 7506 7553 7584 7632 7788 7806 7606 7514 7464 7451 7451 7462 7446 7453 7486 7475 7463 7495 7463 7624 7727 7606 7510 7523 7500 7454 7380 7407 7463 7437 7473 7510 7520 7519 7548 7559 7562 7546 7559 7514 7450 7485 7497 7475 7484 7481 7479 7466 7455 7443 7497 7470 7492 7542 7558 7620 7519 7535 7507 7564 7596 7650 7702
8100 8109 8081 8013 7909 7905 7918 7851 7815 7668 7509 7444 7465 7437 7429 7475 7475 7481 7482 7528 7492 7492 7509 7503 7611 7743 7795 7629 7494 7464 7472 7443 7476 7500 7473 7479 7499 7529 7550 7618 7825 7782 7785 7685 7576 7530 7572 7556 7488 7549 7442 7509 7588 7551 7555 7515 7538 7579 7673 7614 7530 7524 7522 7593 7482 7510 7503 7502 7512 7488 7532 7510 7506 7518 7514 7542 7557 7628 7652 7596 7564 7565 7623 7604
8125 8103 8082 8070 8065 7966 7909 7798 7748 7770 7570 7383 7403 7450 7435 7426 7475 7460 7509 7471 7457 7438 7493 7511 7530 7653 7786 7551 7483 7484 7492 7431 7474 7453 7508 7551 7521 7529 7813 7774 7811 7616 7786 7783 7772 7669 7608 7609 7686 7618 7599 7562 7706 7681 7658 7578 7569 7559 7630 7652 7661 7536 7603 7536 7577 7623 7625 7552 7592 7619 7562 7613 7555 7559 7546 7627 7665 7738 7703 7615 7530 7565 7623 7688
8104 8093 8081 8054 8064 8011 7908 7879 7840 7787 7661 7469 7424 7349 7447 7427 7447 7452 7422 7456 7439 7413 7447 7515 7516 7602 7772 7771 7436 7459 7463 7441 7438 7482 7453 7462 7458 7583 7821 7817 7575 7557 7557 7604 7691 7709 7719 7760 7739 7681 7721 7645 7661 7617 7629 7740 7697 7743 7667 7682 7676 7708 7742 7601 7740 7748 7741 7735 7614 7677 7700 7642 7586 7624 7629 7733 7842 7856 7693 7677 7631 7578 7606 7762
8093 8082 8071 8060 8063 8042 7992 7903 7753 7714 7645 7526 7370 7334 7346 7416 7414 7388 7429 7429 7419 7432 7458 7487 7520 7594 7780 7792 7587 7492 7471 7449 7482 7449 7440 7464 7456 7821 7821 7618 7428 7463 7418 7477 7479 7530 7586 7620 7622 7595 7588 7580 7606 7610 7582 7560 7566 7603 7547 7527 7540 7512 7548 7536 7576 7548 7591 7606 7612 7612 7682 7719 7675 7687 7645 7642 7733 7746 7865 7745 7868 7841 7782 7998
8090 8065 8038 8049 8052 8044 7978 7899 7818 7735 7637 7565 7429 7340 7334 7383 7379 7383 7360 7397 7370 7429 7434 7457 7505 7591 7688 7761 7595 7518 7485 7491 7492 7475 7542 7595 7822 7781 7713 7635 7488 7438 7421 7484 7488 7494 7492 7504 7531 7561 7502 7511 7478 7497 7476 7477 7487 7478 7529 7478 7488 7495 7503 7497 7477 7500 7463 7482 7436 7506 7594 7665 7640 7774 7641 7681 7669 7737 7713 7722 7933 7984 7783 7894
8043 8060 8038 8049 8090 8052 7983 7967 7883 7748 7722 7560 7460 7348 7349 7362 7401 7428 7402 7415 7407 7398 7469 7514 7584 7655 7792 7760 7556 7543 7589 7604 7698 7771 7834 7815 7806 7649 7597 7610 7499 7443 7422 7418 7425 7480 7437 7371 7386 7450 7490 7457 7419 7453 7424 7469 7453 7444 7468 7475 7465 7467 7456 7490 7479 7462 7446 7407 7450 7496 7517 7617 7622 7511 7460 7516 7583 7437 7661 7671 7602 7460 7830 7775
7972 8014 8040 8060 8074 8063 7990 7888 7871 7757 7739 7569 7463 7459 7343 7299 7384 7442 7437 7488 7530 7550 7600 7628 7650 7606 7713 7686 7547 7480 7490 7572 7751 7679 7604 7555 7542 7529 7570 7544 7499 7475 7430 7388 7386 7421 7366 7404 7420 7424 7438 7400 7399 7392 7453 7405 7469 7457 7416 7467 7465 7495 7491 7497 7469 7476 7463 7452 7472 7509 7519 7478 7519 7553 7505 7571 7468 7535 7467 7468 7412 7547 7578 7581
