test/HelianthusTinyTest/asciifiles/nabio_12.asc
ncols  170
nrows  166
xllcorner  -106.083333333333
yllcorner  39.5916666666667
cellsize 0.00833333333332943
NODATA_value  -9999
[rows 0 to 41 of 166, columns 0 to 93 of 170]
542 534 529 525 504 496 510 508 493 466 471 475 473 478 481 481 482 488 494 481 500 497 475 466 481 479 458 463 465 443 453 450 449 459 459 441 434 441 442 441 444 442 445 448 456 460 468 476 481 482 475 475 467 452 451 460 460 460 465 466 444 435 407 411 413 405 420 414 400 400 404 405 402 398 398 395 398 398 394 391 391 378 382 380 378 380 372 380 386 387 388 383 381 387
547 544 537 528 513 518 520 502 490 476 469 473 483 504 504 500 493 498 508 506 501 496 477 505 512 515 511 487 507 523 510 462 460 473 459 443 442 446 456 456 457 457 467 467 476 477 475 467 476 477 465 476 473 474 490 500 489 476 476 479 438 442 430 406 401 400 423 409 401 394 390 400 398 397 396 395 395 392 391 390 387 382 378 377 376 374 374 376 386 385 387 382 379 386
556 547 537 528 516 525 508 493 483 481 474 473 479 501 515 507 508 508 510 534 526 509 499 512 512 530 529 526 516 547 529 483 477 470 474 453 463 461 461 462 475 476 482 475 472 466 461 465 462 463 461 492 488 481 491 500 485 486 475 446 436 427 419 429 419 400 409 401 405 405 386 383 388 387 389 389 389 391 380 382 379 380 380 380 381 381 372 376 381 378 381 377 381 383
568 556 548 541 532 526 505 496 491 490 487 483 473 490 514 516 516 503 535 544 534 515 516 522 526 522 534 538 542 552 521 495 485 480 471 469 463 463 471 475 483 496 484 469 466 456 459 452 456 453 488 472 469 480 482 466 474 485 490 451 434 431 436 427 420 398 391 387 398 398 397 384 383 386 378 376 384 389 381 387 379 378 379 377 379 378 370 376 375 375 377 378 381 382
569 568 557 552 544 518 524 508 497 492 494 487 477 475 489 513 504 498 546 532 527 527 537 535 549 533 537 549 553 560 562 521 502 486 476 471 464 474 481 492 496 499 481 467 470 475 479 475 486 477 460 450 462 454 470 462 470 478 466 458 447 436 431 431 426 406 406 390 382 393 406 397 385 377 377 373 380 380 381 380 381 378 378 380 374 372 370 375 371 372 376 376 376 380
574 569 568 559 545 541 530 520 515 502 500 495 488 484 474 473 483 494 521 522 516 527 531 533 535 532 546 559 569 581 592 556 510 488 483 476 479 488 492 506 510 488 484 490 483 487 503 498 475 466 456 464 453 443 444 458 463 455 459 447 447 437 429 421 415 409 409 397 382 377 397 406 398 381 373 372 372 372 377 379 380 372 369 373 375 377 372 369 372 375 375 376 376 377
577 570 559 554 549 544 541 525 525 525 522 511 495 501 483 475 474 478 488 502 503 508 523 528 533 543 555 566 585 601 590 543 511 493 486 482 489 503 508 499 494 489 495 501 497 512 507 490 481 492 500 473 461 456 442 442 435 436 436 448 431 437 444 428 420 413 403 404 390 380 382 389 398 392 391 382 379 376 369 376 378 378 372 377 375 369 369 369 376 373 373 376 376 377
582 578 566 556 542 544 549 542 536 531 522 516 515 507 497 483 481 478 477 480 482 492 506 517 523 534 558 570 582 593 564 526 505 500 494 504 504 512 514 515 505 528 518 526 521 511 515 505 512 508 491 490 481 463 474 465 462 445 429 418 433 417 421 425 415 409 406 406 400 392 377 374 380 381 387 396 392 388 379 368 367 371 367 369 369 369 377 375 373 373 372 375 376 377
593 588 581 580 556 568 560 554 543 530 538 534 526 517 506 495 484 484 480 481 479 483 486 498 511 553 561 574 579 564 539 524 508 511 521 519 522 523 528 525 524 525 539 536 534 529 521 531 526 522 522 500 488 474 466 472 462 454 449 430 416 410 428 431 425 427 399 396 390 387 384 384 375 373 371 371 379 376 372 378 375 368 367 370 372 369 370 373 376 373 372 374 375 376
604 598 584 591 589 589 580 562 551 546 537 526 515 507 497 493 494 486 486 481 483 482 483 483 508 546 545 551 528 524 527 523 518 525 535 547 548 540 534 538 535 527 550 548 543 545 536 533 503 501 490 490 490 476 481 472 472 444 436 429 422 398 400 400 406 416 417 397 390 382 378 385 374 372 372 374 381 378 387 384 383 378 378 370 369 366 369 375 373 373 372 373 376 375
619 604 607 602 605 589 593 573 567 554 543 529 522 508 502 504 499 486 487 487 488 484 483 483 491 521 532 510 515 531 528 533 547 549 553 552 559 559 554 556 572 563 567 559 546 537 527 515 508 500 500 499 490 471 466 457 444 434 421 437 421 410 402 422 403 399 401 399 382 388 384 375 384 387 383 381 383 378 378 373 378 380 374 370 368 365 366 366 369 367 371 373 374 375
621 617 620 614 608 605 595 582 573 568 561 548 534 529 526 504 495 492 488 488 489 491 491 490 491 513 512 502 531 541 575 597 601 567 570 573 582 591 583 579 569 551 554 551 567 562 560 555 546 550 556 527 514 486 497 488 474 459 456 446 439 421 425 425 435 426 428 417 414 408 392 396 398 398 394 384 383 383 378 375 373 374 373 371 370 368 365 366 365 366 369 373 376 375
634 637 629 621 614 605 597 586 582 567 561 551 541 535 517 504 501 504 488 487 487 489 492 493 495 515 517 516 545 575 604 617 610 595 574 604 601 588 579 586 565 558 556 528 530 560 562 556 554 550 538 527 544 558 529 506 473 466 434 427 421 438 436 429 425 420 415 413 404 396 404 402 406 402 401 393 390 383 380 378 378 375 374 370 370 368 369 370 369 368 372 375 376 376
651 643 642 634 620 605 595 588 589 581 570 561 550 536 519 507 523 538 529 504 488 484 490 493 492 520 526 534 564 599 618 617 606 605 609 617 601 590 607 601 563 558 548 540 525 520 507 507 499 510 509 500 514 491 483 470 471 459 438 442 440 437 429 416 416 412 409 406 408 404 406 413 406 402 397 401 396 394 388 383 378 378 374 373 371 371 371 370 370 376 366 370 373 376
634 637 644 633 630 606 597 603 594 584 577 566 562 544 528 509 518 525 529 529 497 489 493 501 507 521 537 553 623 623 622 615 614 616 626 617 601 611 612 626 627 591 575 568 549 568 554 545 503 485 473 471 461 462 461 446 446 444 451 442 425 424 423 416 416 407 407 407 407 411 410 413 400 391 388 393 382 382 383 383 380 378 372 369 370 371 371 372 371 370 375 376 368 375
624 616 607 619 620 604 625 615 601 596 579 574 565 560 537 518 508 527 523 524 518 493 498 499 501 530 547 590 628 623 622 617 617 616 620 624 620 633 637 634 632 614 589 571 559 543 537 530 519 497 487 474 464 456 467 459 459 453 451 451 441 435 423 425 414 415 414 411 409 409 409 415 409 388 381 381 380 376 376 373 374 373 376 376 373 371 368 369 369 369 372 377 374 368
657 653 617 605 602 602 613 620 607 613 604 585 575 571 555 535 514 517 526 522 519 494 499 502 506 537 569 608 628 627 623 621 620 618 626 627 635 636 641 639 623 600 589 589 576 546 528 511 493 484 467 472 470 457 444 438 427 420 416 418 420 407 431 419 437 418 414 421 409 401 394 400 392 388 394 393 409 397 384 382 375 376 378 381 377 375 373 373 374 370 377 376 376 374
668 662 651 627 604 604 602 624 619 612 606 598 588 579 571 560 538 516 519 522 522 516 498 501 503 519 586 609 626 637 634 624 620 617 619 622 630 636 645 655 637 609 592 579 575 547 534 509 513 510 498 480 471 461 454 459 440 441 434 435 413 401 399 396 405 408 411 406 397 394 392 392 400 402 402 403 406 398 387 386 382 381 381 374 371 367 367 367 367 375 377 370 374 369
656 652 644 628 609 605 603 612 628 616 604 598 591 579 573 561 538 517 523 526 533 528 516 496 508 538 585 601 620 642 636 623 617 611 613 622 634 641 649 638 633 615 594 574 561 541 521 532 533 537 505 484 472 465 473 466 453 453 446 436 425 416 410 418 409 399 388 390 391 402 407 408 415 405 405 406 406 396 396 393 391 382 380 377 373 368 367 366 366 367 367 367 368 366
618 635 634 627 617 605 605 606 625 629 618 600 593 576 566 555 545 525 524 527 530 525 521 499 496 529 574 595 611 635 636 632 615 601 611 615 630 640 641 628 597 576 574 552 549 547 545 539 536 529 510 492 486 484 476 468 462 452 443 433 425 420 424 419 418 410 413 409 388 385 394 415 408 415 398 407 406 405 403 395 391 387 380 377 376 373 371 368 371 368 365 367 365 366
599 608 618 630 633 625 611 606 612 620 613 602 584 587 576 563 549 525 527 537 524 525 527 525 500 525 578 604 618 629 625 615 607 603 610 615 624 633 627 614 587 592 572 593 585 580 580 564 571 546 527 510 492 484 476 468 463 451 448 441 429 428 428 421 420 416 410 406 409 408 392 390 387 380 386 393 401 402 403 398 393 393 378 374 376 375 372 370 368 368 366 367 366 366
595 596 615 640 651 645 629 610 606 612 607 613 599 591 572 565 565 552 532 532 525 523 517 512 501 501 553 602 611 629 608 601 604 608 615 613 623 630 619 618 628 646 627 620 600 609 594 601 594 594 556 529 518 493 476 461 454 452 450 444 435 433 423 422 423 422 424 417 420 408 404 400 392 383 385 380 382 391 390 385 391 390 385 379 377 371 372 373 373 368 373 373 367 365
595 594 598 627 654 665 649 630 612 613 620 613 586 617 596 586 580 563 545 552 543 525 516 511 502 508 518 555 584 597 604 608 616 627 634 633 634 638 654 636 642 659 657 639 635 632 632 624 604 602 573 527 512 502 481 461 452 443 442 433 431 430 428 422 422 420 417 416 415 408 405 404 408 404 404 385 375 379 377 382 388 381 379 376 373 371 372 373 371 374 374 365 366 367
590 592 594 597 628 649 661 643 618 606 620 600 599 614 599 600 594 575 566 559 552 534 512 507 504 523 511 579 604 612 615 622 623 631 626 633 645 631 644 664 661 667 677 686 661 658 664 631 596 581 560 538 511 491 475 465 469 459 448 440 436 431 428 430 433 422 416 411 415 424 417 414 411 409 402 398 396 385 373 377 403 390 390 386 379 376 375 374 373 371 370 369 369 369
590 589 589 594 609 632 653 648 626 606 608 607 633 626 625 608 599 594 582 582 566 547 525 508 519 532 520 555 602 618 617 622 612 615 608 608 620 617 623 639 645 666 666 677 685 675 650 617 593 567 557 529 509 493 495 481 469 463 453 456 447 447 449 430 422 424 432 434 417 411 411 408 409 407 408 412 412 401 385 387 371 375 380 381 378 377 373 370 373 374 374 374 370 370
587 589 589 591 593 610 641 661 652 634 614 614 649 646 621 617 625 609 590 573 568 560 528 510 532 557 521 561 590 611 620 612 609 604 611 617 615 614 598 629 640 647 659 657 665 660 650 619 593 571 555 533 530 511 497 490 479 468 461 461 463 465 467 459 444 435 453 440 433 420 415 416 414 413 413 403 401 400 398 391 386 381 377 371 375 371 374 374 374 376 377 378 377 378
584 582 582 590 605 630 661 677 672 652 615 620 645 654 649 638 620 610 595 589 582 567 537 515 519 547 521 562 571 570 611 584 601 606 624 622 627 597 622 639 646 622 625 636 657 650 670 642 610 592 555 548 526 510 502 494 481 491 483 470 455 444 449 436 422 420 426 426 412 415 412 410 404 401 401 399 398 395 395 392 391 391 388 382 386 382 379 379 376 376 377 380 378 380
582 581 583 589 596 611 636 661 685 667 639 620 627 657 666 641 627 616 604 608 592 576 553 517 516 540 524 561 586 590 611 604 601 601 611 615 599 576 598 617 635 622 604 604 600 619 662 658 644 620 583 550 535 517 510 496 497 496 491 472 452 443 432 419 413 408 408 410 403 400 402 398 401 396 395 400 405 403 410 391 391 391 393 391 386 379 382 382 379 377 380 379 378 381
584 582 583 586 582 593 605 624 679 678 675 639 634 646 679 656 649 633 627 610 602 581 558 544 517 512 536 587 593 610 613 623 624 619 614 613 609 570 562 635 620 606 567 571 579 612 629 629 622 601 570 547 526 517 509 508 505 493 472 449 433 425 430 421 412 407 403 403 398 395 399 394 394 386 387 400 404 406 402 402 391 387 390 388 386 382 385 382 380 378 376 377 378 381
585 584 583 577 581 581 583 604 627 661 685 676 662 646 659 661 656 649 634 621 610 604 602 594 517 516 531 580 600 613 625 627 631 624 618 607 611 616 605 535 516 555 542 562 568 588 618 602 573 552 530 517 500 519 517 509 486 484 467 455 454 478 461 445 421 409 417 412 417 427 408 401 395 402 398 391 394 397 397 394 391 388 382 382 381 382 382 382 380 380 378 377 377 391
583 589 585 586 582 582 580 581 604 609 671 701 675 669 656 666 658 649 641 625 616 623 609 596 572 516 514 576 608 618 624 631 629 618 614 600 602 608 600 589 500 463 514 542 548 538 571 618 593 566 546 528 507 492 471 459 445 436 442 430 462 471 463 448 445 440 435 427 442 437 430 419 419 415 400 397 386 398 396 400 396 391 385 382 385 380 382 380 384 382 380 379 376 391
583 577 573 582 589 581 579 580 587 603 643 691 688 676 683 670 670 667 644 622 640 647 627 613 588 535 516 569 615 624 626 631 620 612 614 597 592 563 546 513 433 436 429 471 502 531 504 520 527 507 551 513 444 484 475 486 461 428 406 406 433 431 421 406 448 426 420 413 410 415 408 415 409 407 402 398 394 385 385 388 391 390 389 389 388 384 388 387 387 383 382 379 373 383
582 577 573 572 572 577 579 586 591 584 627 724 728 688 676 683 670 663 653 666 662 662 643 623 611 565 516 579 622 626 629 632 621 614 593 569 563 559 441 441 436 500 427 425 424 460 467 463 430 455 460 468 403 410 414 432 457 440 413 398 396 420 400 420 400 389 390 400 395 393 394 389 398 398 395 386 384 380 385 386 397 390 388 384 382 388 390 387 382 382 383 380 373 384
583 578 573 573 571 572 579 579 581 583 608 667 712 752 690 689 681 670 667 674 677 678 673 642 624 580 519 519 630 631 633 633 629 613 615 617 599 534 443 438 527 530 513 498 455 438 428 418 414 422 409 427 424 426 414 397 401 391 396 392 392 384 384 395 385 383 381 381 390 384 382 384 394 386 384 380 374 375 382 383 385 392 389 379 372 371 392 380 378 375 375 375 372 379
587 579 575 571 570 569 573 574 591 590 603 647 724 775 743 699 687 701 683 682 696 671 659 641 629 587 523 520 567 619 633 633 634 627 625 615 611 444 442 521 608 597 604 571 560 532 478 462 461 464 456 454 448 439 436 454 443 418 425 429 425 431 420 414 403 412 397 392 393 392 381 381 383 382 383 384 378 378 375 377 376 376 379 371 375 375 376 372 371 378 380 370 374 370
587 582 579 571 570 569 569 576 586 591 607 633 702 776 764 725 721 736 749 701 703 694 677 659 621 586 550 522 575 611 628 609 600 621 569 541 449 461 488 519 578 604 593 574 547 530 524 545 525 503 524 528 519 492 496 485 489 474 452 462 468 441 443 430 430 422 418 421 421 413 392 383 383 377 384 382 383 381 382 381 373 372 379 375 381 403 392 380 378 397 391 382 379 377
587 583 579 572 568 564 567 571 574 595 597 636 676 750 777 745 714 692 723 702 691 706 666 632 591 564 526 522 594 589 580 566 522 489 459 464 449 532 533 522 573 603 617 626 619 560 587 607 598 549 535 569 574 545 533 512 502 502 497 488 482 468 460 448 442 441 454 451 426 401 394 386 384 399 407 397 386 401 383 384 387 405 376 379 380 404 404 389 381 394 386 386 380 381
591 586 580 574 568 565 566 575 576 587 598 629 671 687 772 805 737 705 672 660 639 613 598 584 573 585 544 550 598 616 624 585 497 519 549 560 574 578 548 552 574 601 614 633 643 618 629 618 603 568 572 596 598 576 558 536 524 527 524 476 459 434 434 430 426 422 431 430 413 398 397 403 395 389 393 388 399 389 397 405 404 389 389 389 384 395 393 386 383 396 398 384 382 385
593 590 582 575 570 567 570 570 588 591 605 623 665 693 715 795 744 708 681 673 651 612 628 663 647 586 535 534 596 608 601 561 485 573 598 598 583 571 582 595 576 604 625 640 653 664 664 627 598 602 599 626 611 584 564 564 538 536 500 481 464 465 455 444 428 415 412 415 419 423 425 416 406 415 392 405 399 421 439 424 404 393 411 416 392 391 392 390 390 397 400 400 403 397
590 586 585 576 573 568 568 571 577 581 597 599 629 630 695 777 756 714 734 714 666 635 712 682 623 596 544 534 604 596 580 557 528 547 598 599 600 618 614 598 613 596 615 625 640 658 666 642 640 640 628 648 617 598 608 566 554 542 524 509 502 504 505 474 459 430 419 430 422 423 411 409 410 430 406 407 413 430 444 439 433 439 431 416 397 390 394 394 396 398 398 400 400 398
590 586 582 578 575 568 567 565 576 588 596 614 635 690 663 702 763 737 725 676 656 656 721 689 653 605 562 556 592 587 590 604 565 523 620 615 607 626 635 621 599 621 619 632 651 677 694 702 697 677 636 605 605 578 556 537 528 534 562 558 532 495 481 473 458 444 434 432 449 427 409 418 440 441 427 426 430 435 440 458 468 445 433 412 405 389 394 407 426 406 402 407 404 404
586 580 578 575 578 574 571 563 569 580 591 603 614 689 700 709 722 714 697 668 690 749 783 718 682 625 569 545 585 582 595 579 533 528 580 615 629 639 639 640 622 644 635 635 651 676 702 720 719 696 691 657 648 597 580 540 540 518 506 537 533 511 483 481 451 435 431 426 423 435 467 448 453 457 455 447 459 472 462 462 437 434 415 407 417 397 394 402 418 430 411 411 410 406
