test/HelianthusTinyTest/asciifiles/nabio_13.asc
ncols  170
nrows  166
xllcorner  -106.083333333333
yllcorner  39.5916666666667
cellsize 0.00833333333332943
NODATA_value  -9999
[rows 0 to 54 of 166, columns 0 to 95 of 170]
56 56 56 55 54 54 55 55 54 53 53 53 53 54 54 54 54 54 55 54 56 56 54 54 55 55 54 54 55 53 54 54 54 55 55 54 54 54 55 55 55 55 55 56 57 57 58 58 59 59 59 59 58 58 58 58 58 59 59 59 58 57 55 56 56 55 57 56 55 56 56 56 56 56 56 56 57 57 57 57 57 57 57 57 57 58 58 58 58 59 59 59 59 59 59 60
57 56 56 56 55 55 55 55 54 53 53 53 54 55 55 55 55 55 56 56 56 56 55 57 57 58 58 56 58 59 58 55 55 56 55 54 54 55 56 56 56 56 57 57 58 58 58 58 58 59 58 59 59 59 60 61 60 60 60 60 58 58 57 55 55 55 57 56 55 55 55 56 56 56 56 56 56 57 57 57 57 57 57 57 58 58 58 58 58 59 59 59 59 59 60 60
57 57 56 56 55 56 55 54 54 54 53 53 54 55 56 56 56 56 56 58 58 57 56 57 57 59 59 59 58 60 59 57 56 56 56 55 56 56 56 56 57 58 58 58 58 57 57 58 58 58 58 60 60 59 60 61 60 60 60 58 58 57 56 57 57 55 56 55 56 56 55 55 56 56 56 56 56 57 56 57 57 57 57 57 58 58 58 58 58 59 59 59 59 59 60 60
58 57 57 57 56 56 55 54 54 54 54 54 53 54 56 56 56 56 58 59 58 57 57 58 58 58 59 59 60 60 59 57 57 57 56 56 56 56 57 57 58 59 58 57 57 57 57 57 57 57 59 59 59 59 60 59 59 60 61 58 57 57 58 57 57 55 55 55 55 56 56 55 55 56 56 56 56 56 57 57 57 57 57 57 58 58 58 58 58 59 59 59 59 59 60 60
58 58 57 57 57 56 56 55 55 54 55 54 54 54 54 56 56 55 59 58 58 58 59 59 60 59 59 60 60 61 61 59 58 57 57 56 56 57 57 58 59 59 58 57 58 58 58 58 59 59 58 57 58 58 59 59 59 60 59 59 58 58 57 58 57 56 56 55 55 55 56 56 56 56 56 56 56 56 57 57 57 57 57 57 58 58 58 58 59 59 59 59 59 59 60 60
58 58 58 58 57 57 56 56 56 55 55 55 54 54 54 54 54 55 57 57 57 58 58 59 59 59 60 61 61 62 63 61 58 57 57 57 57 58 58 59 59 58 58 59 58 59 60 60 59 58 58 58 58 57 58 58 59 58 59 58 58 58 57 57 56 56 56 55 55 55 56 56 56 56 56 56 56 56 57 57 57 57 57 58 58 58 58 58 59 59 59 59 59 59 60 60
58 58 58 57 57 57 57 56 56 56 56 56 55 55 54 54 54 54 55 56 56 57 58 58 59 59 60 61 62 63 63 60 59 58 57 57 58 59 59 59 58 58 59 59 59 60 60 59 59 60 60 59 58 58 57 57 57 57 57 58 57 58 58 57 57 56 56 56 55 55 55 56 56 56 56 56 56 56 57 57 57 57 57 58 58 58 58 58 59 59 59 59 59 60 60 60
59 59 58 58 57 57 57 57 57 57 56 56 56 56 55 54 54 54 54 55 55 56 57 58 58 59 60 61 62 63 61 59 58 58 58 58 59 59 59 60 59 61 60 61 61 60 61 60 61 60 60 60 59 59 59 59 59 58 57 56 58 56 57 57 56 56 56 56 56 55 55 55 56 56 56 57 57 57 57 57 57 57 58 58 58 58 58 58 59 59 59 59 59 60 60 60
60 59 59 59 58 59 58 58 57 57 57 57 57 56 56 55 55 55 55 55 55 55 55 56 58 60 61 61 62 61 60 59 58 59 59 59 60 60 60 60 60 60 61 61 61 61 61 61 61 61 61 60 60 59 59 59 59 59 58 57 56 56 57 58 57 58 55 55 55 55 55 56 56 56 56 56 56 57 57 57 57 57 58 58 58 58 58 59 59 59 59 59 59 60 60 60
60 60 59 60 60 60 59 58 58 58 57 57 56 56 55 55 55 55 55 55 55 55 55 55 57 60 60 60 59 59 59 59 59 59 60 61 61 61 61 61 61 61 62 62 62 62 62 62 60 60 60 60 60 59 60 59 59 58 57 57 57 55 55 55 56 57 57 55 55 55 55 56 56 56 56 56 56 57 57 57 57 57 58 58 58 58 58 59 59 59 59 59 60 60 60 60
61 60 61 60 61 60 60 59 59 58 57 57 56 56 56 56 56 55 55 55 55 55 55 55 56 58 59 58 58 59 59 60 61 61 61 61 62 62 62 62 63 62 63 62 62 62 61 61 60 60 60 60 60 59 59 58 58 57 56 58 57 56 55 57 56 55 55 56 55 55 56 56 56 56 56 56 57 57 57 57 57 57 58 58 58 58 59 59 59 59 59 59 60 60 60 60
61 61 61 61 61 61 60 60 59 59 59 58 57 57 57 56 55 55 55 55 55 55 56 56 56 58 58 57 59 60 62 63 63 62 62 62 63 63 63 63 63 62 62 62 63 63 63 63 62 63 63 62 61 60 61 60 60 59 59 58 58 57 57 57 58 58 58 57 57 57 56 56 56 56 56 56 57 57 57 57 57 58 58 58 58 58 59 59 59 59 59 59 60 60 60 60
62 63 62 62 61 61 60 60 60 59 59 58 58 57 56 56 56 56 55 55 55 55 56 56 56 58 58 58 60 62 63 64 64 63 62 64 64 63 63 63 62 62 62 61 61 63 63 63 63 63 62 62 63 63 62 61 60 59 58 57 57 58 58 58 58 57 57 57 56 56 56 56 57 57 57 57 57 57 57 57 57 58 58 58 58 58 59 59 59 59 59 59 60 60 60 60
65 64 64 63 62 61 60 60 60 60 59 59 58 57 57 56 57 58 58 56 55 55 56 56 56 58 59 59 61 63 64 64 64 64 64 65 64 63 64 64 62 62 62 61 61 61 60 60 60 61 61 60 61 60 60 59 59 59 58 58 58 58 58 57 57 57 57 56 56 56 57 57 57 57 57 57 57 57 57 57 57 58 58 58 58 59 59 59 59 59 60 60 60 60 60 60
62 63 64 62 62 61 60 61 60 60 60 59 59 58 57 56 57 57 58 58 56 55 56 57 57 58 59 60 64 64 64 64 64 64 65 65 64 64 65 66 66 64 63 63 62 63 63 62 60 59 59 59 58 59 59 58 58 58 59 58 57 57 57 57 57 56 56 56 56 57 57 57 56 56 56 57 57 57 57 57 57 58 58 58 58 59 59 59 59 59 59 60 60 60 60 60
61 61 61 61 62 61 62 61 61 61 60 60 59 59 58 57 56 58 57 58 57 56 56 56 57 59 60 62 64 64 64 64 64 64 65 65 65 66 66 66 66 65 64 63 63 62 62 61 61 60 60 59 59 58 59 59 59 59 59 59 58 58 57 58 57 57 57 57 57 57 57 58 57 56 56 57 57 57 57 57 58 58 58 58 58 59 59 59 59 59 60 60 60 60 60 60
65 65 61 61 60 61 61 62 61 61 61 60 60 60 59 58 56 57 58 57 57 56 56 57 57 59 61 63 64 64 64 64 64 64 65 65 66 66 66 66 65 64 64 64 63 62 61 60 60 59 59 59 59 58 58 57 57 56 56 57 57 55 58 57 59 57 57 58 57 56 56 56 56 56 57 57 57 57 57 57 58 58 58 58 58 59 59 59 59 59 60 60 60 60 60 61
67 66 65 62 61 61 61 62 62 61 61 61 60 60 60 59 58 57 57 57 58 57 56 57 57 58 62 63 64 65 65 64 64 64 65 65 65 66 67 67 66 65 64 63 63 62 61 60 61 61 60 59 59 59 58 59 58 58 58 58 56 55 55 55 56 56 57 56 56 56 56 56 56 57 57 57 57 57 57 57 57 58 58 58 59 59 59 59 60 59 60 60 60 60 61 61
65 65 64 62 61 61 61 61 62 62 61 61 61 60 60 59 58 57 57 58 58 58 57 56 57 59 62 63 64 65 65 64 64 64 64 65 66 66 67 66 66 65 64 63 63 62 61 62 62 62 61 60 59 59 59 59 59 59 58 58 57 57 56 57 56 55 55 56 56 56 57 57 58 57 57 57 57 57 57 57 58 58 58 58 59 59 59 59 60 60 60 60 60 61 61 61
61 62 62 62 61 61 61 61 62 62 62 61 61 60 59 59 59 57 57 58 58 58 58 56 56 59 61 62 63 65 65 65 64 63 64 64 65 66 66 65 64 63 63 62 62 62 62 62 62 62 61 60 60 60 60 59 59 59 58 58 57 57 58 57 57 57 57 57 56 56 56 58 57 58 57 57 57 57 57 57 58 58 58 58 58 59 59 59 60 60 60 60 60 61 61 61
60 60 61 62 62 62 61 61 61 62 62 61 60 60 60 59 59 57 58 58 58 58 58 58 57 59 61 63 64 64 64 64 64 63 64 64 65 65 65 65 63 64 63 64 64 64 64 63 63 62 62 61 60 60 60 59 59 59 59 58 58 58 58 58 58 57 57 56 57 57 56 56 56 57 57 57 57 57 57 58 58 58 58 58 59 59 59 59 60 60 60 60 61 61 61 61
60 60 61 63 65 64 62 61 61 61 61 62 61 61 60 60 60 59 58 58 58 58 58 57 57 57 60 63 63 64 63 63 63 64 64 64 65 65 65 65 66 67 66 65 64 65 64 65 65 65 63 62 61 60 60 59 59 59 59 59 58 58 58 58 58 58 58 58 58 57 56 56 56 56 57 57 57 57 57 57 58 58 58 58 59 59 59 60 60 60 60 60 61 61 61 61
60 60 60 62 65 66 64 62 61 62 62 62 60 62 61 61 60 60 59 59 59 58 57 57 57 57 58 60 62 63 63 63 64 65 65 65 65 66 67 66 66 68 68 67 66 66 66 66 65 65 64 62 61 61 60 59 59 58 58 58 58 58 58 58 58 58 58 58 58 57 56 57 57 57 57 57 57 57 58 58 58 58 58 58 59 59 59 60 60 60 60 61 61 61 61 61
60 60 60 60 62 64 66 64 62 61 62 61 61 62 61 61 61 60 60 60 59 59 57 57 57 58 58 61 63 63 64 64 64 65 65 65 66 65 66 68 68 69 70 71 68 68 69 66 65 64 63 62 61 60 60 59 60 59 59 58 58 58 58 58 59 58 58 57 58 58 58 58 57 57 57 57 57 57 58 58 58 58 58 58 59 59 59 60 60 60 60 61 61 61 61 61
60 60 60 60 61 62 65 64 62 61 61 61 63 62 62 62 61 61 61 61 60 59 58 57 58 59 58 60 63 64 64 64 64 64 64 64 64 64 65 66 67 68 68 70 71 70 68 66 64 63 63 62 61 60 61 60 60 59 59 59 59 59 59 58 58 58 59 59 58 57 57 57 57 57 57 58 58 57 57 58 58 58 58 58 59 59 59 60 60 60 60 60 61 61 61 61
60 60 60 60 60 61 63 66 65 62 62 62 65 64 62 62 63 62 61 60 60 60 58 57 59 60 58 61 62 63 64 63 63 63 64 64 64 64 64 65 66 67 68 68 68 68 68 66 64 63 63 62 62 61 61 60 60 60 59 59 60 60 60 60 59 59 60 59 59 58 58 58 58 58 58 57 57 57 57 58 58 58 58 59 59 59 59 60 60 60 60 60 60 61 61 60
60 60 60 60 60 62 66 68 67 65 62 62 64 65 65 63 62 62 61 61 61 60 59 57 58 60 58 61 61 61 63 62 63 63 64 64 65 63 65 66 67 65 65 66 68 67 69 67 65 64 63 63 62 61 61 61 60 61 60 60 59 59 59 59 58 58 58 58 57 58 57 57 57 57 57 57 57 57 57 58 58 58 58 58 59 59 59 59 60 60 60 60 60 60 60 60
60 60 60 60 60 61 63 66 69 67 63 62 62 66 67 64 63 62 62 62 61 61 60 58 58 59 59 60 62 62 63 63 63 63 64 64 63 62 64 65 66 65 64 64 64 65 68 68 67 66 64 63 62 61 61 61 61 61 61 60 59 59 58 57 57 56 56 57 56 56 56 56 57 57 57 57 57 57 58 58 58 58 58 58 59 59 59 59 60 60 60 60 61 61 60 61
60 60 60 60 59 60 61 62 68 68 68 63 63 64 68 66 65 63 63 62 62 61 60 59 58 58 59 62 62 63 63 64 64 64 64 64 64 62 62 65 65 64 62 63 63 65 66 66 66 65 63 62 62 61 61 61 61 61 60 59 58 57 58 58 57 56 56 56 56 56 56 56 56 57 57 57 57 57 58 58 58 58 58 58 59 59 59 59 60 60 60 61 61 60 60 61
60 60 60 59 59 59 60 61 62 66 69 68 66 64 66 66 66 65 63 63 62 62 62 62 58 58 59 61 62 63 64 64 64 64 64 63 64 64 64 61 60 62 61 62 63 64 65 65 63 62 62 61 60 61 61 61 60 60 60 59 59 60 60 59 58 56 57 57 58 59 57 56 56 57 57 57 57 57 57 58 58 58 58 59 59 59 59 59 60 60 60 61 61 60 60 61
60 60 60 59 59 59 59 60 61 61 67 71 68 67 66 67 66 65 64 63 62 63 62 62 61 58 58 61 63 63 64 64 64 64 64 63 63 64 63 63 59 57 60 61 62 61 63 65 64 63 62 61 61 60 59 59 58 58 58 58 60 60 60 59 59 59 59 58 59 59 59 58 58 58 57 57 57 57 57 58 58 58 58 59 59 59 59 60 59 60 60 61 61 60 60 61
60 60 59 59 60 59 59 59 60 61 64 70 69 68 69 67 67 67 64 63 64 65 63 62 61 59 58 61 63 64 64 64 64 63 64 63 63 61 61 59 54 55 54 58 60 61 60 61 61 60 62 61 57 60 59 60 59 57 55 55 58 58 57 56 59 58 58 57 57 57 57 58 57 57 57 57 57 57 58 58 58 58 58 58 59 59 59 59 59 60 60 61 61 60 61 61
60 59 59 59 59 59 59 60 60 60 62 73 74 69 68 69 67 67 65 67 67 67 64 63 62 60 58 61 63 64 64 64 64 63 63 62 61 61 55 55 55 59 54 54 54 57 58 58 56 58 58 59 54 55 55 57 59 58 56 55 55 57 55 57 55 56 56 56 56 56 56 56 57 57 57 57 57 58 58 58 58 58 58 59 59 59 59 59 60 60 60 60 61 61 61 61
60 59 59 59 59 59 59 59 60 60 61 67 72 77 70 70 69 67 67 68 68 69 68 64 63 61 58 58 64 64 64 64 64 63 64 64 63 60 55 55 60 60 60 59 57 56 55 54 54 55 54 56 56 56 55 54 55 55 55 55 55 55 55 55 56 56 56 56 56 56 56 56 57 57 57 58 58 58 58 58 58 58 58 59 60 60 59 60 60 61 61 61 62 61 62 62
60 59 59 59 59 59 59 59 60 60 61 64 74 79 76 71 69 71 69 69 71 68 66 64 63 61 58 58 61 63 64 64 64 64 64 64 64 55 55 60 64 63 64 62 62 61 58 58 58 58 58 58 58 57 57 58 58 56 57 57 57 58 57 57 56 57 56 56 56 56 56 57 57 57 57 57 58 58 59 58 59 59 59 60 60 60 60 61 61 60 60 62 62 62 62 62
60 59 59 59 59 59 59 59 60 60 61 62 71 79 78 74 74 75 77 71 72 71 69 66 63 61 60 58 61 63 64 63 62 64 61 60 55 56 58 60 62 64 63 62 61 61 61 62 61 60 61 61 61 60 60 60 60 60 59 59 60 58 59 58 58 58 57 58 58 57 56 57 57 57 57 57 58 58 58 58 59 60 59 60 59 59 59 60 60 59 60 61 61 62 62 61
59 59 59 59 59 58 58 59 59 60 60 63 68 77 80 76 73 70 74 71 70 72 67 63 61 60 58 58 62 62 61 61 59 57 55 56 55 60 60 60 62 64 64 65 65 62 63 65 64 62 62 63 64 62 62 61 61 61 61 61 60 60 60 59 59 59 60 60 58 56 56 56 57 57 57 57 57 57 58 58 58 58 59 59 60 59 59 59 60 59 60 60 61 62 61 61
59 59 59 59 58 58 58 59 59 60 60 62 67 69 79 83 75 72 68 66 64 62 61 61 60 61 59 60 62 63 63 62 57 59 60 61 62 62 61 61 62 63 64 65 66 65 66 65 64 63 63 64 65 64 63 62 62 62 62 60 59 58 58 58 58 58 58 58 57 56 56 56 56 57 57 57 57 57 57 58 58 58 58 59 59 59 59 60 60 59 60 61 61 61 61 61
59 59 59 59 58 58 59 59 60 60 61 62 66 70 73 82 76 72 69 68 65 62 63 67 65 61 59 59 62 62 62 60 57 61 62 63 62 62 62 63 62 64 65 66 67 68 68 65 64 64 64 66 65 64 63 63 62 62 61 60 59 60 59 59 58 57 57 57 58 58 58 58 57 58 57 57 57 59 60 59 58 58 58 59 59 59 59 59 60 60 60 60 60 60 61 61
59 59 59 59 59 58 58 59 59 59 60 60 62 62 70 80 78 73 75 73 67 63 73 69 63 61 59 59 62 62 61 60 59 60 62 63 63 64 64 63 64 63 64 65 66 68 69 66 66 66 66 67 65 65 65 63 63 62 62 61 61 61 61 60 60 58 57 58 58 58 57 57 57 59 57 57 58 59 60 60 60 60 60 59 58 59 59 59 59 59 60 60 60 60 60 61
59 59 59 59 59 58 58 58 59 60 60 61 63 70 66 71 78 75 74 68 66 66 74 70 66 62 60 60 61 61 62 62 61 59 63 63 63 64 65 64 63 64 64 65 67 70 72 73 72 70 66 65 65 64 63 62 62 62 64 63 62 61 60 60 59 59 58 58 59 58 57 58 59 60 59 59 59 60 60 61 62 61 60 58 58 59 59 59 60 59 60 60 60 60 61 61
59 59 59 59 59 59 59 58 59 59 60 61 61 69 71 72 74 73 71 67 70 77 81 74 69 63 60 59 61 61 62 61 59 59 61 63 64 65 65 65 64 66 65 65 67 70 73 75 75 72 72 68 67 64 64 62 62 61 61 62 62 62 60 60 59 58 58 58 58 59 61 60 60 60 60 60 61 62 61 61 60 60 58 58 59 59 59 59 59 60 60 60 60 60 60 61
59 59 59 59 59 59 59 58 59 59 59 60 61 66 74 75 83 76 73 75 75 69 79 76 70 65 60 60 61 61 61 59 61 60 61 64 65 66 68 68 66 66 66 67 69 71 73 74 77 77 76 73 69 69 65 65 64 63 63 61 60 60 59 60 59 58 58 57 59 61 61 60 62 62 62 62 65 65 63 62 62 61 59 58 59 59 59 59 59 60 60 60 60 60 60 61
58 58 58 59 59 59 58 59 59 59 59 59 60 63 72 74 81 81 78 84 75 70 71 74 71 66 61 60 61 60 59 59 60 61 59 63 64 65 69 69 68 67 67 69 72 74 76 75 75 76 79 76 74 71 70 68 67 66 64 63 62 62 60 59 59 59 58 59 59 61 63 64 65 65 64 65 67 66 64 61 61 62 60 58 58 59 59 59 59 60 61 60 60 60 60 61
58 58 58 58 59 58 59 59 59 59 59 59 60 61 65 70 77 77 86 82 75 70 67 66 66 63 62 60 60 60 61 61 62 62 60 62 64 66 69 71 73 73 71 72 74 75 76 69 71 70 72 72 71 67 66 65 64 65 64 64 64 62 60 59 59 58 59 60 61 61 62 64 66 68 66 67 68 66 63 62 61 60 60 59 59 59 59 59 60 60 60 60 60 60 60 61
58 58 58 58 58 58 58 58 59 59 59 59 60 60 62 67 71 74 81 82 77 73 71 69 69 63 61 60 60 60 60 60 61 60 61 63 64 66 69 70 72 73 74 75 73 71 70 69 68 66 67 67 71 71 66 65 63 62 62 62 61 61 61 60 59 59 60 60 60 61 62 63 65 65 64 63 63 63 61 60 60 59 58 59 59 59 59 59 59 60 60 60 60 60 60 61
58 58 58 58 58 58 58 59 59 59 59 59 60 60 62 64 67 72 79 77 74 72 69 68 69 64 62 61 60 61 60 62 62 61 63 63 64 69 73 77 76 75 77 77 75 73 71 68 65 64 63 62 65 64 64 64 63 63 62 61 61 60 60 59 59 60 61 63 62 62 62 61 61 60 62 61 61 61 60 59 58 59 58 58 59 59 59 59 60 60 60 60 60 60 60 61
58 58 58 58 59 58 58 59 60 59 59 59 60 60 61 63 67 70 77 81 74 74 71 67 65 62 62 61 61 62 62 62 62 61 64 67 67 68 72 74 76 77 80 82 80 77 75 68 66 68 65 66 62 62 62 63 61 61 61 61 60 60 59 60 59 60 61 62 63 62 61 60 60 60 59 60 60 60 59 57 58 58 58 58 59 59 59 59 60 61 61 60 60 60 60 61
58 58 58 58 58 58 58 58 59 60 59 59 59 59 60 61 64 70 74 78 79 74 70 66 64 62 62 62 62 62 62 65 64 63 61 63 63 67 69 71 76 78 78 77 78 75 71 71 73 71 68 66 67 66 64 63 62 63 62 61 61 60 61 60 60 62 62 64 64 63 62 61 61 60 60 60 59 58 58 58 59 58 58 58 58 59 59 60 60 61 61 61 61 61 61 61
58 58 58 58 58 58 58 59 60 60 59 59 59 59 59 60 61 63 68 71 77 73 71 65 64 62 62 64 65 66 64 65 65 63 62 61 63 64 68 69 71 73 73 75 78 80 82 81 78 74 75 71 72 69 66 64 64 63 61 62 63 62 60 60 60 64 66 66 64 63 62 62 61 61 60 60 60 60 59 60 59 58 58 60 59 59 59 59 59 60 60 60 62 62 62 61
58 58 58 58 58 58 58 59 59 59 58 58 58 59 59 60 60 63 66 69 77 73 69 69 67 62 65 66 67 70 68 63 65 63 62 61 61 61 63 65 68 72 77 80 81 83 85 87 85 84 83 79 75 71 64 64 63 61 63 64 64 63 62 62 61 63 65 67 65 65 63 63 61 63 62 61 61 61 61 60 60 60 60 61 60 59 59 59 59 60 60 61 61 62 62 63
58 58 58 58 58 58 58 58 59 59 59 58 60 60 59 59 60 60 61 63 70 72 71 68 64 64 68 71 73 70 67 67 67 65 65 66 63 62 61 63 69 76 79 83 84 83 80 87 88 79 79 72 66 66 66 66 63 65 68 67 65 64 63 64 63 64 66 68 68 67 68 65 63 63 65 64 63 64 63 62 61 61 60 60 60 60 59 59 59 59 60 61 61 62 62 63
58 58 58 58 58 57 58 58 59 59 60 60 59 61 60 59 60 60 61 64 69 74 68 66 65 69 72 75 74 70 70 71 70 68 69 71 71 68 68 63 63 67 71 78 81 84 77 83 85 83 75 76 74 73 72 66 64 70 73 68 70 68 65 65 62 64 66 66 68 70 69 68 66 66 68 68 67 66 65 64 62 61 60 61 60 60 59 59 59 59 60 61 61 61 62 63
58 58 58 58 58 57 58 58 58 59 62 62 59 59 59 60 60 61 61 66 71 74 69 65 71 71 73 77 72 69 74 74 69 66 66 68 71 71 69 62 62 65 65 70 78 75 75 78 79 83 86 78 79 75 68 69 76 75 79 80 76 74 72 69 65 64 67 69 72 71 66 64 69 69 69 69 67 65 64 62 62 61 62 62 60 60 59 59 59 60 60 60 61 61 61 62
58 59 59 58 58 57 58 58 58 58 62 63 64 61 61 62 61 64 66 69 76 75 68 67 74 75 80 77 73 75 77 69 69 69 65 65 66 64 64 62 62 64 66 67 69 71 72 72 78 78 80 75 75 72 81 82 79 76 79 83 81 78 74 69 67 68 69 73 75 70 66 64 66 69 67 69 68 65 64 63 62 61 61 60 60 60 60 59 59 59 60 60 60 61 62 62
