test/HelianthusTinyTest/asciifiles/nabio_6.asc
ncols  170
nrows  166
xllcorner  -106.083333333333
yllcorner  39.5916666666667
cellsize 0.00833333333332943
NODATA_value  -9999
[rows 114 to 151 of 166, columns 85 to 169 of 170]
-109 -107 -104 -101 -98 -91 -99 -94 -91 -87 -85 -85 -86 -86 -86 -86 -87 -88 -88 -88 -88 -88 -89 -89 -89 -89 -90 -90 -90 -90 -90 -91 -91 -91 -91 -91 -92 -92 -93 -93 -93 -92 -92 -91 -92 -93 -93 -93 -93 -93 -93 -93 -93 -93 -94 -94 -94 -94 -94 -94 -94 -95 -95 -95 -95 -95 -96 -95 -95 -96 -95 -95 -95 -96 -96 -96 -96 -96 -96 -97 -97 -98 -98 -98 -98
-110 -106 -102 -100 -99 -93 -92 -91 -86 -85 -85 -85 -85 -85 -86 -86 -86 -86 -86 -87 -88 -87 -88 -88 -89 -88 -88 -89 -89 -90 -90 -89 -90 -90 -91 -91 -91 -91 -92 -92 -92 -92 -92 -92 -92 -92 -92 -92 -93 -93 -93 -93 -93 -93 -94 -94 -93 -93 -94 -94 -94 -94 -94 -94 -95 -95 -95 -94 -94 -95 -95 -95 -95 -95 -95 -96 -96 -96 -97 -97 -97 -97 -97 -98 -97
-103 -101 -99 -97 -93 -96 -96 -104 -102 -94 -86 -84 -83 -84 -85 -85 -86 -86 -86 -86 -86 -86 -87 -88 -88 -87 -87 -88 -88 -89 -89 -89 -89 -89 -90 -91 -91 -91 -91 -91 -91 -91 -92 -92 -92 -92 -92 -92 -92 -92 -92 -93 -93 -93 -93 -93 -93 -93 -93 -93 -93 -93 -94 -94 -94 -94 -95 -95 -95 -94 -95 -95 -95 -95 -95 -95 -95 -96 -96 -97 -97 -97 -96 -96 -98
-115 -110 -106 -103 -106 -109 -101 -106 -104 -97 -92 -87 -83 -83 -84 -85 -85 -85 -86 -86 -86 -86 -86 -86 -87 -87 -87 -87 -88 -88 -88 -89 -90 -90 -90 -90 -91 -91 -91 -91 -91 -91 -90 -90 -91 -92 -92 -92 -92 -92 -92 -92 -92 -92 -92 -93 -93 -93 -93 -93 -93 -93 -93 -93 -93 -94 -94 -94 -94 -94 -94 -94 -95 -95 -95 -95 -95 -95 -95 -95 -96 -97 -96 -96 -96
-116 -113 -114 -110 -112 -112 -113 -109 -113 -109 -95 -89 -86 -83 -83 -84 -85 -85 -85 -85 -86 -86 -86 -86 -86 -86 -87 -87 -87 -87 -88 -88 -89 -90 -90 -90 -90 -90 -90 -90 -91 -91 -90 -90 -90 -90 -90 -91 -92 -92 -92 -92 -92 -92 -92 -91 -91 -91 -93 -93 -93 -93 -93 -93 -94 -93 -93 -94 -94 -94 -94 -94 -93 -94 -95 -95 -95 -95 -95 -95 -95 -96 -97 -96 -96
-126 -124 -122 -120 -119 -119 -118 -116 -117 -116 -101 -92 -88 -85 -84 -84 -84 -85 -85 -85 -85 -85 -86 -86 -87 -87 -86 -87 -87 -87 -88 -88 -88 -89 -89 -90 -90 -90 -90 -89 -89 -89 -89 -90 -90 -91 -91 -91 -91 -91 -91 -92 -92 -92 -92 -92 -92 -92 -92 -92 -92 -93 -93 -93 -93 -93 -93 -93 -93 -93 -94 -94 -94 -94 -94 -94 -95 -95 -95 -95 -95 -95 -96 -96 -96
-127 -124 -120 -119 -119 -115 -117 -118 -113 -111 -104 -95 -89 -87 -86 -84 -84 -84 -85 -85 -84 -85 -86 -86 -86 -86 -86 -87 -87 -87 -87 -87 -88 -88 -88 -89 -88 -89 -90 -89 -89 -89 -89 -89 -89 -91 -91 -91 -91 -91 -91 -90 -90 -90 -91 -92 -92 -92 -92 -92 -92 -92 -92 -92 -93 -93 -93 -93 -93 -93 -93 -94 -94 -94 -94 -94 -94 -94 -95 -95 -95 -95 -95 -96 -96
-121 -119 -117 -115 -115 -112 -112 -111 -116 -119 -110 -99 -93 -88 -86 -84 -84 -84 -84 -87 -87 -85 -86 -86 -86 -86 -86 -86 -87 -87 -87 -87 -88 -89 -89 -88 -88 -88 -88 -88 -89 -89 -89 -89 -89 -89 -89 -89 -91 -91 -91 -90 -90 -90 -90 -90 -90 -91 -91 -91 -92 -92 -92 -92 -92 -92 -93 -93 -93 -93 -93 -93 -93 -94 -94 -94 -94 -94 -94 -95 -95 -95 -95 -95 -96
-117 -115 -116 -114 -113 -109 -108 -108 -118 -123 -110 -98 -94 -87 -85 -84 -84 -85 -85 -86 -86 -86 -86 -86 -86 -86 -86 -86 -86 -87 -87 -87 -87 -87 -88 -88 -88 -88 -88 -88 -88 -88 -89 -89 -89 -89 -89 -89 -89 -89 -89 -90 -90 -90 -90 -90 -90 -90 -90 -90 -92 -92 -92 -92 -92 -92 -92 -92 -93 -93 -93 -93 -92 -92 -93 -94 -94 -94 -94 -94 -95 -95 -95 -95 -95
-117 -115 -113 -113 -111 -112 -108 -106 -111 -117 -112 -99 -91 -88 -85 -85 -85 -88 -87 -86 -86 -87 -86 -86 -86 -86 -86 -86 -86 -86 -86 -87 -87 -87 -87 -87 -88 -88 -88 -88 -88 -88 -88 -88 -89 -90 -90 -90 -89 -89 -89 -89 -89 -90 -90 -90 -90 -90 -90 -90 -91 -91 -91 -92 -92 -92 -92 -92 -92 -92 -93 -93 -93 -93 -92 -93 -94 -94 -94 -94 -94 -95 -95 -95 -95
-117 -117 -113 -109 -111 -109 -105 -102 -100 -104 -103 -94 -89 -87 -86 -87 -89 -90 -89 -88 -86 -86 -87 -87 -87 -86 -86 -86 -86 -86 -86 -86 -87 -87 -87 -87 -87 -87 -88 -88 -88 -88 -88 -88 -88 -88 -88 -89 -89 -89 -89 -89 -89 -89 -89 -89 -89 -90 -91 -91 -91 -91 -91 -91 -90 -92 -92 -92 -92 -92 -91 -91 -93 -93 -93 -92 -92 -93 -94 -94 -93 -94 -95 -95 -94
-123 -118 -120 -119 -116 -113 -109 -108 -98 -101 -97 -95 -92 -89 -89 -92 -90 -89 -88 -87 -86 -87 -87 -86 -86 -86 -86 -86 -86 -86 -86 -86 -86 -87 -87 -87 -87 -87 -87 -87 -87 -88 -88 -88 -88 -88 -88 -88 -88 -89 -89 -89 -89 -89 -89 -89 -89 -89 -89 -90 -91 -91 -91 -91 -91 -90 -90 -92 -92 -92 -91 -91 -91 -93 -93 -93 -92 -92 -93 -94 -93 -93 -94 -95 -94
-128 -125 -123 -121 -118 -118 -118 -115 -110 -114 -115 -104 -97 -93 -94 -93 -90 -92 -89 -89 -88 -88 -86 -86 -86 -86 -86 -86 -86 -86 -86 -86 -86 -86 -87 -87 -87 -87 -87 -87 -87 -87 -87 -88 -88 -88 -88 -88 -88 -88 -88 -88 -88 -89 -89 -89 -89 -89 -89 -90 -89 -89 -91 -91 -91 -91 -90 -90 -90 -91 -92 -91 -91 -91 -91 -92 -92 -92 -92 -93 -93 -93 -93 -94 -94
-130 -127 -125 -124 -128 -129 -124 -117 -117 -124 -118 -106 -100 -96 -95 -92 -92 -92 -92 -90 -89 -90 -89 -88 -88 -88 -87 -87 -87 -87 -87 -87 -87 -85 -86 -86 -87 -87 -87 -87 -87 -87 -87 -87 -88 -87 -87 -87 -87 -88 -88 -88 -88 -88 -88 -89 -89 -90 -90 -90 -90 -89 -89 -89 -90 -91 -90 -90 -90 -90 -91 -92 -91 -91 -91 -91 -92 -92 -92 -92 -93 -93 -93 -93 -93
-134 -128 -125 -124 -126 -128 -125 -121 -123 -121 -117 -106 -100 -98 -96 -93 -93 -93 -92 -92 -91 -90 -89 -87 -86 -86 -86 -86 -86 -86 -86 -86 -86 -86 -86 -86 -86 -86 -87 -87 -87 -87 -87 -87 -87 -88 -87 -88 -88 -88 -88 -88 -88 -88 -88 -88 -88 -88 -90 -90 -90 -89 -89 -89 -89 -89 -90 -90 -90 -90 -90 -90 -91 -91 -91 -91 -91 -92 -92 -92 -92 -93 -93 -93 -93
-134 -131 -125 -126 -123 -127 -132 -132 -127 -125 -116 -110 -103 -99 -96 -96 -95 -94 -92 -92 -91 -90 -90 -89 -87 -86 -86 -86 -86 -86 -86 -86 -86 -86 -86 -86 -86 -86 -86 -86 -87 -87 -87 -87 -87 -87 -87 -87 -87 -87 -87 -88 -88 -88 -88 -88 -88 -88 -88 -88 -88 -89 -89 -89 -89 -89 -89 -89 -90 -90 -90 -90 -90 -91 -91 -91 -91 -91 -92 -92 -92 -92 -93 -93 -93
-135 -129 -132 -129 -126 -119 -125 -128 -117 -113 -122 -112 -105 -100 -98 -97 -95 -95 -93 -92 -92 -91 -88 -87 -87 -88 -86 -86 -86 -86 -86 -86 -86 -86 -86 -86 -86 -86 -86 -86 -86 -87 -87 -87 -87 -87 -87 -87 -87 -87 -87 -87 -87 -87 -88 -88 -89 -89 -88 -88 -88 -88 -88 -89 -89 -89 -89 -89 -89 -90 -90 -90 -90 -90 -91 -91 -91 -91 -91 -92 -92 -92 -92 -93 -93
-135 -134 -140 -135 -136 -131 -120 -117 -120 -113 -107 -106 -102 -101 -99 -97 -96 -95 -94 -93 -92 -91 -89 -88 -86 -86 -86 -86 -86 -86 -86 -86 -86 -86 -86 -86 -86 -86 -86 -86 -86 -87 -87 -87 -87 -87 -86 -86 -86 -86 -87 -87 -87 -87 -87 -87 -87 -88 -88 -88 -88 -88 -88 -88 -88 -89 -89 -89 -89 -89 -90 -90 -89 -90 -90 -91 -91 -91 -91 -91 -92 -92 -92 -92 -93
-136 -139 -137 -135 -133 -130 -128 -123 -124 -123 -118 -109 -105 -101 -99 -98 -97 -95 -94 -94 -92 -92 -89 -87 -86 -86 -85 -85 -85 -85 -86 -86 -85 -85 -86 -86 -86 -86 -86 -86 -86 -87 -86 -86 -86 -86 -86 -86 -86 -87 -87 -87 -87 -87 -87 -87 -87 -87 -87 -88 -88 -88 -88 -88 -88 -88 -89 -89 -88 -89 -89 -90 -90 -89 -90 -90 -91 -91 -91 -91 -91 -92 -92 -92 -92
-134 -133 -126 -126 -128 -123 -126 -122 -117 -123 -122 -113 -109 -100 -97 -97 -96 -95 -95 -94 -93 -91 -89 -88 -86 -87 -85 -85 -85 -85 -85 -86 -86 -86 -86 -86 -86 -86 -86 -86 -87 -86 -87 -86 -86 -86 -86 -86 -86 -87 -86 -87 -87 -88 -88 -87 -87 -87 -87 -87 -87 -88 -88 -88 -87 -88 -88 -89 -89 -88 -89 -89 -90 -89 -89 -90 -90 -91 -91 -91 -91 -91 -92 -92 -92
-131 -128 -126 -123 -122 -121 -121 -119 -113 -115 -114 -120 -117 -106 -100 -96 -93 -93 -95 -93 -90 -90 -90 -88 -87 -87 -87 -86 -86 -86 -85 -85 -86 -86 -86 -86 -86 -86 -86 -86 -86 -86 -87 -86 -86 -86 -86 -86 -86 -86 -86 -86 -86 -86 -87 -87 -87 -87 -87 -87 -87 -87 -87 -88 -88 -87 -88 -88 -89 -88 -88 -89 -89 -90 -89 -89 -90 -90 -90 -90 -91 -91 -91 -92 -92
-129 -128 -125 -127 -128 -125 -122 -126 -122 -117 -116 -111 -116 -109 -101 -95 -95 -93 -92 -90 -90 -90 -87 -87 -88 -87 -87 -86 -86 -86 -86 -86 -86 -85 -85 -86 -85 -85 -86 -86 -86 -86 -86 -86 -86 -86 -86 -86 -86 -86 -86 -86 -86 -86 -86 -86 -86 -87 -87 -87 -87 -87 -87 -87 -87 -88 -87 -87 -88 -88 -88 -88 -88 -89 -89 -90 -89 -90 -91 -90 -91 -91 -91 -92 -92
-131 -135 -131 -135 -131 -130 -129 -127 -126 -123 -120 -114 -107 -106 -102 -95 -94 -93 -92 -91 -90 -90 -87 -87 -87 -85 -85 -85 -85 -86 -86 -86 -86 -86 -85 -85 -85 -85 -85 -85 -86 -86 -86 -86 -86 -86 -86 -86 -86 -86 -86 -86 -86 -86 -86 -86 -86 -86 -86 -87 -87 -86 -86 -86 -87 -88 -88 -87 -87 -88 -88 -88 -88 -89 -89 -89 -89 -89 -90 -90 -90 -91 -91 -91 -92
-143 -140 -138 -139 -137 -133 -128 -127 -124 -122 -118 -117 -107 -102 -99 -95 -95 -92 -93 -92 -89 -89 -87 -87 -85 -85 -86 -85 -85 -85 -85 -86 -86 -86 -86 -85 -85 -85 -85 -85 -85 -85 -85 -85 -85 -85 -85 -85 -85 -86 -86 -86 -86 -86 -86 -86 -86 -86 -86 -86 -86 -86 -86 -86 -86 -87 -87 -87 -87 -87 -87 -88 -88 -88 -89 -88 -89 -89 -90 -90 -90 -90 -91 -91 -92
-143 -143 -144 -139 -137 -132 -128 -125 -126 -123 -121 -119 -109 -100 -98 -99 -95 -92 -90 -89 -89 -87 -87 -87 -86 -86 -86 -86 -85 -85 -85 -85 -85 -85 -86 -85 -85 -85 -85 -85 -85 -85 -85 -85 -85 -85 -85 -85 -85 -85 -85 -85 -86 -86 -86 -86 -86 -85 -85 -86 -86 -86 -86 -86 -86 -86 -87 -86 -87 -87 -87 -87 -88 -88 -88 -89 -89 -89 -89 -90 -90 -90 -91 -91 -91
-137 -137 -141 -143 -132 -129 -127 -126 -123 -125 -123 -120 -112 -101 -100 -100 -95 -95 -92 -91 -89 -89 -87 -87 -87 -86 -85 -86 -86 -85 -85 -85 -85 -85 -85 -85 -85 -85 -85 -85 -85 -85 -85 -85 -85 -85 -85 -85 -85 -85 -85 -85 -85 -85 -85 -86 -86 -86 -85 -85 -85 -86 -86 -86 -86 -86 -86 -87 -87 -87 -87 -87 -88 -88 -88 -88 -89 -89 -89 -90 -90 -90 -90 -91 -91
-133 -133 -138 -133 -133 -132 -130 -129 -125 -122 -121 -116 -115 -109 -101 -98 -94 -92 -91 -91 -89 -89 -87 -87 -87 -86 -86 -86 -86 -85 -85 -85 -85 -85 -85 -85 -85 -85 -85 -85 -85 -85 -85 -85 -85 -85 -85 -85 -85 -85 -85 -85 -85 -85 -85 -85 -85 -86 -86 -85 -85 -85 -85 -86 -86 -86 -86 -86 -86 -87 -87 -87 -87 -88 -88 -88 -88 -89 -89 -89 -90 -90 -90 -91 -91
-138 -131 -130 -131 -132 -128 -127 -129 -126 -123 -123 -123 -117 -116 -110 -99 -95 -94 -93 -94 -104 -92 -88 -87 -86 -86 -86 -86 -86 -86 -85 -85 -85 -85 -86 -86 -86 -86 -86 -86 -86 -85 -85 -85 -85 -85 -85 -85 -85 -85 -85 -85 -85 -85 -85 -85 -85 -85 -85 -86 -85 -85 -85 -85 -85 -86 -86 -86 -86 -87 -87 -87 -87 -87 -88 -88 -88 -89 -89 -89 -89 -89 -90 -91 -91
-140 -133 -130 -127 -127 -127 -126 -128 -125 -123 -121 -122 -120 -115 -113 -102 -97 -94 -99 -104 -103 -97 -88 -87 -86 -86 -86 -86 -86 -85 -86 -86 -86 -86 -86 -86 -86 -86 -85 -85 -85 -85 -85 -85 -85 -85 -85 -86 -85 -85 -85 -85 -85 -85 -85 -85 -85 -85 -85 -85 -85 -85 -85 -85 -85 -86 -86 -86 -86 -86 -87 -87 -87 -87 -88 -88 -88 -88 -89 -89 -89 -90 -90 -90 -91
-134 -131 -130 -128 -125 -128 -127 -125 -123 -122 -119 -120 -117 -113 -110 -102 -96 -96 -105 -103 -102 -96 -88 -87 -86 -86 -86 -86 -86 -86 -86 -86 -86 -86 -85 -85 -85 -85 -85 -85 -85 -85 -85 -85 -85 -86 -86 -86 -85 -85 -85 -85 -85 -85 -85 -85 -85 -85 -85 -85 -85 -85 -85 -85 -85 -86 -86 -86 -86 -86 -87 -87 -87 -87 -88 -88 -88 -88 -88 -89 -89 -89 -90 -90 -90
-132 -132 -130 -128 -127 -121 -126 -125 -123 -121 -118 -116 -114 -110 -108 -104 -95 -93 -101 -99 -94 -88 -88 -87 -87 -86 -86 -86 -86 -86 -86 -86 -86 -86 -86 -85 -86 -85 -85 -85 -86 -85 -85 -85 -86 -85 -85 -86 -86 -85 -85 -85 -85 -85 -85 -85 -85 -85 -85 -85 -85 -85 -85 -85 -86 -85 -86 -86 -86 -86 -87 -87 -87 -87 -87 -88 -88 -88 -88 -89 -89 -89 -89 -90 -90
-131 -132 -129 -128 -126 -124 -122 -123 -125 -123 -124 -119 -119 -119 -111 -108 -96 -92 -90 -90 -88 -94 -93 -88 -87 -87 -86 -86 -86 -86 -86 -86 -86 -86 -86 -86 -86 -86 -86 -86 -86 -85 -86 -86 -85 -85 -85 -86 -86 -85 -85 -85 -85 -85 -85 -85 -85 -85 -85 -85 -85 -85 -86 -85 -86 -86 -86 -86 -86 -86 -87 -87 -87 -87 -87 -88 -88 -88 -88 -88 -89 -89 -89 -90 -90
-129 -134 -131 -130 -126 -124 -121 -116 -112 -120 -120 -122 -118 -115 -106 -98 -91 -91 -90 -90 -101 -99 -98 -96 -88 -87 -87 -86 -86 -87 -87 -87 -87 -87 -86 -86 -86 -86 -86 -86 -86 -86 -86 -85 -85 -85 -85 -86 -86 -85 -85 -85 -85 -85 -85 -85 -85 -85 -85 -85 -85 -86 -85 -86 -86 -86 -87 -86 -86 -87 -86 -87 -87 -87 -87 -88 -88 -88 -88 -88 -89 -89 -89 -90 -90
-128 -130 -129 -125 -124 -120 -122 -113 -110 -109 -113 -114 -107 -114 -102 -105 -106 -95 -92 -92 -93 -95 -95 -95 -95 -90 -88 -87 -86 -87 -87 -87 -87 -86 -86 -86 -86 -86 -86 -86 -86 -86 -85 -85 -85 -85 -86 -86 -86 -85 -85 -85 -85 -85 -85 -85 -85 -85 -85 -85 -85 -86 -86 -86 -86 -86 -87 -86 -87 -87 -86 -87 -87 -87 -87 -88 -88 -88 -88 -88 -89 -89 -89 -90 -91
-121 -118 -130 -126 -127 -119 -116 -117 -118 -119 -108 -111 -108 -108 -108 -117 -110 -102 -95 -94 -92 -93 -93 -92 -90 -90 -89 -88 -88 -87 -87 -87 -87 -86 -86 -86 -86 -86 -86 -86 -86 -85 -85 -85 -85 -85 -85 -86 -86 -85 -85 -85 -85 -85 -85 -85 -85 -85 -85 -85 -86 -86 -86 -86 -86 -86 -87 -87 -87 -87 -87 -87 -87 -87 -87 -87 -88 -88 -88 -88 -88 -89 -90 -89 -91
-128 -127 -125 -125 -123 -120 -123 -127 -126 -124 -122 -120 -121 -121 -124 -124 -122 -114 -98 -97 -95 -95 -94 -93 -92 -91 -91 -90 -89 -88 -87 -88 -87 -87 -86 -86 -86 -86 -86 -87 -86 -85 -85 -85 -85 -85 -86 -86 -86 -86 -86 -86 -85 -85 -85 -85 -85 -85 -85 -86 -86 -86 -86 -87 -87 -87 -87 -87 -87 -88 -87 -87 -87 -87 -87 -87 -88 -88 -88 -88 -88 -89 -89 -90 -89
-127 -127 -125 -127 -125 -125 -126 -125 -130 -130 -128 -126 -122 -122 -125 -125 -122 -117 -108 -100 -99 -97 -97 -95 -94 -94 -93 -93 -91 -89 -88 -88 -88 -88 -87 -87 -87 -86 -86 -87 -87 -87 -86 -85 -85 -86 -86 -86 -86 -86 -86 -86 -86 -87 -86 -86 -85 -85 -85 -86 -86 -86 -87 -87 -87 -87 -87 -87 -87 -88 -87 -87 -87 -87 -87 -87 -87 -88 -88 -88 -89 -89 -90 -90 -89
-129 -127 -127 -127 -129 -130 -129 -128 -129 -130 -129 -127 -125 -126 -125 -124 -121 -118 -114 -102 -102 -100 -104 -101 -100 -98 -96 -95 -91 -90 -90 -88 -88 -88 -88 -88 -87 -87 -87 -87 -87 -87 -87 -86 -85 -86 -87 -86 -86 -86 -86 -86 -86 -87 -87 -87 -87 -87 -87 -86 -87 -88 -88 -88 -88 -89 -87 -87 -87 -88 -88 -88 -88 -87 -87 -87 -87 -88 -88 -89 -88 -89 -90 -90 -90
