test/HelianthusTinyTest/asciifiles/nabio_6.asc
ncols  170
nrows  166
xllcorner  -106.083333333333
yllcorner  39.5916666666667
cellsize 0.00833333333332943
NODATA_value  -9999
[rows 0 to 37 of 166, columns 0 to 84 of 170]
-140 -140 -138 -138 -136 -135 -137 -137 -135 -132 -133 -133 -133 -134 -134 -134 -134 -136 -137 -135 -138 -137 -135 -133 -136 -135 -133 -133 -134 -131 -132 -132 -132 -133 -133 -131 -130 -131 -131 -131 -131 -130 -131 -131 -132 -133 -133 -134 -135 -134 -134 -134 -133 -131 -131 -132 -132 -131 -131 -131 -129 -128 -123 -124 -124 -122 -125 -124 -121 -120 -121 -120 -120 -119 -119 -118 -118 -117 -117 -115 -115 -112 -113 -112 -110
-141 -141 -140 -138 -137 -138 -138 -136 -135 -133 -133 -133 -135 -138 -137 -137 -136 -138 -138 -138 -138 -137 -135 -138 -140 -140 -140 -136 -139 -141 -140 -133 -133 -135 -133 -131 -132 -132 -132 -132 -132 -133 -134 -134 -135 -135 -134 -133 -134 -134 -133 -134 -133 -134 -135 -136 -134 -134 -133 -133 -128 -128 -127 -123 -123 -121 -124 -122 -122 -120 -118 -120 -120 -119 -118 -118 -118 -116 -117 -115 -114 -113 -111 -111 -111
-143 -141 -139 -139 -137 -138 -136 -135 -134 -134 -133 -133 -134 -136 -139 -138 -139 -139 -139 -143 -142 -139 -138 -140 -140 -142 -142 -142 -140 -144 -142 -136 -136 -135 -135 -133 -134 -133 -133 -134 -135 -135 -135 -134 -135 -134 -133 -133 -133 -133 -133 -135 -136 -135 -135 -136 -135 -135 -133 -129 -128 -126 -125 -127 -124 -122 -122 -121 -121 -121 -117 -115 -117 -117 -117 -116 -116 -117 -113 -114 -112 -112 -112 -111 -111
-145 -144 -142 -140 -140 -139 -137 -136 -135 -135 -135 -134 -133 -136 -140 -140 -139 -138 -142 -144 -143 -140 -140 -142 -142 -141 -143 -144 -143 -145 -141 -138 -137 -136 -135 -134 -134 -135 -134 -135 -136 -138 -136 -134 -134 -132 -133 -131 -132 -132 -136 -133 -133 -134 -135 -133 -133 -134 -135 -130 -128 -127 -127 -126 -124 -121 -120 -118 -120 -120 -119 -116 -116 -116 -113 -113 -115 -115 -113 -114 -112 -111 -111 -111 -111
-145 -145 -144 -143 -142 -137 -138 -137 -136 -135 -136 -135 -133 -133 -136 -139 -138 -137 -145 -143 -142 -142 -143 -143 -145 -142 -143 -144 -145 -146 -145 -141 -138 -137 -135 -135 -135 -135 -136 -137 -138 -138 -136 -134 -134 -135 -136 -134 -135 -134 -132 -131 -133 -131 -133 -132 -133 -133 -131 -131 -129 -128 -127 -127 -126 -122 -122 -118 -117 -119 -121 -119 -115 -114 -114 -113 -113 -113 -113 -112 -112 -111 -111 -111 -109
-146 -146 -145 -143 -142 -141 -139 -139 -137 -137 -136 -136 -135 -135 -134 -134 -135 -137 -140 -141 -141 -142 -142 -142 -143 -142 -145 -146 -146 -148 -148 -145 -140 -137 -136 -135 -136 -137 -137 -139 -140 -136 -135 -136 -135 -137 -138 -137 -135 -133 -131 -133 -132 -130 -131 -131 -132 -131 -131 -129 -129 -128 -126 -125 -124 -122 -122 -120 -116 -115 -119 -121 -119 -115 -112 -112 -111 -111 -112 -113 -112 -109 -108 -109 -109
-147 -146 -143 -143 -143 -142 -141 -139 -139 -140 -139 -138 -136 -137 -135 -135 -135 -134 -136 -137 -138 -139 -141 -143 -142 -144 -145 -147 -149 -150 -149 -144 -140 -138 -137 -136 -137 -139 -139 -138 -138 -136 -137 -138 -138 -139 -139 -136 -136 -136 -137 -134 -132 -131 -130 -129 -128 -128 -128 -130 -127 -128 -129 -126 -124 -123 -121 -121 -119 -115 -115 -117 -119 -117 -116 -114 -113 -112 -110 -111 -112 -111 -109 -109 -109
-147 -147 -145 -143 -141 -141 -143 -141 -141 -140 -140 -139 -139 -138 -137 -135 -135 -135 -135 -135 -135 -137 -139 -141 -142 -144 -145 -147 -148 -148 -146 -142 -139 -139 -138 -140 -139 -140 -140 -140 -139 -141 -140 -141 -140 -139 -140 -138 -139 -139 -136 -136 -135 -132 -134 -132 -132 -130 -127 -126 -127 -125 -126 -125 -124 -122 -121 -121 -120 -118 -114 -113 -114 -114 -114 -117 -115 -115 -112 -109 -108 -108 -107 -107 -107
-150 -149 -148 -149 -143 -146 -144 -144 -142 -140 -142 -141 -140 -140 -138 -137 -136 -136 -135 -136 -135 -136 -136 -138 -140 -146 -147 -148 -147 -146 -143 -142 -139 -141 -142 -141 -142 -142 -141 -142 -141 -142 -143 -142 -142 -141 -140 -141 -140 -140 -140 -137 -135 -134 -133 -133 -133 -131 -130 -127 -125 -123 -127 -127 -126 -125 -120 -119 -117 -117 -116 -115 -112 -112 -112 -110 -112 -110 -110 -111 -110 -108 -107 -108 -108
-151 -150 -150 -150 -150 -150 -149 -146 -144 -143 -141 -141 -139 -138 -137 -137 -138 -136 -136 -136 -136 -136 -137 -136 -139 -144 -144 -145 -142 -142 -142 -141 -142 -142 -143 -144 -144 -143 -142 -143 -142 -141 -143 -144 -143 -142 -142 -141 -138 -137 -136 -137 -136 -134 -134 -133 -133 -129 -128 -127 -126 -121 -121 -121 -121 -123 -124 -120 -118 -115 -114 -115 -112 -111 -111 -111 -113 -112 -114 -112 -112 -110 -109 -107 -106
-153 -151 -152 -152 -152 -150 -151 -148 -147 -145 -143 -141 -140 -138 -138 -138 -137 -136 -136 -136 -136 -137 -137 -136 -137 -142 -143 -140 -141 -143 -142 -143 -144 -144 -145 -145 -145 -145 -145 -145 -146 -145 -146 -144 -144 -142 -141 -139 -139 -137 -137 -137 -136 -133 -132 -132 -130 -128 -126 -129 -125 -123 -122 -125 -121 -121 -120 -120 -115 -116 -115 -112 -114 -115 -114 -112 -113 -111 -110 -109 -109 -111 -109 -106 -106
-154 -154 -154 -152 -152 -152 -151 -149 -148 -147 -146 -144 -142 -141 -141 -139 -138 -137 -137 -137 -137 -137 -137 -137 -137 -140 -140 -139 -143 -145 -148 -150 -149 -146 -147 -147 -149 -149 -147 -147 -146 -144 -145 -144 -145 -145 -144 -145 -142 -143 -143 -140 -139 -135 -137 -136 -133 -132 -131 -129 -129 -125 -126 -125 -126 -125 -125 -123 -122 -121 -117 -117 -117 -117 -116 -114 -113 -112 -110 -109 -109 -108 -108 -107 -106
-154 -155 -154 -154 -153 -152 -152 -150 -149 -147 -146 -144 -143 -142 -139 -138 -138 -138 -137 -136 -136 -137 -138 -137 -139 -141 -141 -141 -145 -148 -151 -152 -151 -149 -148 -151 -149 -148 -147 -148 -146 -144 -145 -142 -142 -144 -144 -144 -143 -144 -142 -140 -142 -143 -141 -137 -134 -133 -128 -126 -125 -127 -128 -127 -125 -124 -122 -122 -119 -118 -119 -118 -119 -118 -117 -115 -114 -112 -111 -110 -109 -109 -107 -106 -106
-157 -156 -156 -155 -153 -153 -151 -150 -150 -149 -148 -146 -144 -143 -141 -139 -141 -143 -142 -139 -137 -136 -137 -138 -138 -142 -142 -144 -147 -150 -152 -152 -151 -151 -150 -151 -150 -148 -151 -150 -146 -146 -144 -143 -141 -140 -139 -139 -138 -138 -139 -138 -139 -136 -135 -134 -133 -132 -129 -128 -128 -128 -126 -124 -123 -122 -121 -121 -120 -119 -120 -121 -120 -119 -116 -116 -115 -114 -113 -111 -109 -109 -108 -107 -106
-155 -155 -156 -155 -155 -152 -151 -152 -152 -150 -149 -147 -147 -144 -142 -139 -141 -142 -142 -143 -138 -137 -138 -139 -140 -143 -145 -146 -153 -153 -152 -151 -152 -151 -153 -151 -150 -150 -150 -151 -151 -148 -147 -146 -144 -145 -144 -142 -138 -136 -135 -134 -132 -132 -132 -130 -130 -130 -130 -129 -126 -125 -125 -123 -123 -121 -121 -121 -121 -122 -120 -120 -118 -115 -114 -115 -111 -110 -111 -111 -110 -109 -107 -106 -106
-155 -154 -153 -154 -155 -152 -154 -153 -152 -151 -150 -148 -148 -146 -143 -140 -139 -142 -141 -142 -141 -137 -138 -139 -140 -143 -146 -150 -153 -153 -152 -152 -152 -151 -152 -152 -151 -153 -153 -152 -152 -150 -148 -146 -145 -143 -143 -142 -140 -137 -136 -135 -134 -132 -133 -132 -132 -131 -129 -130 -129 -127 -125 -125 -123 -123 -123 -122 -120 -120 -121 -121 -119 -114 -111 -111 -110 -110 -109 -108 -107 -107 -108 -107 -106
-157 -158 -154 -153 -152 -152 -153 -154 -153 -153 -153 -151 -149 -148 -145 -143 -140 -141 -142 -142 -142 -138 -139 -139 -140 -144 -148 -152 -153 -153 -153 -152 -152 -152 -152 -153 -153 -153 -153 -153 -152 -149 -149 -147 -147 -144 -141 -140 -137 -136 -133 -134 -133 -132 -130 -128 -127 -126 -124 -125 -125 -122 -127 -125 -127 -124 -123 -124 -122 -118 -116 -117 -116 -114 -115 -115 -118 -115 -111 -110 -108 -108 -109 -109 -108
-159 -159 -157 -155 -153 -153 -152 -155 -154 -153 -153 -152 -151 -149 -148 -147 -144 -140 -141 -142 -142 -141 -139 -139 -140 -142 -150 -152 -153 -154 -154 -153 -152 -152 -153 -152 -153 -154 -154 -155 -154 -151 -149 -147 -146 -144 -142 -139 -140 -139 -138 -135 -134 -133 -132 -132 -130 -129 -127 -129 -124 -120 -119 -118 -121 -121 -122 -120 -117 -116 -116 -116 -117 -117 -117 -117 -117 -115 -111 -111 -109 -109 -109 -106 -105
-158 -157 -157 -155 -153 -153 -153 -154 -155 -153 -152 -152 -151 -150 -150 -148 -144 -142 -142 -143 -143 -143 -141 -139 -141 -144 -150 -151 -153 -155 -154 -152 -153 -151 -152 -152 -153 -154 -154 -154 -153 -151 -149 -147 -145 -143 -141 -142 -142 -142 -139 -136 -134 -133 -134 -133 -131 -131 -129 -129 -126 -124 -122 -124 -121 -119 -115 -115 -115 -118 -120 -119 -121 -118 -118 -117 -118 -114 -114 -113 -111 -108 -107 -108 -105
-155 -157 -156 -155 -155 -153 -153 -153 -155 -155 -154 -153 -151 -149 -148 -147 -145 -142 -142 -143 -143 -143 -143 -139 -139 -144 -149 -151 -152 -154 -155 -153 -152 -151 -151 -152 -153 -154 -153 -152 -150 -148 -147 -145 -144 -144 -143 -143 -142 -141 -139 -137 -136 -135 -134 -133 -132 -131 -129 -128 -126 -125 -126 -125 -123 -121 -122 -121 -114 -113 -115 -121 -119 -120 -115 -118 -117 -116 -115 -113 -111 -109 -108 -107 -106
-152 -154 -155 -156 -156 -155 -154 -153 -154 -155 -154 -153 -151 -151 -150 -148 -146 -142 -143 -145 -142 -143 -144 -144 -139 -144 -150 -152 -153 -153 -154 -152 -152 -151 -152 -152 -153 -153 -153 -151 -148 -149 -147 -149 -149 -147 -147 -145 -146 -143 -141 -140 -137 -135 -134 -134 -132 -130 -129 -128 -127 -126 -126 -125 -124 -123 -121 -119 -120 -120 -114 -113 -112 -110 -112 -113 -115 -115 -115 -114 -112 -112 -107 -105 -105
-149 -151 -154 -157 -158 -157 -155 -154 -153 -154 -154 -154 -153 -152 -149 -149 -148 -147 -144 -144 -143 -142 -142 -141 -141 -140 -147 -151 -152 -154 -152 -151 -151 -152 -152 -152 -153 -154 -152 -152 -153 -155 -152 -152 -150 -150 -149 -149 -148 -148 -145 -141 -140 -137 -134 -132 -132 -131 -130 -129 -128 -127 -125 -125 -125 -124 -125 -123 -123 -119 -118 -116 -113 -110 -110 -109 -109 -111 -111 -109 -110 -109 -108 -107 -106
-149 -150 -152 -156 -159 -159 -158 -156 -155 -154 -155 -155 -151 -155 -152 -151 -151 -149 -146 -147 -146 -144 -143 -141 -141 -141 -142 -148 -151 -152 -152 -152 -153 -154 -155 -154 -154 -154 -156 -153 -154 -156 -155 -153 -153 -152 -152 -152 -149 -149 -146 -141 -139 -138 -135 -133 -131 -130 -129 -127 -127 -127 -126 -125 -125 -123 -122 -122 -121 -119 -118 -117 -118 -116 -116 -111 -107 -108 -108 -108 -110 -108 -107 -107 -105
-148 -149 -150 -153 -156 -158 -159 -157 -155 -153 -155 -153 -153 -154 -154 -153 -153 -150 -150 -148 -147 -145 -142 -141 -141 -143 -142 -150 -152 -153 -153 -153 -153 -154 -153 -154 -155 -153 -155 -157 -156 -157 -157 -158 -155 -155 -155 -152 -149 -146 -145 -143 -140 -136 -134 -133 -133 -131 -130 -129 -128 -127 -126 -126 -126 -124 -122 -121 -121 -123 -121 -120 -119 -118 -115 -114 -113 -109 -107 -106 -114 -110 -108 -108 -106
-148 -149 -150 -152 -155 -156 -158 -157 -156 -154 -154 -154 -156 -156 -155 -154 -154 -153 -151 -151 -149 -147 -143 -141 -144 -145 -143 -148 -152 -154 -154 -153 -152 -153 -152 -152 -152 -153 -152 -154 -155 -157 -156 -157 -158 -157 -154 -151 -149 -145 -145 -141 -139 -137 -137 -135 -133 -132 -130 -131 -130 -129 -129 -126 -124 -125 -125 -126 -122 -120 -119 -118 -118 -117 -117 -118 -117 -114 -108 -110 -106 -106 -107 -106 -106
-148 -149 -149 -152 -152 -156 -157 -159 -158 -156 -155 -155 -157 -158 -155 -156 -155 -154 -152 -150 -151 -149 -144 -142 -145 -148 -143 -148 -152 -153 -154 -153 -153 -151 -152 -153 -153 -152 -151 -153 -154 -155 -155 -155 -156 -155 -155 -151 -148 -147 -144 -142 -141 -139 -137 -135 -135 -133 -131 -131 -131 -131 -131 -130 -128 -126 -129 -127 -125 -122 -120 -120 -119 -118 -118 -115 -114 -113 -113 -109 -108 -107 -105 -104 -105
-148 -148 -148 -151 -154 -157 -160 -161 -160 -159 -155 -156 -158 -158 -158 -157 -155 -154 -153 -152 -152 -149 -146 -143 -144 -147 -144 -149 -150 -150 -153 -151 -152 -152 -154 -154 -153 -151 -152 -154 -155 -152 -152 -154 -156 -155 -156 -153 -150 -149 -145 -144 -141 -139 -137 -137 -135 -136 -135 -133 -131 -128 -129 -127 -124 -124 -124 -124 -120 -120 -119 -118 -115 -115 -114 -114 -113 -111 -111 -110 -111 -110 -108 -106 -106
-148 -148 -148 -150 -153 -155 -158 -159 -161 -160 -157 -156 -156 -159 -160 -157 -156 -155 -153 -154 -153 -151 -148 -143 -143 -147 -144 -149 -151 -152 -152 -153 -152 -152 -152 -153 -151 -149 -151 -152 -154 -153 -151 -151 -150 -152 -155 -155 -153 -151 -147 -144 -142 -140 -139 -137 -136 -137 -136 -133 -130 -128 -126 -124 -120 -119 -119 -118 -116 -115 -115 -114 -114 -113 -111 -113 -115 -114 -115 -109 -108 -109 -109 -108 -106
-148 -148 -149 -150 -149 -153 -154 -157 -161 -161 -160 -157 -157 -158 -160 -158 -158 -157 -156 -154 -154 -152 -149 -148 -144 -143 -146 -151 -152 -154 -154 -154 -154 -154 -154 -152 -153 -149 -148 -154 -153 -151 -147 -147 -149 -151 -152 -152 -151 -150 -146 -144 -141 -140 -139 -139 -138 -136 -134 -130 -126 -125 -125 -124 -121 -119 -118 -117 -115 -115 -114 -113 -113 -110 -111 -113 -114 -114 -113 -112 -109 -107 -107 -107 -106
-149 -149 -149 -150 -150 -151 -152 -155 -158 -159 -161 -160 -159 -158 -159 -159 -158 -158 -157 -156 -154 -154 -154 -153 -143 -143 -146 -152 -152 -154 -155 -155 -155 -154 -153 -152 -152 -153 -152 -145 -142 -146 -145 -147 -147 -150 -151 -150 -147 -145 -142 -140 -138 -140 -140 -138 -135 -135 -132 -130 -130 -133 -131 -128 -124 -119 -121 -119 -120 -122 -118 -114 -112 -114 -112 -110 -110 -111 -111 -109 -108 -107 -105 -105 -105
-149 -150 -151 -151 -151 -152 -152 -152 -155 -155 -161 -164 -161 -160 -158 -159 -159 -158 -157 -156 -155 -156 -155 -153 -151 -144 -144 -151 -154 -154 -154 -155 -155 -153 -153 -152 -152 -152 -152 -150 -141 -135 -142 -145 -146 -144 -147 -152 -149 -146 -144 -142 -139 -137 -134 -132 -130 -128 -129 -126 -131 -132 -131 -128 -128 -126 -125 -123 -126 -125 -123 -120 -119 -118 -113 -112 -109 -111 -111 -111 -110 -108 -106 -106 -105
-149 -149 -149 -150 -152 -152 -151 -152 -153 -156 -158 -163 -162 -161 -161 -160 -160 -160 -158 -156 -157 -158 -156 -155 -153 -147 -144 -151 -154 -154 -155 -155 -155 -153 -154 -152 -151 -149 -146 -142 -129 -130 -128 -136 -140 -143 -140 -142 -142 -140 -144 -141 -130 -136 -135 -136 -132 -126 -120 -120 -127 -125 -123 -119 -128 -123 -122 -119 -117 -119 -116 -118 -116 -115 -113 -112 -110 -107 -107 -108 -108 -107 -107 -106 -105
-150 -150 -149 -149 -150 -151 -152 -154 -154 -153 -158 -166 -167 -162 -161 -161 -160 -159 -159 -159 -160 -159 -157 -156 -154 -150 -145 -151 -155 -156 -156 -155 -155 -154 -152 -149 -149 -148 -131 -130 -129 -141 -128 -127 -127 -134 -135 -134 -127 -133 -133 -134 -119 -122 -122 -127 -131 -128 -121 -117 -116 -123 -117 -122 -116 -112 -113 -115 -114 -112 -112 -110 -112 -112 -110 -109 -107 -106 -107 -107 -110 -107 -106 -105 -105
-150 -150 -150 -150 -150 -151 -152 -151 -153 -154 -157 -160 -164 -169 -163 -162 -161 -160 -159 -160 -161 -161 -160 -158 -156 -152 -145 -145 -155 -155 -156 -156 -155 -153 -154 -154 -152 -146 -131 -130 -144 -145 -142 -140 -133 -129 -127 -124 -123 -125 -121 -126 -125 -126 -122 -116 -117 -115 -116 -114 -114 -111 -112 -115 -111 -109 -110 -109 -111 -109 -108 -109 -111 -108 -108 -106 -105 -105 -105 -105 -105 -107 -106 -104 -102
-151 -151 -150 -150 -150 -150 -151 -152 -154 -154 -156 -160 -166 -173 -168 -163 -161 -163 -161 -161 -162 -160 -159 -157 -157 -153 -145 -146 -151 -155 -156 -156 -156 -156 -155 -153 -153 -133 -132 -144 -152 -151 -151 -148 -148 -144 -136 -135 -134 -134 -132 -132 -131 -129 -127 -130 -129 -123 -125 -125 -123 -125 -122 -120 -117 -119 -114 -112 -112 -111 -108 -108 -108 -107 -107 -107 -105 -105 -104 -104 -104 -104 -103 -103 -103
-152 -151 -151 -150 -150 -151 -151 -153 -154 -155 -156 -159 -164 -173 -171 -166 -166 -168 -170 -163 -163 -162 -160 -159 -157 -153 -149 -145 -152 -155 -156 -154 -153 -155 -150 -147 -134 -135 -140 -144 -150 -152 -151 -149 -146 -144 -143 -145 -143 -140 -142 -143 -141 -138 -138 -136 -137 -134 -129 -131 -132 -128 -127 -123 -123 -122 -119 -119 -119 -118 -111 -108 -107 -106 -107 -107 -106 -105 -105 -105 -103 -104 -104 -103 -103
-153 -152 -152 -151 -151 -151 -151 -153 -153 -156 -156 -159 -161 -169 -174 -169 -165 -162 -165 -163 -162 -164 -160 -157 -154 -151 -147 -147 -153 -153 -153 -151 -146 -141 -136 -137 -134 -147 -147 -145 -150 -152 -153 -154 -153 -147 -150 -151 -150 -145 -144 -147 -147 -144 -143 -140 -138 -137 -137 -136 -135 -132 -130 -127 -125 -125 -127 -127 -122 -113 -111 -109 -107 -111 -113 -110 -107 -110 -105 -105 -106 -110 -104 -103 -103
-154 -153 -153 -152 -152 -151 -151 -153 -154 -155 -157 -159 -162 -163 -173 -177 -168 -164 -160 -160 -159 -156 -155 -154 -153 -153 -150 -150 -154 -155 -156 -153 -142 -145 -149 -150 -151 -151 -148 -148 -150 -152 -152 -154 -155 -152 -153 -152 -151 -147 -147 -149 -149 -147 -145 -142 -141 -141 -141 -133 -130 -126 -125 -123 -122 -120 -122 -121 -116 -113 -111 -113 -111 -108 -109 -108 -110 -108 -109 -111 -110 -106 -105 -104 -103
