test/HelianthusTinyTest/asciifiles/nabio_9.asc
ncols  170
nrows  166
xllcorner  -106.083333333333
yllcorner  39.5916666666667
cellsize 0.00833333333332943
NODATA_value  -9999
[rows 88 to 131 of 166, columns 0 to 95 of 170]
24 -75 -28 21 20 18 14 10 5 7 11 14 14 18 14 20 16 19 21 24 20 19 21 21 -70 -22 -23 -23 -81 -80 -80 -25 -78 -77 -19 -21 -19 29 14 4 -1 2 -4 -5 -16 -20 -7 -14 -31 -38 -40 -13 -13 -12 -17 -7 -15 -14 -19 -19 -9 7 21 -21 -66 -61 -58 -56 -55 -50 -53 -58 -57 -48 -45 -47 -49 -49 -47 -43 -32 -28 -25 -26 -24 -22 -19 -22 -19 -17 -14 -15 -14 -14 -12 -12
21 -28 -75 -29 20 21 14 11 13 12 17 20 19 22 23 23 22 22 28 28 -26 28 26 27 -25 -70 -70 -69 -81 -81 26 24 21 22 -22 -21 24 -20 -20 22 20 15 15 6 5 0 -5 -8 -20 -28 -19 -7 -5 -5 -11 -11 -3 3 0 -7 -1 10 19 -25 -66 -62 -57 -60 -61 -55 -52 -51 -56 -51 -52 -54 -48 -46 -47 -37 -25 -24 -22 -22 -23 -23 -22 -20 -17 -16 -16 -16 -16 -13 -12 -11
23 26 -30 -75 25 22 15 17 17 15 21 26 21 21 27 -28 24 27 -27 -25 -24 -23 28 -25 -24 -21 -70 -82 -81 -81 -22 28 26 15 12 13 16 11 8 15 20 7 -15 -7 -7 1 1 8 -1 -20 -19 -9 5 4 2 -6 -5 5 11 13 15 17 18 -20 -64 -55 -54 -52 -57 -55 -55 -52 -48 -46 -41 -46 -47 -36 -45 -35 -25 -27 -21 -19 -19 -19 -18 -17 -19 -21 -20 -16 -15 -14 -15 -13
23 21 25 -74 -29 -29 23 26 19 18 27 -28 18 26 -26 -74 22 28 -24 -72 -25 -24 -22 -24 -71 -22 -22 -69 -81 -81 -68 -24 25 18 10 0 8 9 2 4 19 13 -9 -8 -13 -17 -16 -11 -6 -24 -9 -6 0 9 14 12 18 10 13 18 21 24 -59 -59 -57 -55 -57 -54 -52 -53 -47 -40 -39 -37 -39 -30 -35 -28 -31 -30 -25 -30 -22 -19 -22 -18 -19 -22 -23 -21 -20 -17 -13 -13 -12 -11
20 22 -29 23 -73 -75 -27 24 20 26 -27 24 27 -27 -73 -25 25 -27 -24 -72 -72 -22 -71 -71 -71 -70 -70 -69 -82 -81 -68 -24 30 26 16 6 3 6 1 -5 8 9 7 4 -9 -16 -19 -28 -28 -31 -30 -19 -8 2 10 17 21 23 23 -24 -66 -66 -67 -66 -62 -61 -57 -54 -52 -49 -50 -56 -58 -54 -49 -50 -42 -35 -43 -29 -25 -21 -25 -26 -25 -26 -25 -27 -27 -19 -16 -13 -13 -11 -11 -12
19 23 21 18 18 -29 -74 26 24 -26 27 24 -25 -74 -73 -25 27 28 -73 -71 -71 -85 -71 -71 -84 -20 -83 -23 -24 -22 -80 -22 -24 27 24 25 16 3 -1 -5 -4 -6 -4 12 6 -2 -10 -19 -25 -20 -21 -14 -2 6 15 10 14 14 -21 -20 -66 19 15 -24 -66 -62 -59 -57 -54 -49 -57 -57 -56 -64 -59 -60 -44 -38 -36 -31 -29 -31 -35 -41 -35 -37 -32 -37 -26 -21 -12 -16 -15 -12 -12 -14
23 23 16 16 16 25 -27 -72 -74 -72 26 28 -72 -27 27 -27 -27 -25 -25 -72 -71 -85 -85 -71 -84 -84 -83 -83 -24 29 -23 -79 -22 32 27 26 21 14 6 1 -2 -13 -23 -4 2 3 -5 -4 -22 -24 -15 -4 -15 -17 -7 0 7 11 17 15 11 3 8 17 -22 -20 -58 -55 -53 -50 -55 -53 -50 -47 -46 -43 -42 -37 -32 -34 -33 -37 -41 -42 -43 -36 -26 -20 -19 -17 -14 -20 -14 -14 -16 -17
13 12 13 11 16 21 20 -28 -71 -71 -72 -72 -72 -25 -27 29 -27 -73 -72 -72 -71 -71 -84 -84 -84 -83 -83 -83 -20 -23 -24 -78 -78 27 24 16 20 13 12 10 -5 -6 -17 -10 -12 4 -5 -15 -30 -30 -24 -24 -29 -28 -14 1 6 13 13 12 3 -7 -1 11 15 24 -62 -60 -64 -59 -60 -60 -52 -47 -46 -48 -47 -39 -37 -34 -37 -44 -45 -44 -44 -36 -27 -21 -18 -20 -24 -23 -22 -20 -19 -16
11 10 10 10 10 13 19 28 -74 -72 -70 -70 -73 -73 -25 -26 30 -72 -85 -84 -71 -85 -70 -84 -84 -83 -83 -81 -81 -20 -22 -79 -21 31 24 16 7 -4 -2 -10 -10 -1 -10 -25 -17 -7 1 -14 -31 -34 -24 -12 -15 -5 -1 2 9 10 -1 5 0 -6 0 11 21 -21 -63 -18 -25 -23 -66 -64 -56 -49 -48 -46 -41 -38 -35 -33 -29 -31 -32 -31 -26 -26 -23 -28 -20 -27 -28 -23 -22 -20 -19 -15
14 17 14 17 12 13 23 26 26 -73 -71 -84 -84 -72 -24 -24 -24 -23 -70 -69 -24 -23 -84 -70 -84 -83 -83 -82 -81 -20 -80 -78 -22 31 26 20 8 0 -8 -13 -19 3 -1 -7 -13 -17 -17 -5 -12 -30 -21 -6 -6 3 5 -8 -10 -3 -13 -24 -13 -8 -1 10 21 -21 -21 21 15 -70 -62 -57 -53 -51 -47 -42 -41 -44 -41 -40 -35 -30 -33 -31 -34 -37 -32 -26 -31 -34 -32 -23 -19 -17 -15 -12
12 10 24 25 20 11 13 20 22 -27 -72 -84 -69 -68 -72 -71 -71 -70 -69 -82 -83 -25 -24 -84 -83 -83 -82 -82 -81 -80 -79 -22 -22 32 29 27 16 7 2 -2 1 12 9 2 -8 -13 -15 -5 -2 -19 -28 -20 -13 -4 3 7 11 -1 -12 -7 -1 -4 3 9 12 21 15 9 20 -65 -61 -57 -51 -46 -46 -47 -52 -51 -47 -40 -39 -40 -40 -38 -34 -33 -29 -31 -43 -37 -26 -19 -18 -13 -13 -14
19 14 18 23 25 19 16 21 24 -24 -73 -27 -23 -71 -84 -82 -82 -81 -80 -80 -83 -70 -23 -83 -83 -82 -82 -81 -81 -80 -78 -78 -77 30 30 28 24 16 8 13 17 13 -1 -5 -8 -2 7 2 -7 -11 -19 -27 -20 -20 -16 -6 6 15 9 3 11 16 16 12 21 13 16 21 -24 -66 -62 -57 -51 -48 -52 -55 -53 -47 -48 -49 -43 -43 -41 -38 -39 -33 -34 -39 -42 -27 -21 -16 -15 -13 -11 -10
20 21 22 -28 -27 20 15 23 -28 -27 -73 -27 27 -27 -23 -24 -71 -71 -79 -80 -83 -81 -82 -83 -82 -80 -80 -81 -80 -80 -78 -78 -77 -77 -75 -75 -21 27 26 19 5 2 -2 -9 12 12 -1 -7 1 -4 -21 -6 -4 -7 -19 -11 0 11 19 21 19 24 26 -22 21 -22 -22 -19 -63 -62 -61 -61 -59 -60 -58 -56 -53 -49 -53 -49 -46 -47 -44 -42 -39 -35 -37 -46 -45 -36 -26 -17 -18 -11 -10 -9
22 -27 20 -29 -25 22 16 25 -26 -25 -70 -72 -26 -26 -22 -71 -83 -71 -70 -78 -79 -80 -79 -80 -19 -81 -81 -21 -20 -79 -78 -20 32 -76 -75 -75 -74 -73 -16 16 12 4 -5 -10 14 3 -4 4 2 21 7 1 2 -2 -17 -9 -1 5 13 15 19 19 21 24 -21 25 -66 -60 -59 -58 -59 -60 -59 -58 -59 -58 -55 -52 -54 -53 -43 -35 -34 -45 -41 -38 -38 -44 -40 -36 -29 -19 -13 -11 -9 -8
-28 -25 -25 -24 -72 27 -27 29 -72 -72 -82 -83 -70 -70 -71 -82 -81 -81 -81 -76 -77 -77 -77 -82 -22 -22 -18 -18 -21 32 -20 33 26 30 33 30 34 30 -73 -72 23 10 5 10 20 15 3 18 24 22 22 17 6 -10 -20 -9 -4 4 12 -1 8 14 20 22 25 26 -21 -66 -65 -64 -63 -60 -58 -55 -54 -54 -54 -54 -53 -53 -50 -38 -30 -34 -32 -36 -38 -34 -33 -31 -20 -17 -14 -9 -12 -8
-27 -26 -25 -24 -70 -25 -26 -71 -83 -82 -78 -80 -81 -83 -80 -79 -78 -76 -77 -77 -77 -81 -81 -82 -20 -22 -21 -18 -20 -22 30 27 22 17 22 24 25 27 30 -14 -72 24 17 24 30 27 27 29 11 -3 -4 5 8 -21 -13 -2 -3 -12 -10 -2 7 11 20 23 24 26 -21 -66 -66 -63 -60 -61 -59 -59 -61 -58 -57 -54 -48 -44 -40 -32 -30 -27 -24 -27 -28 -24 -25 -22 -20 -19 -15 -10 -12 -8
-70 -84 -69 -25 -82 -81 -78 -78 -77 -77 -81 -78 -77 -77 -77 -77 -77 -76 -77 -81 -81 -80 -81 -81 -19 -21 33 -21 -20 33 30 27 26 27 24 24 26 26 28 31 -72 -71 -17 -16 29 30 16 30 4 -4 -13 -8 2 -19 -11 -16 -32 -28 -20 -10 -3 6 10 17 19 21 23 25 -67 -65 -62 -61 -61 -62 -60 -57 -55 -53 -47 -52 -51 -42 -36 -32 -31 -30 -27 -24 -21 -17 -18 -16 -18 -13 -12 -8
-70 -84 -79 -78 -78 -78 -78 -70 -71 -70 -22 -80 -77 -77 -77 -77 -79 -79 -79 -81 -81 -81 -81 -18 -17 -20 32 29 -20 -21 28 26 30 25 21 23 15 16 25 26 28 -16 -17 26 12 0 11 7 19 15 -4 -9 -7 -22 -19 -28 -31 -20 -15 -12 -1 2 7 12 15 19 22 24 -21 -19 -65 -63 -61 -61 -58 -58 -53 -52 -51 -54 -58 -53 -44 -36 -44 -41 -35 -26 -18 -22 -24 -21 -17 -14 -14 -6
-81 -79 -78 -82 -81 -22 -22 -25 -24 -24 31 -71 -81 -80 -77 -77 -77 -79 -79 -79 -81 -81 -17 -17 -18 -18 -22 27 32 33 33 33 32 29 27 20 14 13 12 15 21 27 -18 -18 15 4 -10 -5 1 4 14 0 -2 -21 -22 -13 -8 -4 2 1 6 8 12 14 16 19 20 20 -21 -19 -65 -63 -62 -60 -58 -58 -56 -54 -55 -55 -58 -56 -48 -46 -42 -29 -22 -24 -22 -25 -23 -21 -18 -16 -13 -7
-81 -69 -70 -83 -70 -22 -26 27 29 26 25 -23 -69 -81 -79 -77 -77 -77 -76 -76 -77 -77 -76 -19 -17 -78 -19 31 30 34 29 28 28 21 19 20 20 16 11 7 9 16 18 26 32 13 -2 -16 -8 -5 6 -2 -8 -25 -28 -15 -14 -5 -4 6 8 10 11 13 14 14 17 22 24 -21 -65 -65 -63 -62 -58 -56 -56 -47 -45 -44 -44 -44 -38 -33 -31 -27 -29 -39 -32 -28 -24 -21 -18 -18 -11 -5
-80 -81 -71 -24 -25 -24 -25 27 23 25 27 -25 -70 -81 -79 -80 -79 -78 -77 -77 -77 -21 -77 -76 -20 33 27 -21 -21 28 22 23 27 26 21 20 17 19 16 11 12 13 16 11 14 28 4 -9 -24 -9 2 7 -28 -31 -19 -1 -1 1 4 2 3 4 4 5 7 8 14 24 -20 -19 -65 -61 -59 -60 -55 -50 -46 -45 -43 -39 -40 -33 -43 -52 -43 -39 -32 -36 -37 -27 -22 -18 -13 -13 -11 -5
-70 -81 -82 -70 -23 24 23 23 21 22 22 29 -25 -20 -81 -79 -78 -78 -77 -77 -68 -80 -77 -19 -17 -21 26 26 27 22 18 17 26 27 21 14 12 10 11 13 12 12 14 8 8 15 26 -12 -24 -14 -22 -16 -28 -19 -13 -21 -4 -8 -8 -8 -5 1 4 -4 -1 9 21 -67 -66 -66 -62 -58 -55 -49 -52 -51 -52 -57 -57 -52 -49 -51 -41 -44 -37 -33 -28 -26 -25 -20 -18 -17 -12 -7 -7 -5
-24 -23 -23 -24 -25 -25 26 17 16 21 25 25 27 32 -81 -80 -79 -78 -77 -77 -20 -17 -20 34 -18 33 29 29 26 23 22 17 23 25 20 15 12 11 11 15 15 13 11 0 -4 6 19 11 -8 -8 -11 -29 -33 -29 -20 -16 -16 -16 -19 -13 -10 -9 -9 -10 7 13 24 26 -64 -61 -61 -61 -59 -58 -57 -55 -57 -56 -57 -50 -48 -45 -37 -35 -28 -25 -28 -25 -25 -21 -18 -19 -14 -13 -6 -4
22 26 27 24 22 22 29 -26 -25 -24 -25 30 30 -21 -18 -79 -79 -78 -18 -20 -22 -18 -20 -20 32 32 29 27 25 24 20 20 25 26 24 21 18 14 12 10 12 14 13 9 3 -4 3 16 17 7 1 -2 -17 -31 -30 -28 -16 -2 -1 -5 -1 -1 -5 5 14 18 23 26 -19 -65 -64 -62 -59 -58 -55 -56 -48 -50 -45 -42 -45 -40 -35 -29 -26 -22 -21 -21 -23 -22 -21 -21 -17 -11 -5 -4
27 23 21 17 16 17 24 -25 -22 -22 -19 -22 -20 -80 -80 -79 -79 -78 -18 32 31 -21 30 32 -18 27 30 30 28 25 24 25 28 29 27 24 20 14 11 6 12 12 12 10 3 -10 -4 0 7 8 -15 -18 -9 -18 -7 -25 -21 -13 1 6 6 7 10 12 18 23 27 -66 -66 -66 -64 -56 -50 -48 -43 -44 -41 -42 -40 -32 -34 -32 -30 -29 -27 -21 -19 -16 -16 -16 -19 -19 -18 -20 -4 -3
26 26 24 21 17 17 19 28 -23 -20 -19 -18 -18 -81 -18 -80 -80 -79 -79 34 33 29 27 27 31 -19 33 35 29 26 24 31 26 27 28 23 18 12 7 6 9 10 7 5 8 1 -7 -12 -1 3 -3 -31 -30 -24 -11 1 4 7 11 12 12 12 12 12 16 23 28 -66 -18 -66 -64 -63 -56 -49 -52 -55 -54 -46 -44 -53 -45 -43 -37 -35 -33 -32 -29 -23 -13 -12 -12 -14 -11 -12 -6 -2
-22 -23 29 -27 21 17 15 19 29 -23 -21 -20 -21 -19 -18 -19 -17 -79 -20 -22 31 26 25 27 33 -20 -18 32 31 28 26 31 33 31 29 23 19 11 9 4 9 11 8 0 -4 3 -8 -13 -5 -8 -12 -31 -29 -24 -22 -18 -13 -9 -2 5 9 14 19 16 16 21 28 -65 -65 -65 -64 -62 -61 -59 -57 -56 -55 -53 -53 -48 -45 -41 -36 -32 -29 -27 -25 -22 -18 -14 -8 -15 -11 -8 -4 -1
-24 29 26 27 -26 26 13 14 22 28 32 -22 -21 -19 -23 31 -21 -21 -21 -21 33 29 29 31 29 27 33 -19 32 34 30 32 35 30 31 26 26 20 18 17 11 9 11 4 -7 -12 -12 -24 -13 -13 -5 -10 -27 -28 -30 -24 -24 -16 0 11 12 14 20 21 20 23 28 -64 -63 -63 -61 -59 -57 -53 -52 -49 -46 -46 -43 -40 -37 -38 -37 -29 -29 -28 -23 -19 -17 -15 -10 -9 -8 -3 -1 -1
-26 26 25 23 25 29 22 15 18 21 30 30 -21 -21 29 26 32 -22 -21 -21 -21 32 31 33 32 -19 31 37 -15 35 32 36 33 33 34 30 24 21 14 16 13 13 14 6 -6 -5 -24 -17 -14 -12 -4 4 9 -7 -19 -19 -18 -5 2 10 12 15 20 23 23 -19 -65 -59 -58 -61 -60 -57 -54 -52 -49 -49 -46 -43 -40 -42 -36 -34 -35 -26 -18 -19 -18 -16 -13 -10 -12 -12 -20 -19 -11 -3
-25 -27 25 22 21 24 26 28 12 17 24 27 32 -23 33 23 28 32 33 34 33 32 -20 -19 -19 -18 -17 -16 -16 -15 -15 -16 -16 38 35 34 31 27 23 22 19 16 15 12 -1 6 -11 -27 -26 -13 -13 -4 -1 10 15 -6 -7 -1 10 13 17 19 19 21 23 -66 -60 -57 -54 -56 -56 -56 -53 -52 -49 -47 -45 -46 -45 -43 -40 -47 -40 -32 -27 -32 -27 -22 -19 -22 -26 -18 -23 -20 -13 -9
-82 -23 29 25 19 16 25 26 13 12 18 23 26 31 29 28 30 32 33 34 -20 34 34 -19 -19 -18 -18 -16 -17 -16 -15 -16 -15 -15 -15 38 34 28 27 23 22 21 21 10 12 11 -15 -24 -20 -17 -13 -8 -11 -3 15 12 -3 5 13 16 19 14 19 26 31 -62 -60 -58 -56 -55 -52 -54 -51 -49 -50 -51 -47 -44 -42 -45 -48 -48 -47 -42 -38 -33 -30 -31 -27 -29 -29 -30 -26 -30 -26 -11
-20 -21 -24 30 22 17 19 22 21 10 13 18 22 22 23 27 32 32 32 33 34 35 35 36 -18 -17 -18 -17 -16 37 -16 -16 -16 37 -15 -15 37 34 31 26 22 19 20 14 10 1 -10 -16 -17 -7 1 -7 -7 -2 2 9 22 6 11 12 16 20 21 25 25 -63 -60 -59 -56 -55 -57 -57 -54 -53 -50 -50 -49 -52 -51 -50 -46 -45 -47 -51 -53 -46 -42 -41 -38 -37 -37 -36 -34 -35 -34 -17
-23 -24 30 27 24 20 18 20 19 17 8 11 15 19 26 26 23 28 19 31 30 32 34 35 36 36 -18 38 36 37 -16 -16 -16 36 36 -15 38 37 34 30 26 15 14 4 0 -8 -11 -15 -5 0 6 8 7 11 6 4 13 23 17 13 15 19 26 32 -64 -62 -61 -60 -59 -56 -55 -53 -48 -50 -51 -56 -55 -51 -50 -48 -48 -42 -41 -46 -50 -48 -44 -37 -36 -37 -32 -34 -36 -30 -28 -20
30 -23 -23 26 21 19 14 16 17 15 14 9 9 16 18 22 22 24 15 14 23 31 33 33 34 35 36 38 36 36 37 -17 -16 34 34 35 37 37 33 27 22 18 16 11 8 0 -9 -16 -4 -17 -4 -3 10 14 19 13 15 24 22 15 18 23 29 -67 -62 -59 -60 -57 -53 -52 -51 -54 -57 -55 -59 -60 -55 -50 -47 -44 -43 -42 -39 -41 -43 -38 -36 -34 -31 -32 -28 -28 -27 -33 -36 -26
23 26 29 30 29 25 19 15 15 15 13 10 4 7 11 14 17 21 13 9 17 27 29 31 33 35 37 36 35 35 36 38 37 35 33 33 37 36 33 29 25 21 19 12 3 -5 -19 -23 -14 -5 -2 -1 4 10 17 22 23 29 29 -17 28 28 28 29 -59 -58 -58 -60 -58 -59 -58 -59 -58 -56 -56 -56 -54 -50 -48 -48 -45 -43 -40 -40 -35 -33 -31 -33 -30 -29 -24 -24 -24 -36 -42 -26
20 23 23 25 29 25 22 15 14 12 11 8 8 7 7 8 12 16 18 18 21 21 31 32 33 34 33 34 34 35 36 37 37 35 34 32 31 36 33 32 27 23 17 14 6 -8 -19 -7 -9 1 7 7 9 8 6 9 13 23 18 27 30 -63 -62 -63 -61 -59 -62 -61 -60 -59 -58 -59 -59 -59 -56 -55 -55 -54 -50 -48 -43 -43 -41 -40 -37 -33 -31 -28 -29 -25 -27 -22 -22 -26 -33 -28
27 24 20 20 22 22 21 18 16 14 17 14 14 14 16 20 22 23 28 27 27 29 31 29 32 32 32 33 34 34 35 36 36 36 36 31 30 31 31 30 27 23 18 16 6 -5 -7 -15 -6 -16 -14 0 -3 2 4 5 11 12 14 23 27 29 27 23 28 -68 -65 -61 -59 -59 -58 -55 -54 -56 -54 -53 -51 -48 -50 -50 -49 -44 -40 -36 -33 -33 -33 -28 -24 -26 -24 -20 -17 -16 -20 -19
24 20 16 15 17 18 18 17 16 18 17 15 15 12 11 16 17 19 16 17 20 25 22 22 28 30 32 33 32 32 35 34 33 32 34 35 32 29 27 26 19 24 17 13 12 3 -6 -11 -15 -4 -1 4 7 15 16 17 21 22 25 25 24 22 22 21 25 -68 -66 -63 -60 -59 -59 -59 -56 -53 -52 -50 -53 -53 -49 -47 -48 -51 -50 -49 -44 -40 -34 -35 -34 -31 -28 -24 -23 -14 -16 -12
22 19 20 22 21 18 17 16 19 15 14 15 14 6 5 11 7 8 3 11 22 17 14 25 29 31 31 29 27 28 32 31 29 31 31 34 34 27 23 24 17 10 12 14 6 1 -6 -16 -11 0 2 3 2 3 5 12 14 21 24 28 23 24 20 26 28 -68 -66 -62 -60 -58 -59 -60 -57 -55 -51 -54 -55 -55 -54 -52 -50 -55 -57 -56 -51 -47 -43 -40 -37 -33 -34 -33 -30 -25 -29 -31
22 20 21 25 23 23 18 20 22 19 23 19 15 9 3 0 1 1 7 8 9 16 19 23 28 29 26 22 25 29 32 28 26 27 30 32 34 29 23 20 17 15 8 6 9 0 -9 -14 -2 3 8 7 10 10 6 9 15 23 -66 -66 -66 32 29 -67 -65 -63 -64 -62 -60 -60 -55 -59 -56 -55 -55 -58 -53 -58 -58 -59 -60 -54 -59 -58 -54 -48 -44 -43 -42 -47 -48 -40 -32 -32 -42 -35
26 -26 -23 -24 -26 23 25 21 22 18 17 16 16 19 9 1 48 46 0 11 14 19 24 27 29 26 22 22 26 25 29 22 23 27 28 25 31 27 24 18 14 14 12 3 2 -4 -10 -13 -5 -1 15 16 28 26 27 27 30 33 -67 32 32 -64 -67 26 27 -67 -64 -64 -63 -60 -60 -61 -66 -59 -58 -56 -56 -61 -62 -67 -65 -63 -58 -60 -58 -55 -46 -43 -40 -44 -46 -43 -37 -41 -37 -32
-26 27 24 21 16 15 20 14 7 12 8 1 3 7 15 1 2 -4 7 12 12 18 24 25 25 22 20 19 18 20 24 21 26 25 25 20 27 31 28 22 19 14 11 8 1 -6 -16 -10 6 7 16 22 12 5 14 18 25 16 21 25 26 27 28 21 27 26 -68 -67 -64 -65 -63 -61 -63 -61 -60 -59 -58 -62 -69 15 -73 -64 -59 -57 -55 -53 -50 -42 -42 -39 -45 -51 -53 -45 -43 -32
27 23 19 16 15 12 13 17 10 6 8 6 0 -3 2 7 6 0 9 13 14 19 22 25 21 17 17 14 10 16 20 20 26 17 21 16 19 23 29 26 22 14 9 4 0 -8 -15 -2 2 13 9 5 -1 9 15 20 22 16 18 14 18 24 26 18 19 20 23 27 -68 -64 -64 -64 -62 -60 -61 -61 -60 -67 10 13 -71 -66 -65 -62 -56 -54 -48 -50 -48 -42 -34 -42 -46 -31 -27 -38
-25 25 21 18 13 5 4 9 13 7 3 0 -4 47 44 0 7 -2 1 6 11 15 24 18 15 9 9 5 8 12 15 19 25 15 17 14 14 13 23 28 26 21 18 19 2 -16 -6 -5 4 6 -9 -5 -4 5 14 21 19 13 5 5 9 16 18 14 8 12 21 23 -68 -65 -67 -66 -64 -63 -64 -63 -63 -66 -73 -76 -71 -67 -62 -59 -59 -55 -54 -63 -55 -57 -49 -34 -32 -34 -26 -20
