test/HelianthusTinyTest/pumilustiny_avg.asc
ncols  170
nrows  166
xllcorner  -106.083333333333
yllcorner  39.5916666666667
cellsize 0.00833333333332943
NODATA_value  -9999
[rows 38 to 56 of 166, columns 0 to 42 of 170]
0.0263600535690784 0.0256459228694439 0.0241298116743565 0.0259667560458183 0.0269533917307854 0.0260894503444433 0.0253722462803125 0.0259849075227976 0.0268815364688635 0.024195009842515 0.0294595044106245 0.0111153582111001 0.00606510322540998 0.0104088950902224 0.0124060409143567 0.0118246488273144 0.0146865677088499 0.0122368950396776 0.00647624069824815 0.00565445004031062 0.00608141953125596 0.016187509521842 0.00971759762614965 0.00867466442286968 0.00577737158164382 0.0227785501629114 0.0337133072316647 0.0325625129044056 0.0102744344621897 0.0100366175174713 0.0110271833837032 0.0322501473128796 0.281830012798309 0.0285057798027992 0.00977861508727074 0.00904269050806761 0.0138562675565481 0.0258075762540102 0.0146237341687083 0.00920997373759747 0.0148925594985485 0.00861679390072823 0.00603500567376614
0.0240927524864674 0.0250968001782894 0.0242108758538961 0.0247849356383085 0.0260205138474703 0.0263820458203554 0.0269917342811823 0.0250052008777857 0.0251625329256058 0.0270871892571449 0.0293796416372061 0.0277645159512758 0.0102539164945483 0.0109733659774065 0.0102965049445629 0.0180009994655848 0.0164302065968514 0.0122046144679189 0.0146522969007492 0.0124199772253633 0.00825417507439852 0.00808786787092686 0.0108886612579226 0.00614318856969476 0.00884642358869314 0.0253837611526251 0.0298723112791777 0.0336101502180099 0.011707360856235 0.0109230978414416 0.0256706569343805 0.0319931283593178 0.037266593426466 0.0332988277077675 0.0105189997702837 0.00940248370170593 0.00940763205289841 0.0190416220575571 0.00992472935467958 0.00905449688434601 0.00951925199478865 0.00952764600515366 0.00534707400947809
0.0251598563045263 0.0246580876410007 0.0230904128402472 0.0241327732801437 0.0234470907598734 0.0274118464440107 0.0273669473826885 0.0252507142722607 0.02671729773283 0.0279085002839565 0.0316865257918835 0.027655178681016 0.0100016547366977 0.00631727324798703 0.00619616592302918 0.0107085537165403 0.0160375200212002 0.0138576244935393 0.0131505532190204 0.0057244012132287 0.00869976077228785 0.00870015844702721 0.0126941921189427 0.00852943118661642 0.00661366852000356 0.0124507220461965 0.0296044629067183 0.0310011804103851 0.0233464147895575 0.0234879702329636 0.0126441614702344 0.0115300631150603 0.0306617859750986 0.0394019261002541 0.0115140555426478 0.0196085944771767 0.00933274999260902 0.0115712601691484 0.00637802667915821 0.010854572057724 0.00909306295216084 0.0113893076777458 0.00995191745460033
0.0253185834735632 0.0261116456240416 0.0247038137167692 0.0234222821891308 0.0251302346587181 0.024188918992877 0.0241872388869524 0.0253380890935659 0.0254686512053013 0.0270913895219564 0.0285495929419994 0.0318611972033978 0.0285595618188381 0.00640461500734091 0.00962910708039999 0.0118640949949622 0.0126420129090548 0.0118210697546601 0.00958887208253145 0.00633193226531148 0.00852472335100174 0.0149390632286668 0.0180744845420122 0.0113553628325462 0.00623071799054742 0.00947188679128885 0.0293551981449127 0.03131502866745 0.0241342540830374 0.0243622288107872 0.011762011796236 0.0236650444567204 0.0356717854738235 0.0359059311449528 0.0272554624825716 0.0205030255019665 0.00625134259462357 0.00625568861141801 0.00658377725630999 0.00655969697982073 0.0113796852529049 0.00576184224337339 0.00593373691663146
0.0250389501452446 0.0255338791757822 0.0244438350200653 0.0247266180813313 0.0243827570229769 0.0239346325397491 0.0243847910314798 0.0255483780056238 0.0242327470332384 0.0268874876201153 0.0276218000799418 0.0287348255515099 0.034982543438673 0.00581873906776309 0.0133117800578475 0.0136003904044628 0.0222223419696093 0.0147878648713231 0.0118334945291281 0.0133615154772997 0.0134181091561914 0.00624023284763098 0.0157146248966455 0.0132400747388601 0.00864971335977316 0.0059018018655479 0.0302911829203367 0.0309426616877317 0.0292659047991037 0.0269174631685019 0.0290876142680645 0.0321960374712944 0.0303169600665569 0.0337519720196724 0.0316098891198635 0.0056349434889853 0.00540636712685227 0.00555356126278639 0.00815711356699467 0.00809578970074654 0.00583208771422505 0.00515619711950421 0.00599049357697368
0.0256448723375797 0.0234302785247564 0.0252245161682367 0.0249916855245829 0.0243402048945427 0.0236714687198401 0.0242897775024176 0.0240608081221581 0.0233134478330612 0.0237927231937647 0.0248768944293261 0.0271780788898468 0.0281471721827984 0.00973378401249647 0.0119645744562149 0.0126195037737489 0.0179684776812792 0.0183141194283962 0.0151304323226213 0.0143712321296334 0.0133385881781578 0.0067506143823266 0.00908123981207609 0.0115433419123292 0.00973098073154688 0.00626877415925264 0.0381871946156025 0.0319467298686504 0.0285591371357441 0.0328917689621449 0.0303218904882669 0.0348999425768852 0.0322857648134232 0.0302372332662344 0.0364099629223347 0.0115105444565415 0.00476747704669833 0.00540608121082187 0.00756518635898829 0.00846530310809612 0.00818692613393068 0.00761102139949799 0.00497435498982668
0.0251310281455517 0.0245583467185497 0.0237798076122999 0.0240487270057201 0.0232434049248695 0.0238309372216463 0.0248295105993748 0.024721609428525 0.0235727392137051 0.0245571695268154 0.0246796701103449 0.0261104889214039 0.0286517068743706 0.0158920362591743 0.00649851141497493 0.00944782234728336 0.0140401106327772 0.0124750351533294 0.0164085123687983 0.0183719638735056 0.0137798665091395 0.00659466395154595 0.00574027746915817 0.0086480276659131 0.0100445589050651 0.00890545174479485 0.0141399772837758 0.0298097375780344 0.0309971980750561 0.0303311459720135 0.0298513043671846 0.0250387918204069 0.0128454538062215 0.0126551743596792 0.0345611609518528 0.0142546407878399 0.00464914552867413 0.00548618985339999 0.00837847590446472 0.00868713762611151 0.00945492554455996 0.00944716483354568 0.00860880967229605
0.0237020701169968 0.0245158318430185 0.0230139438062906 0.0227057356387377 0.023996539413929 0.0254804510623217 0.0241084843873978 0.0243439394980669 0.024321498349309 0.0253116711974144 0.0266691166907549 0.0266399402171373 0.0293871480971575 0.0339748598635197 0.0100042205303907 0.00588468043133616 0.00980430655181408 0.0126040643081069 0.019008519127965 0.0202851872891188 0.0130290044471622 0.010648793540895 0.00987874530255795 0.00609521334990859 0.00551386317238212 0.00795176066458225 0.0242130924016237 0.0300702583044767 0.0295025948435068 0.0301824193447828 0.0310637094080448 0.0328147411346436 0.0235928036272526 0.033109825104475 0.0249126777052879 0.0112767247483134 0.00533152557909489 0.00584208779036999 0.00810843799263239 0.00827527698129416 0.00563614722341299 0.0094098811969161 0.0110523430630565
0.023291876539588 0.0225524511188269 0.0226301718503237 0.0243833195418119 0.0230571981519461 0.0234322398900986 0.024504316970706 0.0246828254312277 0.025740921497345 0.0251649431884289 0.0262600928544998 0.0278129186481237 0.0308810751885176 0.0587648525834084 0.00943880900740623 0.00397358648478985 0.00606993772089481 0.0108247380703688 0.0166347809135914 0.0142485164105892 0.0120452651754022 0.00982172973453999 0.00614095758646727 0.00629635341465473 0.00565677462145686 0.0056381318718195 0.00999541860073805 0.0261432304978371 0.0303073767572641 0.027323117479682 0.0317250452935696 0.0194020513445139 0.022875901311636 0.028164803981781 0.00830953661352396 0.0111444983631372 0.00464478507637978 0.00806892476975918 0.00861578900367022 0.0129856783896685 0.0117411399260163 0.011842904612422 0.0127190509811044
0.0228959415107965 0.0230079162865877 0.0222635269165039 0.0246520861983299 0.026914719492197 0.0246770046651363 0.024828378111124 0.0271017532795668 0.0313435457646847 0.0313917435705662 0.0264460314065218 0.0277473889291286 0.0307962764054537 0.0218081772327423 0.0168549157679081 0.00966972392052412 0.00604280596598983 0.00886785238981247 0.0129612041637301 0.0170186180621386 0.01259436737746 0.0121790785342455 0.00852520018815994 0.00613675406202674 0.00592512730509043 0.00989317148923874 0.0349272228777409 0.0230950061231852 0.0251055788248777 0.013101676478982 0.0285238772630692 0.0227522253990173 0.0226918831467628 0.0276919845491648 0.00474342983216047 0.00896479655057192 0.00751383043825626 0.00774406641721725 0.0076710139401257 0.00981541909277439 0.0119404522702098 0.0130416369065642 0.0155421858653426
0.0234986152499914 0.0242895912379026 0.0224631335586309 0.022809311747551 0.022992767393589 0.0237943474203348 0.0240561291575432 0.0248431749641895 0.0295858215540647 0.0389110222458839 0.027342539280653 0.0274356715381145 0.0259400140494108 0.0277102459222078 0.0308338515460491 0.0153718022629619 0.00360064767301083 0.00621517701074481 0.0125466119498014 0.0157818458974361 0.0155923292040825 0.012181768193841 0.0066036987118423 0.00594074791297317 0.00603664526715875 0.00837390311062336 0.0200553275644779 0.0243200846016407 0.0208955388516188 0.0204148236662149 0.0199959762394428 0.00520846806466579 0.00484972633421421 0.0113193681463599 0.0284669958055019 0.0113107776269317 0.0105156088247895 0.00590995280072093 0.00762429647147655 0.00918761733919382 0.0115192150697112 0.013384266756475 0.0134511832147837
0.0238618664443493 0.0239680651575327 0.0248053483664989 0.0232473332434893 0.0229353811591864 0.0222885068506002 0.026583056896925 0.0316076166927814 0.0194919891655445 0.0168064311146736 0.0314053669571877 0.025232283398509 0.0261043403297663 0.0258271396160126 0.0267117880284786 0.029224120080471 0.0169045440852642 0.00633979588747025 0.00609815074130893 0.00906080659478903 0.0122133269906044 0.0114662796258926 0.00570819573476911 0.00361066497862339 0.00712447753176093 0.00895972549915314 0.00848682969808578 0.00508852442726493 0.00565920723602176 0.00601362064480782 0.00504143070429564 0.005989336874336 0.00545577937737107 0.00806328747421503 0.0374977625906467 0.0274287164211273 0.012237973511219 0.00460184691473842 0.00793785415589809 0.00802172161638737 0.00544405216351151 0.00866382289677858 0.00866031646728516
0.0241838842630386 0.0230001099407673 0.0233069453388453 0.0218056887388229 0.0217479057610035 0.0223815981298685 0.0233139097690582 0.0267015025019646 0.0274729635566473 0.0265117567032576 0.0251004789024591 0.0249571911990643 0.0255123656243086 0.0257548708468676 0.02666743285954 0.0183696839958429 0.0227235127240419 0.0105431014671922 0.00545707857236266 0.00609381590038538 0.0129818739369512 0.0114360200241208 0.00638257153332233 0.00638257153332233 0.00621525850147009 0.00871114898473024 0.00587435625493526 0.00896323472261429 0.00564361829310656 0.00588002754375338 0.00525956926867366 0.00902279652655125 0.00598265510052442 0.00841562636196613 0.0223932303488255 0.0244200751185417 0.025392098352313 0.0252902247011662 0.0113085508346558 0.00533775705844164 0.00832306407392025 0.00536029227077961 0.011983735486865
0.0242758747190237 0.0232750028371811 0.0233276374638081 0.0226731784641743 0.0223705433309078 0.0232393201440573 0.0239369496703148 0.0261242147535086 0.0260542277246714 0.0267527922987938 0.0308608431369066 0.0245843976736069 0.0208169743418694 0.0210223868489265 0.0266821589320898 0.0303542204201221 0.0291704293340445 0.017081618309021 0.017120847478509 0.00633159372955561 0.00627592438831925 0.0093822181224823 0.00610836315900087 0.00636192504316568 0.00355444941669703 0.0055262059904635 0.00597784901037812 0.00549964793026447 0.00895027909427881 0.00537233287468553 0.0088969599455595 0.00874799117445946 0.00893626734614372 0.00588177982717752 0.00542835053056479 0.00597884738817811 0.00821800157427788 0.0218342468142509 0.0262967329472303 0.0106875319033861 0.00852440390735865 0.0116222118958831 0.0129074715077877
0.0246487595140934 0.0195954032242298 0.0241711493581533 0.0241275690495968 0.0233437977731228 0.0248126033693552 0.0232164915651083 0.023231266066432 0.0302308220416307 0.030924366787076 0.0122954351827502 0.0194405764341354 0.0253212079405785 0.0113112898543477 0.0114118037745357 0.0277901422232389 0.0185506995767355 0.0192314181476831 0.0106066195294261 0.0035452910233289 0.00573095260187983 0.0110853733494878 0.00577565282583237 0.00673140212893486 0.00411421386525035 0.00598714966326952 0.00901186466217041 0.0113253770396113 0.0106582930311561 0.00571901118382812 0.00546474708244205 0.00555480411276221 0.00554972141981125 0.0082960557192564 0.00833179615437985 0.00541312480345368 0.00548344198614359 0.0079702865332365 0.00828769989311695 0.0195721704512835 0.0105122961103916 0.00852942559868097 0.00529498839750886
0.021044883877039 0.0260895062237978 0.019542159512639 0.0196943394839764 0.0241942442953587 0.0239193588495255 0.0243406649678946 0.0232120733708143 0.0264747757464647 0.015259638428688 0.0120782861486077 0.0115370359271765 0.0531600043177605 0.0184354912489653 0.0183575674891472 0.0186537839472294 0.0180334225296974 0.0167228747159243 0.0169082544744015 0.00568420672789216 0.00881387013942003 0.0115866437554359 0.00572079094126821 0.00395644409582019 0.00624888949096203 0.0056169624440372 0.00994993466883898 0.0120102139189839 0.00822021719068289 0.00554405152797699 0.0109325777739286 0.0109162852168083 0.00583319365978241 0.00594789581373334 0.00620222371071577 0.00542874215170741 0.00543657736852765 0.00499212881550193 0.00798868574202061 0.020656879991293 0.0181245431303978 0.00530951283872128 0.0049037872813642
0.0155875338241458 0.0137444911524653 0.0168841648846865 0.0260649435222149 0.0188593044877052 0.0191750638186932 0.0230609588325024 0.0251952968537807 0.0253247506916523 0.0258188676089048 0.0120600666850805 0.012153958901763 0.00555024249479175 0.0118748741224408 0.0107840988785028 0.0112285511568189 0.0106825195252895 0.00357831944711506 0.00647672731429338 0.00587782077491283 0.0128783658146858 0.0109132369980216 0.00641711987555027 0.00571096874773502 0.0113173117861152 0.0109336851164699 0.0151450000703335 0.0125981001183391 0.00861634127795696 0.0110491756349802 0.0123632354661822 0.00559976045042276 0.00580668030306697 0.00557809229940176 0.00548886228352785 0.00524453399702907 0.00535492831841111 0.00464183976873755 0.00438084825873375 0.0223062224686146 0.0198788847774267 0.00472507672384381 0.00553081789985299
0.0170912835747004 0.0176026597619057 0.0121254362165928 0.0286424532532692 0.0207021422684193 0.0177741851657629 0.0185196101665497 0.0265603419393301 0.0185255687683821 0.0253197811543942 0.0141706634312868 0.0154889207333326 0.0122931711375713 0.0109389442950487 0.00387777015566826 0.00661984691396356 0.00432412652298808 0.00352688226848841 0.00576327880844474 0.00367742450907826 0.00621420657262206 0.0120176412165165 0.00945965573191643 0.006102055311203 0.00627664476633072 0.0105442749336362 0.0146860955283046 0.0133699579164386 0.0144643699750304 0.011631716042757 0.0113750882446766 0.01105563249439 0.010145409964025 0.00577139900997281 0.0050471886061132 0.00541859958320856 0.00902252458035946 0.0055465754121542 0.00455887196585536 0.00554788764566183 0.00521569279953837 0.0118876816704869 0.0114329513162374
0.013030263595283 0.0130085702985525 0.0131434081122279 0.0146131683140993 0.0255785621702671 0.0204461999237537 0.0195726733654737 0.0198547523468733 0.0208820160478354 0.025210851803422 0.0206719767302275 0.0218790378421545 0.0378437452018261 0.0381693206727505 0.0284819100052118 0.00365252047777176 0.0531106777489185 0.0467867255210876 0.020063953474164 0.0204763878136873 0.0168267339468002 0.0158125255256891 0.0100285392254591 0.00952298287302256 0.00390554405748844 0.00622423365712166 0.00858420971781015 0.017380878329277 0.0142741985619068 0.0123771876096725 0.0179046411067247 0.0110576516017318 0.0104358019307256 0.00576067622750998 0.00935078505426645 0.00466333143413067 0.00466284714639187 0.00459101749584079 0.004623725079 0.00804283656179905 0.00842464528977871 0.0111778695136309 0.00831367447972298
