test/HelianthusTinyTest/pumilustiny_avg.asc
ncols  170
nrows  166
xllcorner  -106.083333333333
yllcorner  39.5916666666667
cellsize 0.00833333333332943
NODATA_value  -9999
[rows 0 to 18 of 166, columns 86 to 128 of 170]
0.75146484375 0.714852511882782 0.731923818588257 0.741431534290314 0.740171492099762 0.723671734333038 0.764229834079742 0.727443516254425 0.729413568973541 0.724577188491821 0.724467635154724 0.746573805809021 0.725936591625214 0.721715450286865 0.724413633346558 0.725354135036468 0.718278586864471 0.76571536064148 0.753587305545807 0.758037090301514 0.734142422676086 0.76152116060257 0.760658383369446 0.757950186729431 0.762248933315277 0.722672581672668 0.70992773771286 0.735877275466919 0.736656606197357 0.727401971817017 0.752570748329163 0.762160658836365 0.756955027580261 0.750948190689087 0.751195907592773 0.745308041572571 0.728755235671997 0.727498054504394 0.732895374298096 0.722852468490601 0.724947988986969 0.721877336502075 0.721225023269653
0.750705778598785 0.748513162136078 0.729203820228577 0.731717109680176 0.731628656387329 0.762024462223053 0.737170398235321 0.733474791049957 0.729392826557159 0.728801846504211 0.732732772827148 0.724471390247345 0.737145304679871 0.726329863071442 0.724125504493713 0.726799726486206 0.767685294151306 0.765415906906128 0.758146345615387 0.761050641536713 0.736214458942413 0.773024618625641 0.758161664009094 0.758573710918426 0.757993161678314 0.749917685985565 0.73964136838913 0.728639125823975 0.76151829957962 0.74848061800003 0.748710215091705 0.749932110309601 0.752509891986847 0.750669658184051 0.745028913021088 0.732180416584015 0.735048413276672 0.73175710439682 0.729481995105743 0.728589177131653 0.723138093948364 0.72662490606308 0.72789865732193
0.752690315246582 0.753457129001617 0.722868144512177 0.748490452766418 0.77003812789917 0.75002908706665 0.766214370727539 0.760549426078796 0.72779506444931 0.730299353599548 0.729203045368195 0.724465608596802 0.712485253810883 0.72499418258667 0.741748869419098 0.766865134239197 0.718181729316711 0.769887745380402 0.752912759780884 0.746275722980499 0.758550584316254 0.757559716701508 0.760285675525665 0.762240827083588 0.745998859405518 0.763478636741638 0.74991911649704 0.736099779605865 0.764551997184753 0.748367190361023 0.748475551605225 0.749617397785187 0.742249548435211 0.74129068851471 0.734325230121613 0.729511976242065 0.735323011875153 0.729194402694702 0.7295041680336 0.726310312747955 0.727392613887787 0.727944493293762 0.723713040351868
0.745978951454163 0.753552973270416 0.750944852828979 0.744657158851624 0.755312919616699 0.747032701969147 0.762856721878052 0.764380574226379 0.77119255065918 0.733469188213348 0.731493473052979 0.730144798755646 0.731164693832397 0.727466285228729 0.708244144916534 0.710139095783234 0.767145574092865 0.76520299911499 0.759419620037079 0.744724452495575 0.757979989051819 0.75688225030899 0.756250560283661 0.756847381591797 0.735845446586609 0.759440422058105 0.732304990291596 0.735877871513367 0.740613043308258 0.744019150733948 0.734065413475037 0.732968211174011 0.730739057064056 0.73623263835907 0.737252116203308 0.740116477012634 0.732321262359619 0.730258941650391 0.736772418022156 0.72632223367691 0.724809885025024 0.726116299629211 0.726519346237183
0.746050596237183 0.750643968582153 0.736644089221954 0.748064875602722 0.744283437728882 0.744898021221161 0.749210178852081 0.755277037620544 0.761545836925507 0.761210083961487 0.774047374725342 0.773316442966461 0.731412649154663 0.724457919597626 0.723926961421967 0.724427700042725 0.766756534576416 0.759711563587189 0.763438999652863 0.74492472410202 0.777135252952576 0.752827227115631 0.742417931556702 0.741424918174744 0.760331988334656 0.733611345291138 0.739321291446686 0.756881177425385 0.765638411045074 0.744899094104767 0.731045067310333 0.737539768218994 0.734545350074768 0.734917223453522 0.733372211456299 0.736879348754883 0.733002245426178 0.729030728340149 0.734064757823944 0.675296187400818 0.726713955402374 0.72596675157547 0.666987240314484
0.754358291625977 0.738321602344513 0.748096466064453 0.746119856834412 0.742896676063538 0.747193336486816 0.746432244777679 0.749391257762909 0.754056334495544 0.737116515636444 0.760572791099548 0.760805726051331 0.765861630439758 0.769746959209442 0.76786607503891 0.768876016139984 0.770531952381134 0.765701174736023 0.759748935699463 0.730941116809845 0.750731527805328 0.749361634254456 0.745438873767853 0.755336046218872 0.756554365158081 0.732862055301666 0.735462069511414 0.769012272357941 0.744199335575104 0.73475307226181 0.731477737426758 0.731789767742157 0.730539202690125 0.671253204345703 0.735189616680145 0.734085440635681 0.668519139289856 0.665020167827606 0.665889263153076 0.675845146179199 0.677774488925934 0.724205136299133 0.725249111652374
0.736616671085358 0.735445261001587 0.757069110870361 0.751260638237 0.747990489006042 0.740432262420654 0.748812556266785 0.747566282749176 0.743789076805115 0.743582904338837 0.754164636135101 0.738374471664429 0.738027989864349 0.762598931789398 0.767034292221069 0.771428227424622 0.77028626203537 0.737795472145081 0.757715106010437 0.75638997554779 0.744598090648651 0.746346473693848 0.742674827575684 0.748408675193787 0.756827056407928 0.732280969619751 0.751970589160919 0.757749795913696 0.733384311199188 0.727298438549042 0.732300817966461 0.730556786060333 0.676210820674896 0.673812985420227 0.660058856010437 0.666224360466003 0.667234003543854 0.659214973449707 0.668613255023956 0.668446898460388 0.65831333398819 0.674183070659638 0.724320590496063
0.755127489566803 0.756328642368317 0.750325977802277 0.747841954231262 0.754046857357025 0.749246418476105 0.74588280916214 0.749812483787537 0.745785474777222 0.744178891181946 0.743124783039093 0.743352293968201 0.73272716999054 0.749118030071258 0.73602283000946 0.774437606334686 0.753366708755493 0.766374886035919 0.745651423931122 0.746105849742889 0.759486675262451 0.760844349861145 0.744933247566223 0.747230768203735 0.739132642745972 0.725027203559875 0.75130021572113 0.749859392642975 0.728426396846771 0.677870512008667 0.679543077945709 0.674416959285736 0.676375687122345 0.666927874088287 0.66003692150116 0.659788548946381 0.654154181480408 0.670997440814972 0.658292710781097 0.670794248580933 0.670794248580933 0.667970657348633 0.634382843971252
0.743750214576721 0.753993928432465 0.754270374774933 0.748239517211914 0.75087583065033 0.749655246734619 0.750423192977905 0.74376368522644 0.743932843208313 0.741538465023041 0.733280181884766 0.744273066520691 0.736837983131409 0.738213837146759 0.737189173698425 0.73365318775177 0.758684098720551 0.760999858379364 0.770559251308441 0.742083251476288 0.731967091560364 0.755418419837952 0.756560504436493 0.711673140525818 0.709541201591492 0.735235393047333 0.750399351119995 0.74595320224762 0.735602617263794 0.730401754379272 0.676708042621613 0.676708042621613 0.667714059352875 0.679100275039673 0.680089950561523 0.67940229177475 0.678624510765076 0.659912109375 0.67165070772171 0.668290019035339 0.677510499954224 0.627154111862183 0.630588293075561
0.744048655033112 0.755264699459076 0.748662412166595 0.753122627735138 0.748876452445984 0.747789144515991 0.744244396686554 0.745193362236023 0.741537868976593 0.74241042137146 0.745273292064667 0.775784552097321 0.723459899425507 0.734428882598877 0.758508205413818 0.761879742145538 0.762125849723816 0.767856359481812 0.760787904262543 0.743947029113769 0.7455894947052 0.758532643318176 0.759353935718536 0.744606792926788 0.703562080860138 0.758658230304718 0.76754504442215 0.753989219665527 0.753100633621216 0.732901990413666 0.674995303153992 0.666087627410889 0.678798019886017 0.681168437004089 0.679856479167938 0.675434648990631 0.676449596881866 0.659575521945953 0.668458580970764 0.667051494121551 0.669915318489075 0.669747292995453 0.637323677539825
0.709569454193115 0.704769551753998 0.739208400249481 0.706689774990082 0.73613578081131 0.751976370811462 0.741240203380585 0.741582155227661 0.746900081634521 0.743680655956268 0.767312824726105 0.76779294013977 0.7806676030159 0.777637958526611 0.768375396728516 0.738588988780975 0.766668200492859 0.771534085273743 0.757779598236084 0.756389498710632 0.744779467582703 0.753849685192108 0.759669721126556 0.740769982337952 0.709721088409424 0.745136082172394 0.752148151397705 0.762207567691803 0.746380388736725 0.745810151100159 0.675296127796173 0.66595983505249 0.665896534919739 0.680073380470276 0.676700592041016 0.676337540149689 0.674966990947723 0.673003077507019 0.666497230529785 0.665457308292389 0.627712547779083 0.634575247764587 0.628721415996552
0.718522071838379 0.71093761920929 0.757593929767609 0.755820095539093 0.738679945468903 0.752817690372467 0.741300523281097 0.742800772190094 0.748074471950531 0.745086312294006 0.769985973834991 0.758484661579132 0.7587850689888 0.777010321617127 0.765154302120209 0.775080263614655 0.732495844364166 0.767466604709625 0.760762870311737 0.745709717273712 0.752636015415192 0.76190721988678 0.748045444488525 0.743083775043487 0.713142514228821 0.661306023597717 0.653380513191223 0.729596018791199 0.730944037437439 0.743023812770844 0.736469984054565 0.662049472332001 0.67950302362442 0.676866948604584 0.656891167163849 0.650057315826416 0.674814224243164 0.674087405204773 0.678802013397217 0.637531816959381 0.638829171657562 0.643639147281647 0.647905468940735
0.731699049472809 0.748421490192413 0.736019492149353 0.7369384765625 0.755951821804047 0.752257287502289 0.742970287799835 0.74556702375412 0.742826521396637 0.751823008060455 0.767300248146057 0.759895503520966 0.768866539001465 0.7666836977005 0.778814375400543 0.769797027111053 0.760398149490356 0.757289052009582 0.747105300426483 0.746465504169464 0.756062805652618 0.772904932498932 0.747939825057983 0.743287920951843 0.709472835063934 0.709148705005646 0.644702553749084 0.65550833940506 0.745571792125702 0.745629072189331 0.743322670459747 0.680662751197815 0.68040257692337 0.663498520851135 0.625535666942596 0.650838971138001 0.680338025093079 0.682797849178314 0.650264263153076 0.638992786407471 0.644105553627014 0.644976198673248 0.645879924297333
0.747775018215179 0.747388422489166 0.74741792678833 0.755151867866516 0.744266867637634 0.735595881938934 0.748591184616089 0.74602335691452 0.743334412574768 0.743897974491119 0.748028635978699 0.773857235908508 0.750488817691803 0.764391601085663 0.776203751564026 0.776187777519226 0.775132536888122 0.770676851272583 0.757240772247314 0.770563125610352 0.760469198226929 0.753124535083771 0.745049059391022 0.737615287303925 0.662449419498444 0.653207957744598 0.6542107462883 0.665042877197266 0.680482566356659 0.672867834568024 0.660561740398407 0.659884512424469 0.616191327571869 0.615469336509705 0.623407900333405 0.622983455657959 0.684567213058472 0.684567213058472 0.650234043598175 0.63701456785202 0.640920996665955 0.640939772129059 0.640610933303833
0.740189015865326 0.754224002361298 0.742784976959229 0.74967098236084 0.75450986623764 0.74138993024826 0.778439939022064 0.73887836933136 0.751544892787933 0.786181032657623 0.775433659553528 0.777372598648071 0.764094531536102 0.767834901809692 0.767705261707306 0.779299139976502 0.77530038356781 0.763890624046326 0.77803647518158 0.776143074035645 0.775745153427124 0.758695125579834 0.758650898933411 0.745412945747375 0.714942932128906 0.660786092281342 0.664849936962128 0.668286442756653 0.667397320270538 0.680602073669434 0.650858402252197 0.662709951400757 0.624177932739258 0.622987926006317 0.622482180595398 0.621534466743469 0.621722757816315 0.645604610443115 0.650270581245422 0.647407650947571 0.64592033624649 0.63689774274826 0.641337335109711
0.737306296825409 0.742602169513702 0.740499138832092 0.73842191696167 0.749738156795502 0.747822701931 0.75144362449646 0.771570861339569 0.745422780513763 0.772877931594849 0.778824985027313 0.777178883552551 0.75055730342865 0.750499606132507 0.768509209156036 0.76903110742569 0.770727634429932 0.775778770446777 0.761641263961792 0.774805009365082 0.757289946079254 0.755452513694763 0.758009433746338 0.728196918964386 0.716565370559692 0.665175020694733 0.745786845684051 0.749229848384857 0.670319378376007 0.630519568920136 0.631523072719574 0.619842171669006 0.658437550067902 0.618223607540131 0.619410932064056 0.619228482246399 0.616710305213928 0.620431482791901 0.647257149219513 0.645622730255127 0.636767983436584 0.639559626579285 0.634605824947357
0.754518747329712 0.751519024372101 0.75648307800293 0.744520485401154 0.750944793224335 0.744960486888886 0.740196168422699 0.749313175678253 0.776837706565857 0.761598110198975 0.763670325279236 0.735815763473511 0.734976947307587 0.769489943981171 0.752596795558929 0.759432137012482 0.767305493354797 0.770292162895203 0.760600566864014 0.752917468547821 0.754170417785645 0.741628289222717 0.75180172920227 0.716870844364166 0.740361571311951 0.712096095085144 0.745597839355469 0.722226321697235 0.654061913490295 0.659801363945007 0.651109635829926 0.660366594791412 0.623317956924439 0.619410932064056 0.618040800094605 0.62001496553421 0.615805149078369 0.621227562427521 0.647536039352417 0.635191798210144 0.630638957023621 0.636626064777374 0.631938993930817
0.720871984958649 0.719580709934235 0.704566061496735 0.752898931503296 0.742091655731201 0.736852824687958 0.749992787837982 0.775347411632538 0.772726356983185 0.74654746055603 0.761593878269196 0.74521017074585 0.744506061077118 0.72814416885376 0.76086699962616 0.763579249382019 0.76148647069931 0.751344323158264 0.75642728805542 0.751887857913971 0.750471234321594 0.738465011119843 0.75411468744278 0.752793252468109 0.748483300209045 0.745056927204132 0.739952981472015 0.683517038822174 0.68408876657486 0.678142428398132 0.693959891796112 0.626937210559845 0.619853794574738 0.619410932064056 0.629635453224182 0.62520694732666 0.616435110569 0.619977533817291 0.63929158449173 0.636347949504852 0.63653552532196 0.632243812084198 0.628106415271759
0.720412731170654 0.70971006155014 0.755761444568634 0.748269438743591 0.752631366252899 0.752873599529266 0.775371432304382 0.745561838150024 0.748962342739105 0.731452286243439 0.765917062759399 0.754215359687805 0.730338752269745 0.744472563266754 0.761432647705078 0.761474192142487 0.762062847614288 0.765009462833405 0.770614445209503 0.770146071910858 0.748101830482483 0.765683889389038 0.750897407531738 0.736448347568512 0.740471005439758 0.684969782829285 0.627317011356354 0.674107909202576 0.679094254970551 0.63303530216217 0.685688495635986 0.689926207065582 0.687008619308472 0.618362784385681 0.629643023014069 0.621431708335876 0.62106066942215 0.621534049510956 0.640930712223053 0.637231111526489 0.632284700870514 0.62231707572937 0.624543428421021
