test/HelianthusTinyTest/pumilustiny_avg.asc
ncols  170
nrows  166
xllcorner  -106.083333333333
yllcorner  39.5916666666667
cellsize 0.00833333333332943
NODATA_value  -9999
[rows 133 to 151 of 166, columns 0 to 42 of 170]
0.0170341581106186 0.0207014288753271 0.0077258930541575 0.0078070187009871 0.00922832358628511 0.0114884218201041 0.0100428620353341 0.0110867656767368 0.00461574224755168 0.00594730768352747 0.0111438985913992 0.00510124024003744 0.00405320292338729 0.00353044527582824 0.00370489549823105 0.00422570714727044 0.0104729505255818 0.00296637415885925 0.00655052065849304 0.0040272488258779 0.00839390233159065 0.00736937345936894 0.00560314254835248 0.00391764100641012 0.00686308648437262 0.00362131162546575 0.00268945726566017 0.00234396988525987 0.00241686240769923 0.00343143474310637 0.00636840565130115 0.00716249737888575 0.00649189902469516 0.00215865229256451 0.00352340540848672 0.00353420828469098 0.00358612812124193 0.00550379976630211 0.00392038002610207 0.00643528858199716 0.0130060305818915 0.00400353223085403 0.00643518008291721
0.0169939864426851 0.017538744956255 0.0180120039731264 0.0105304252356291 0.00976453628391027 0.00986756104975939 0.0098632900044322 0.00933962408453226 0.00919108837842941 0.00861536338925362 0.0067126452922821 0.00735038379207254 0.00395927019417286 0.00351030332967639 0.010575283318758 0.00346652395091951 0.00241979770362377 0.00655299425125122 0.00400545774027705 0.00626436155289412 0.00421105325222015 0.00861572939902544 0.00657813902944326 0.00266296928748488 0.00243302760645747 0.00497019290924072 0.00323396106250584 0.00357884611003101 0.00232611689716578 0.0036653692368418 0.00643015140667558 0.00785462372004986 0.00383558589965105 0.00302071659825742 0.00365601223893464 0.00353916129097342 0.00245459005236626 0.00360987754538655 0.00371490325778723 0.0117554813623428 0.010134220123291 0.00341634405776858 0.00601643091067672
0.00624272180721164 0.00683198310434818 0.0183445699512959 0.00892367027699947 0.00866051949560642 0.00965152401477098 0.0106758736073971 0.0114611191675067 0.00814550369977951 0.0051769008859992 0.00570917362347245 0.00316681899130344 0.00259280484169722 0.00416559306904674 0.010495375841856 0.00931514799594879 0.00910796597599983 0.00296727917157114 0.00392145616933703 0.00671175448223948 0.00911383423954248 0.00765441171824932 0.0035682781599462 0.00344130978919566 0.00820815563201904 0.00319106061942875 0.00898599997162819 0.00947435200214386 0.00264877802692354 0.00245679565705359 0.00635857693850994 0.00754485372453928 0.00510516809299588 0.00750090414658189 0.00233576935715973 0.0100283306092024 0.00786228012293577 0.00225895107723773 0.00374949281103909 0.0104330023750663 0.00433051865547895 0.00372249423526227 0.00553535996004939
0.00687305955216289 0.00790921598672867 0.0179366804659367 0.0211730673909187 0.0239166356623173 0.0116117503494024 0.00937964394688606 0.00509648490697145 0.00632591126486659 0.00639620842412114 0.00562460673972964 0.00687045510858297 0.0064854952506721 0.00336233712732792 0.00370419607497752 0.010537420399487 0.0074359574355185 0.00293095130473375 0.00661991350352764 0.00822542700916529 0.00960451457649469 0.00420576287433505 0.00684858066961169 0.00248770485632122 0.0118220699951053 0.0126670952886343 0.00945117603987455 0.00309077068232 0.00236973003484309 0.0033603054471314 0.00607688864693046 0.006757034920156 0.00544781610369682 0.00390925956889987 0.0101944953203201 0.00986523553729057 0.00244493363425136 0.00370379956439137 0.00354098319076002 0.011539707891643 0.00364462938159704 0.00238870992325246 0.00591073930263519
0.00794985797256231 0.00716576026752591 0.0242812484502792 0.0180514194071293 0.00812750402837992 0.0114131076261401 0.00769359339028597 0.00520527176558971 0.00584323098883033 0.0061641545034945 0.00548529112711549 0.00520556746050715 0.00549574568867683 0.00687154522165656 0.00350387557409704 0.0110015347599983 0.0038528935983777 0.00511901406571269 0.00500423554331064 0.00898116175085306 0.00373634020797908 0.00270375679247081 0.00554267456755042 0.00290657789446414 0.0107493931427598 0.0151015110313892 0.00367271737195551 0.00261192675679922 0.00345704844221473 0.00380931538529694 0.00659010978415608 0.00418117782101035 0.00253614643588662 0.00806549470871687 0.00966045819222927 0.00328007014468312 0.00480018462985754 0.00363566633313894 0.00475783320143819 0.00443133246153593 0.00337498728185892 0.0061367372982204 0.0111704878509045
0.008141347207129 0.00956381019204855 0.007337995339185 0.0217750947922468 0.0198211707174778 0.00922073982656002 0.00469804368913174 0.00754099059849977 0.00693295244127512 0.00712757045403123 0.00727124465629458 0.00431242492049932 0.00651596114039421 0.00595052866265178 0.00308075989596546 0.00827978644520044 0.00652395654469729 0.0064019626006484 0.00389810465276241 0.00647628679871559 0.00321152992546558 0.00353543623350561 0.002912278752774 0.00924582965672016 0.0100466161966324 0.0035735156852752 0.00243333447724581 0.00323868985287845 0.00496270600706339 0.00642056623473763 0.0045022452250123 0.00639250781387091 0.00233204709365964 0.0115490723401308 0.01022994145751 0.0028742216527462 0.00536097632721066 0.00348459696397185 0.00361373601481318 0.00376334716565907 0.00518633145838976 0.00268047023564577 0.0159856434911489
0.0107063502073288 0.010958556085825 0.00911263469606638 0.00789174064993858 0.0202067773789167 0.0202489662915468 0.0100780921056867 0.0097332326695323 0.00987140368670225 0.0088092191144824 0.00998468510806561 0.00891564600169659 0.00646875333040953 0.00599602004513144 0.00793089251965284 0.0074639436788857 0.00642471760511398 0.00370745337568223 0.00767030334100127 0.00528153358027339 0.00913013610988855 0.0125862238928676 0.0100517980754375 0.00913701672106981 0.00298071792349219 0.00238370685838163 0.00370601587928832 0.00369540718384087 0.00337679521180689 0.00225616409443319 0.00369695876725018 0.00338501366786659 0.00232613366097212 0.0102278301492333 0.00866894237697124 0.00211696838960052 0.00350628374144435 0.00372234429232776 0.00605375645682216 0.00542074721306562 0.00717836897820234 0.0161933302879334 0.015585626475513
0.00747847137972713 0.00979347992688417 0.0108522260561585 0.00988644454628229 0.00861753430217505 0.0202562976628542 0.0219913497567177 0.0070030246861279 0.00804283190518618 0.00992168392986059 0.00749612972140312 0.00656956993043423 0.00657563610002398 0.00655020913109183 0.00858961138874292 0.00710473582148552 0.00617805495858192 0.00582347065210342 0.00513528380542994 0.00323427561670542 0.010151406750083 0.00840411800891161 0.00984999444335699 0.00858351960778236 0.00679066311568022 0.00263238744810224 0.00267085176892579 0.00720704300329089 0.00917528569698334 0.00277895363979042 0.00351398484781384 0.00354465073905885 0.00340044591575861 0.0115504190325737 0.0115809459239244 0.00816662982106209 0.0023148525506258 0.00355139677412808 0.00812979601323605 0.0129295978695154 0.0161987375468016 0.0205134376883507 0.0175281912088394
0.00795706734061241 0.00688025867566466 0.00752984127029777 0.00940317008644342 0.0119430655613542 0.0225003343075514 0.0214749202132225 0.0221169777214527 0.00971866771578789 0.00511210272088647 0.00630439631640911 0.00582693377509713 0.00669901724904776 0.00711372913792729 0.0065335868857801 0.00613344553858042 0.00663019670173526 0.00927049107849598 0.00647270865738392 0.0116670597344637 0.00954852346330881 0.00304496358148754 0.00252869189716876 0.0163952074944973 0.009519605897367 0.00919976178556681 0.00905962567776442 0.0161021109670401 0.00922254379838705 0.00274320715107024 0.0022745868191123 0.00292847282253206 0.01120566111058 0.00790697056800127 0.00838985107839107 0.00227089622057974 0.00205257046036422 0.008008380420506 0.0104786595329642 0.00846338644623756 0.0145531501621008 0.00958424620330334 0.00788544211536646
0.0104398494586349 0.00932350195944309 0.00667759962379932 0.009193304926157 0.00882108137011528 0.0266450978815556 0.00909624993801117 0.0230865571647882 0.00769352307543159 0.00865947734564543 0.010309673845768 0.00804721936583519 0.00626027537509799 0.00613669259473681 0.0060819024220109 0.00351198250427842 0.00930243451148272 0.00635633105412126 0.00369485560804606 0.00655030459165573 0.00586351845413446 0.00385381071828306 0.00741643458604813 0.0121820857748389 0.00887330621480942 0.00616090977564454 0.00238367589190602 0.0142792779952288 0.0121598560363054 0.011112529784441 0.0027412292547524 0.0111548053100705 0.00998765416443348 0.00903232675045729 0.00528046116232872 0.00347898551262915 0.00340719614177942 0.00660862261429429 0.00809412263333798 0.00540967471897602 0.00975875370204449 0.00722858775407076 0.00549245392903686
0.00604089023545384 0.00796442944556475 0.00574141461402178 0.00528394570574164 0.0108222765848041 0.0253866761922836 0.011590470559895 0.00863594282418489 0.0091597568243742 0.0257858857512474 0.00763042457401752 0.00982430949807167 0.0106492405757308 0.0089089646935463 0.00979751907289028 0.00827354285866022 0.010135643184185 0.00916978809982538 0.00894121825695038 0.0093251084908843 0.00579922273755074 0.00840084347873926 0.0103860609233379 0.0113500747829676 0.00691388454288244 0.00526558933779597 0.00347179430536926 0.00505418982356787 0.00723884301260114 0.00224600802175701 0.00216081878170371 0.00209205271676183 0.00218657031655312 0.00349882594309747 0.00394643843173981 0.00775294518098235 0.00753327831625938 0.00349493604153395 0.00342948012985289 0.0034517755266279 0.00588679779320955 0.00711372401565313 0.00538057368248701
0.0111912935972214 0.00572247104719281 0.00547985034063458 0.00998424738645554 0.011263963766396 0.00775001803413033 0.00993665773421526 0.00509562715888023 0.0054238997399807 0.0087931789457798 0.0101839154958725 0.0100737027823925 0.00892818812280893 0.00702526047825813 0.0110834734514356 0.0074734091758728 0.00582997873425484 0.00776357669383287 0.00377400196157396 0.00787730142474174 0.00449186516925693 0.00356151978485286 0.00841445010155439 0.011916920542717 0.0076705664396286 0.00565267400816083 0.00320838438346982 0.00680998945608735 0.0062131118029356 0.00626101111993194 0.00754289422184229 0.00370998261496425 0.00780108524486423 0.0071544935926795 0.00807380862534046 0.00431291107088327 0.00382540351711214 0.00655223522335291 0.0112261027097702 0.00747243314981461 0.00257155625149608 0.00380978616885841 0.00344160594977438
0.0136157916858792 0.00710273114964366 0.00992139894515276 0.00710540544241667 0.0100242961198092 0.00844106916338205 0.0106068914756179 0.00673595303669572 0.00732716964557767 0.00932170078158379 0.00876539852470159 0.00558810262009501 0.00600981200113893 0.00566026009619236 0.00381053402088583 0.00613559084013104 0.00777825806289911 0.00640694703906775 0.00648596836254001 0.00708154728636146 0.0035800407640636 0.00345881911925972 0.00609930977225304 0.00888954009860754 0.0119307292625308 0.00725787691771984 0.00502562522888184 0.00588726531714201 0.00645945826545358 0.00664472952485085 0.00346162845380604 0.00394503911957145 0.00352924154140055 0.00869334395974874 0.00555006414651871 0.00229515857063234 0.00564695475623012 0.00578486733138561 0.0035357610322535 0.00401659682393074 0.012371463701129 0.0103049948811531 0.00939177628606558
0.0103258555755019 0.00757416989654303 0.0081509817391634 0.00750253489241004 0.00927428994327784 0.00846810359507799 0.00909523386508226 0.00546482065692544 0.00704735098406673 0.00659758457913995 0.00786653719842434 0.00672868965193629 0.00618945946916938 0.00704457378014922 0.00630086706951261 0.00642251502722502 0.00708864536136389 0.00700706103816628 0.00544174760580063 0.00907099805772305 0.00652457866817713 0.00624278001487255 0.00637338776141405 0.0114770224317908 0.0119303790852427 0.00852464511990547 0.00645982101559639 0.00953780487179756 0.00661297328770161 0.00604748725891113 0.00650719320401549 0.00356478407047689 0.00649680243805051 0.0125515097752213 0.0086820712313056 0.0115228984504938 0.0136453621089458 0.0152099905535579 0.0105575378984213 0.00588759128004313 0.00375708565115929 0.00342460605315864 0.00658840965479612
0.0101674580946565 0.00759861478582025 0.00698401825502515 0.00595745956525207 0.0099335340783 0.00949611514806747 0.0107713658362627 0.00937390048056841 0.00705598620697856 0.00705598620697856 0.00546417431905866 0.00728967366740108 0.00380996242165566 0.0067555564455688 0.00965482369065285 0.00763819925487042 0.00622324924916029 0.00697509478777647 0.0144841754809022 0.0123542221263051 0.00629025651142001 0.00354777183383703 0.00606182916089892 0.0109958499670029 0.017859760671854 0.00870973989367485 0.00656669866293669 0.0057151741348207 0.00354299088940024 0.00614124396815896 0.0057798195630312 0.00328425667248666 0.00691805826500058 0.0254169292747974 0.0199698768556118 0.0233237724751234 0.0135366190224886 0.00845063105225563 0.00687167793512344 0.00681782653555274 0.00508421147242188 0.00366828776896 0.00364934583194554
0.0111931702122092 0.00658817496150732 0.00944364443421364 0.00763700297102332 0.00576308416202664 0.00686574215069413 0.00950925424695015 0.0101783564314246 0.00679104635491967 0.00722808577120304 0.00626828661188483 0.00550725357607007 0.00542856100946665 0.00695674680173397 0.00888901483267546 0.00670846132561564 0.0056335860863328 0.0061263213865459 0.0114935468882322 0.0081421947106719 0.00340559985488653 0.0076027549803257 0.00772865256294608 0.011709320358932 0.0173989553004503 0.00892374478280544 0.00496179843321443 0.00504210451617837 0.00730201415717602 0.0140000907704234 0.0086733615025878 0.00619781762361527 0.00888051651418209 0.0203262437134981 0.0151953333988786 0.00828082952648401 0.00713332602754235 0.00712732831016183 0.0034754250664264 0.0033158955629915 0.00355408573523164 0.00335545837879181 0.00328748254105449
0.0101830335333943 0.00726435473188758 0.0084619652479887 0.00761822564527392 0.00670850649476051 0.00696106441318989 0.0100836325436831 0.0120262643322349 0.00640737218782306 0.0089475829154253 0.00662749679759145 0.00596609991043806 0.00655798893421888 0.00711676571518183 0.00993251334875822 0.007596455514431 0.00670257210731506 0.00974382925778627 0.00894425064325333 0.00597027083858848 0.00957752671092749 0.0294906944036484 0.0161295589059591 0.0149724520742893 0.00710658589377999 0.00638322439044714 0.00511717749759555 0.00679872604086995 0.0142289791256189 0.0180878229439259 0.00811612419784069 0.00934089068323374 0.0090464549139142 0.0180823691189289 0.0119240330532193 0.00719120074063539 0.00586631894111633 0.0033847929444164 0.00627107685431838 0.00554345129057765 0.00356882833875716 0.00354496412910521 0.00328126340173185
0.0098606375977397 0.00710880570113659 0.0080797029659152 0.0110606392845511 0.00804748013615608 0.00690952688455582 0.00636191898956895 0.00944409985095262 0.00982211902737618 0.00627163145691156 0.00641543604433537 0.00637749210000038 0.00674532260745764 0.00637747580185533 0.00694287149235606 0.00948412995785475 0.00670488970354199 0.00763658992946148 0.0112205408513546 0.00723799737170339 0.0155675886198878 0.00972458533942699 0.00910662673413753 0.00733289076015353 0.00614673271775246 0.00559544563293457 0.010278532281518 0.0116364322602749 0.00952653121203184 0.00729241129010916 0.0174895860254765 0.0235026180744171 0.0181064549833536 0.0203233156353235 0.0181819014251232 0.0122743491083384 0.0100790075957775 0.011936872266233 0.0119269536808133 0.0104569029062986 0.00900900270789862 0.0064446204341948 0.00707852095365524
0.0112302917987108 0.0100626507773995 0.00655583757907152 0.00658024288713932 0.00816605519503355 0.00810497719794512 0.0057211359962821 0.00482491916045547 0.00907185953110456 0.00913650169968605 0.00905624311417341 0.00545311439782381 0.00653205160051584 0.0055340426042676 0.00645326031371951 0.00609588855877519 0.00503541389480233 0.00566189410164952 0.00750230392441154 0.0146338697522879 0.00953860674053431 0.0147489160299301 0.0100439889356494 0.00864045135676861 0.0100421905517578 0.00637446530163288 0.00510938884690404 0.00615749135613441 0.00680879037827253 0.00580702070146799 0.00939561799168587 0.015816118568182 0.0152207734063268 0.0118956547230482 0.0152344889938831 0.0116856209933758 0.00750941736623645 0.0111519377678633 0.0125760454684496 0.00839992612600327 0.00707939360290766 0.0105896545574069 0.00967049319297075
