test/HelianthusTinyTest/pumilustiny_avg.asc
ncols  170
nrows  166
xllcorner  -106.083333333333
yllcorner  39.5916666666667
cellsize 0.00833333333332943
NODATA_value  -9999
[rows 76 to 94 of 166, columns 43 to 85 of 170]
0.00964064430445433 0.00933090690523386 0.00919826980680227 0.00480206916108727 0.00777662266045809 0.0123358424752951 0.00492024002596736 0.00429536681622267 0.004713065456599 0.00758177787065506 0.0502976588904858 0.0423232801258564 0.043324064463377 0.352525949478149 0.401823282241821 0.37332621216774 0.417405366897583 0.62824136018753 0.648082315921783 0.639696657657623 0.424899727106094 0.0571818090975285 0.411263763904572 0.660449802875519 0.68569016456604 0.486390918493271 0.533618688583374 0.421059668064117 0.213357046246529 0.222855627536774 0.391625106334686 0.426514118909836 0.362318634986877 0.41503381729126 0.536651849746704 0.563254237174988 0.409106999635696 0.165989026427269 0.133782640099525 0.150309503078461 0.338030964136124 0.370165169239044 0.388523131608963
0.0143599864095449 0.0168500244617462 0.0159406680613756 0.011679713614285 0.00817202497273684 0.00798814091831446 0.00815315824002028 0.00789871718734503 0.00758373737335205 0.00560044450685382 0.00751801766455174 0.0514224581420422 0.0502013191580772 0.0431771241128445 0.173608615994453 0.351537853479385 0.213414832949638 0.656587779521942 0.613567590713501 0.616820096969604 0.669854760169983 0.177147269248962 0.195208370685577 0.656438648700714 0.558160960674286 0.457856744527817 0.454393982887268 0.386121809482574 0.504079878330231 0.318649172782898 0.205925762653351 0.237243071198463 0.34677317738533 0.364423930644989 0.536611378192902 0.568534255027771 0.407546728849411 0.33630695939064 0.329026848077774 0.371783047914505 0.416112720966339 0.415790468454361 0.547920644283295
0.0161754880100489 0.0176454391330481 0.0185316652059555 0.0183077454566956 0.00498322350904346 0.00505936285480857 0.00507857371121645 0.00787400919944048 0.00417247228324413 0.00591718917712569 0.00720808608457446 0.0492460131645203 0.0470038503408432 0.0519339069724083 0.206392824649811 0.206752583384514 0.176803201436996 0.36984258890152 0.386350154876709 0.190218225121498 0.409394890069962 0.20741480588913 0.0571725331246853 0.666290283203125 0.650018215179443 0.621755361557007 0.430335491895676 0.624129116535187 0.431511759757996 0.222193047404289 0.0305107720196247 0.237534001469612 0.237521156668663 0.324460238218308 0.334200292825699 0.369060695171356 0.562340199947357 0.534140646457672 0.551815688610077 0.346632540225983 0.410702049732208 0.39805144071579 0.40365993976593
0.0156580582261086 0.0113466000184417 0.0185249410569668 0.0136023741215467 0.0137759475037456 0.0148096010088921 0.00856816675513983 0.00805488787591457 0.00461592525243759 0.0196096710860729 0.0486849546432495 0.0473081059753895 0.0454402975738049 0.0462556853890419 0.0448163785040379 0.0461408123373985 0.0545185692608356 0.0502360612154007 0.0350619032979012 0.046801645308733 0.0519085600972176 0.203688159584999 0.0511942319571972 0.432996064424515 0.208482936024666 0.0200935695320368 0.0102675743401051 0.0653902292251587 0.208519011735916 0.209890067577362 0.00789676792919636 0.02934062294662 0.23534794151783 0.256130337715149 0.181899651885033 0.324032187461853 0.391040742397308 0.562310218811035 0.537808775901794 0.589444041252136 0.423264533281326 0.369285762310028 0.30082643032074
0.00551303289830685 0.0113667147234082 0.0168348401784897 0.0177683550864458 0.0204036608338356 0.0161828026175499 0.00515651982277632 0.00764011731371284 0.00463433004915714 0.0138783464208245 0.0442150868475437 0.0520624108612537 0.00553700048476458 0.00759275211021304 0.00589957879856229 0.0101271858438849 0.00549910217523575 0.00934318825602531 0.00238019810058177 0.00162646919488907 0.0493676923215389 0.052840743213892 0.0586880929768086 0.00960263796150684 0.00149957276880741 0.00162973033729941 0.00211790739558637 0.0662100315093994 0.258968830108643 0.00734525127336383 0.0303397960960865 0.0358582325279713 0.233202889561653 0.260629564523697 0.189391195774078 0.312615245580673 0.151965662837029 0.313513964414597 0.363413363695145 0.567542672157288 0.610763370990753 0.551091492176056 0.403665035963058
0.00505071599036455 0.0115393334999681 0.0141778467223048 0.015634236857295 0.0166506450623274 0.0098991421982646 0.0111236749216914 0.00865866150707006 0.00800142623484135 0.0045077851973474 0.00400953227654099 0.00734386779367924 0.00474507594481111 0.00645023863762617 0.00482749659568071 0.00724217155948281 0.00685819005593657 0.00425738655030727 0.00234035635367036 0.00218818988651037 0.00505716633051634 0.048395860940218 0.0219440888613462 0.00143725413363427 0.00354958930984139 0.00215443759225309 0.00171267089899629 0.0670369639992714 0.0537381395697594 0.0732570290565491 0.198860198259354 0.222494572401047 0.386030554771423 0.222283110022545 0.257957190275192 0.151881709694862 0.0822270214557648 0.139109402894974 0.152156487107277 0.354460209608078 0.535189509391785 0.794588506221771 0.547792017459869
0.00519916461780667 0.0117119196802378 0.00785150565207005 0.0115154972299933 0.0164898242801428 0.013472855091095 0.00732167018577457 0.00705491192638874 0.0103790741413832 0.0107077304273844 0.00469166878610849 0.00947285629808903 0.00694145075976849 0.00709412340074778 0.0112550808116794 0.0142020545899868 0.0107061294838786 0.00401680450886488 0.00216278317384422 0.00323570822365582 0.0435979068279266 0.0519517511129379 0.03419204428792 0.0012232045410201 0.00435460265725851 0.00413544569164515 0.00149818940553814 0.14637690782547 0.214496746659279 0.239532068371773 0.389508128166199 0.407592386007309 0.42970997095108 0.44122576713562 0.363558679819107 0.347967684268951 0.154304265975952 0.0818093940615654 0.173774421215057 0.380406141281128 0.517384588718414 0.798098504543304 0.791743218898773
0.0132756745442748 0.00513880373910069 0.00959435291588306 0.0151972658932209 0.0170339196920395 0.0182045977562666 0.0113754170015454 0.0121052535250783 0.0201412346214056 0.0109418909996748 0.00758826220408082 0.0107470508664846 0.0119492802768946 0.0108073577284813 0.0135064693167806 0.0161393266171217 0.0105845974758267 0.00599893601611257 0.00273675541393459 0.00591450836509466 0.0485129542648792 0.0552358776330948 0.200111851096153 0.010079650208354 0.00223529664799571 0.00429083686321974 0.0013987043639645 0.0232782009989023 0.193777456879616 0.418175220489502 0.408364921808243 0.354334712028503 0.376736283302307 0.442137390375137 0.457870572805405 0.376897215843201 0.310168921947479 0.176384538412094 0.342974424362183 0.559331297874451 0.761729419231415 0.761595845222473 0.796805799007416
0.00715219834819436 0.0120839448645711 0.0113942548632622 0.0133419102057815 0.0208332668989897 0.0201047118753195 0.0164434686303139 0.0192884467542171 0.0156209347769618 0.0106436489149928 0.00738630257546902 0.0124906608834863 0.0185387376695871 0.0214052945375442 0.0160764455795288 0.0117585938423872 0.00982780568301678 0.00537019036710262 0.0040859398432076 0.00181349331978709 0.0444496721029282 0.0551214702427387 0.200384691357613 0.0547381117939949 0.00285554421134293 0.0021303235553205 0.00145436218008399 0.00545694679021835 0.0216583609580994 0.196334958076477 0.432119280099869 0.371476650238037 0.443912982940674 0.408280551433563 0.424938231706619 0.567227482795715 0.41204446554184 0.528005719184876 0.565433740615845 0.76301234960556 0.558610022068024 0.571048259735107 0.762727320194244
0.00722390878945589 0.00723804859444499 0.0115938056260347 0.00485119083896279 0.0120034916326404 0.021077448502183 0.0238320585340261 0.0256855934858322 0.0198868475854397 0.012186337262392 0.00990842562168837 0.0126979686319828 0.0263635572046042 0.0225571747869253 0.0156404841691256 0.0121409427374601 0.00974041502922773 0.00361500517465174 0.00417210347950458 0.00131982436869293 0.0233254190534353 0.0516372434794903 0.207510277628899 0.224716529250145 0.199820250272751 0.00678818486630917 0.00141976063605398 0.00684194220229983 0.00530052278190851 0.235798642039299 0.453182101249695 0.448731243610382 0.430560797452927 0.501255869865417 0.422912001609802 0.5706707239151 0.560660302639008 0.538498818874359 0.542339682579041 0.543219566345215 0.434034168720245 0.509781122207642 0.564973592758179
0.00477574439719319 0.0051407627761364 0.00748835178092122 0.00797150190919638 0.00776527635753155 0.00527807045727968 0.00945227965712547 0.010990041308105 0.0151766613125801 0.0161476861685514 0.015517121180892 0.0162732005119324 0.0186518654227257 0.0112669346854091 0.0145187070593238 0.0190834365785122 0.0144354235380888 0.0105892727151513 0.00411493005231023 0.00603773398324847 0.0496490970253944 0.0513874478638172 0.231808260083199 0.224841356277466 0.403379619121551 0.21712838113308 0.089560441672802 0.0358100682497025 0.194847375154495 0.337230265140533 0.419737428426743 0.477489680051804 0.543374419212341 0.404290467500687 0.530656576156616 0.383099049329758 0.451847583055496 0.50076287984848 0.50446093082428 0.560349464416504 0.330739855766296 0.394237905740738 0.527080118656158
0.0136830369010568 0.0118072563782334 0.0119237694889307 0.00930530484765768 0.00511561566963792 0.0162603184580803 0.0134209571406245 0.014947734773159 0.0159767605364323 0.0143540007993579 0.025012182071805 0.021142078563571 0.0158731043338776 0.0200973004102707 0.0192199498414993 0.021013431251049 0.0143968444317579 0.00388333131559193 0.00236630579456687 0.0526284538209438 0.0479233451187611 0.0749495252966881 0.228202149271965 0.404320776462555 0.645875513553619 0.666313171386719 0.374267220497131 0.374641895294189 0.102784931659698 0.641085207462311 0.419608324766159 0.459884941577911 0.455879956483841 0.432759791612625 0.317910611629486 0.31767937541008 0.385154008865356 0.534486591815948 0.494447022676468 0.51909351348877 0.368852496147156 0.527746140956879 0.544069409370422
0.00900378730148077 0.0123106492683291 0.013665122911334 0.00949665904045105 0.0124405333772302 0.0197545345872641 0.0301770605146885 0.0197531674057245 0.0109616853296757 0.0107063613831997 0.0105987396091223 0.0157123059034348 0.00971365533769131 0.0122194709256291 0.0121095012873411 0.013543201610446 0.0135005004703999 0.0107191521674395 0.00436089187860489 0.00181535736192018 0.0500971078872681 0.05449603125453 0.234629392623901 0.397729992866516 0.642227113246918 0.65733003616333 0.619509816169739 0.665479302406311 0.382155269384384 0.229869991540909 0.414993345737457 0.430935591459274 0.432511359453201 0.405148267745972 0.311869651079178 0.372162759304047 0.406302899122238 0.599149227142334 0.58007687330246 0.76250147819519 0.766660690307617 0.750407576560974 0.747780680656433
0.00528568075969815 0.00513989664614201 0.00491025950759649 0.00899599306285381 0.00980448257178068 0.0157193914055824 0.0174249485135078 0.0122404238209128 0.0109569150954485 0.00901644676923752 0.00922361295670271 0.0102479737251997 0.0105842361226678 0.00744653213769197 0.00382579769939184 0.00402616383507848 0.0101045072078705 0.00506057031452656 0.00227218540385365 0.001200528931804 0.00588640244677663 0.0517800264060497 0.226499438285828 0.41972553730011 0.391107499599457 0.349786072969437 0.653934359550476 0.640963196754456 0.649340033531189 0.391281515359879 0.59466165304184 0.409438610076904 0.169234186410904 0.39903911948204 0.346206992864609 0.371093899011612 0.502108037471771 0.763479173183441 0.760006308555603 0.74810391664505 0.752259373664856 0.752850115299225 0.759057462215424
0.0092258844524622 0.00936683733016253 0.0047093229368329 0.00466697756201029 0.00785603281110525 0.00527377519756556 0.0146786216646433 0.0122091146185994 0.011229851283133 0.0078699141740799 0.00789892766624689 0.00485365511849523 0.0105004608631134 0.0104034319519997 0.00709082325920463 0.0039414819329977 0.00368179474025965 0.00132825050968677 0.00124748272355646 0.00120525422971696 0.0503502190113068 0.0734574869275093 0.648921370506287 0.655509233474731 0.680010259151459 0.405371427536011 0.653920948505402 0.429592788219452 0.642783761024475 0.435666978359222 0.433331698179245 0.682978987693787 0.410769283771515 0.417505919933319 0.566029965877533 0.364182263612747 0.595518410205841 0.7632856965065 0.762391269207001 0.739744305610657 0.72769957780838 0.727445244789124 0.751346945762634
0.0096578411757946 0.0115146236494184 0.013145967386663 0.0120950182899833 0.0108687411993742 0.00956660974770784 0.0148534290492535 0.0111333355307579 0.00939414743334055 0.00489793810993433 0.00764484098181128 0.00244236597791314 0.00375803234055638 0.00409947894513607 0.0036808573640883 0.00365877547301352 0.00120236992370337 0.00329474150203168 0.00907755922526121 0.381801038980484 0.386832803487778 0.446087718009949 0.649021685123444 0.420660763978958 0.653857350349426 0.652146339416504 0.653738141059875 0.628265917301178 0.715687572956085 0.709834575653076 0.700091063976288 0.501763105392456 0.771849691867828 0.524091005325317 0.738775551319122 0.757656574249268 0.566653788089752 0.759274899959564 0.667941153049469 0.752939820289612 0.737810671329498 0.751997113227844 0.737704217433929
0.00496434047818184 0.00911388173699379 0.0123008964583278 0.013003128580749 0.0170978736132383 0.0162891000509262 0.0196566451340914 0.0182468462735414 0.0130869401618838 0.0111417220905423 0.00486670294776559 0.00404842244461179 0.0021921235602349 0.00618106545880437 0.0128101641312242 0.014123136177659 0.0243797935545444 0.0491357147693634 0.0485417246818542 0.0483982376754284 0.0455447547137737 0.210756123065948 0.229010820388794 0.437709897756577 0.653762876987457 0.651854395866394 0.614738821983337 0.614330887794495 0.413681924343109 0.292706191539764 0.338931083679199 0.620371699333191 0.440652847290039 0.418930023908615 0.588300228118897 0.462956577539444 0.745380520820618 0.761861264705658 0.753929555416107 0.762789249420166 0.769376635551453 0.766800940036774 0.756229817867279
0.00719755981117487 0.0055102314800024 0.00770603679120541 0.0107194473966956 0.0121318660676479 0.0146528789773583 0.0149268796667457 0.013506100513041 0.0110436584800482 0.00754614220932126 0.00788098853081465 0.00246463785879314 0.00408573355525732 0.00397953717038035 0.00162081886082888 0.0496494770050049 0.0502897202968597 0.0493240281939507 0.00129766552709043 0.0013880617916584 0.0115027623251081 0.0475442111492157 0.212318375706673 0.373236864805222 0.434157609939575 0.65559983253479 0.637536883354187 0.385526806116104 0.383511930704117 0.409605741500854 0.0237436834722757 0.195055648684502 0.198656037449837 0.429303795099258 0.417614787817001 0.58288586139679 0.747113764286041 0.746388137340546 0.586800158023834 0.508167266845703 0.414906293153763 0.476804792881012 0.50240170955658
0.00767431454733014 0.00534964306280017 0.00485237734392285 0.00915359985083342 0.00825362280011177 0.0139665985479951 0.0137909566983581 0.0118038188666105 0.00790785811841488 0.0118499882519245 0.0111933993175626 0.00978569779545069 0.00505641521885991 0.00453535187989473 0.00375837343744934 0.00225100549869239 0.00141177617479116 0.00380014185793698 0.00389333581551909 0.00420765485614538 0.00127548084128648 0.0261027980595827 0.0466970764100552 0.39348378777504 0.650303304195404 0.659112930297852 0.607857346534729 0.634906470775604 0.657065451145172 0.670717835426331 0.402613312005997 0.453538566827774 0.465177059173584 0.46468511223793 0.609083592891693 0.583408534526825 0.587476253509522 0.586649715900421 0.434841752052307 0.396823465824127 0.367260754108429 0.371687710285187 0.50629711151123
